0	-8.6233e-05	-0.00034419	-0.000772083	-0.00136706	-0.00212497	-0.00304078	-0.00410847	-0.00532104	-0.00667086	-0.00814962	-0.00974843	-0.0114578	-0.0132682	-0.0151695	-0.0171516	-0.019204	-0.0213164	-0.0234781	-0.0256786	-0.0279069	-0.0301524	-0.032404	-0.0346504	-0.0368804	-0.039082	-0.0412435	-0.0433525	-0.0453963	-0.0473619	-0.0492362	-0.0510056	-0.0526563	-0.0541746	-0.0555469	-0.0567595	-0.0577993	-0.0586535	-0.0593101	-0.0597581	-0.0599874	-0.0599892	-0.0597562	-0.0592824	-0.0585638	-0.0575979	-0.0563842	-0.054924	-0.0532204	-0.0512781	-0.0491036	-0.0467049	-0.0440912	-0.0412728	-0.0382608	-0.0350671	-0.0317036	-0.0281823	-0.024515	-0.0207128	-0.0167861	-0.0127441	-0.00859498	-0.00434525	0	0.00434525	0.00859498	0.0127441	0.0167861	0.0207128	0.024515	0.0281823	0.0317036	0.0350671	0.0382608	0.0412728	0.0440912	0.0467049	0.0491036	0.0512781	0.0532204	0.054924	0.0563842	0.0575979	0.0585638	0.0592824	0.0597562	0.0599892	0.0599874	0.0597581	0.0593101	0.0586535	0.0577993	0.0567595	0.0555469	0.0541746	0.0526563	0.0510056	0.0492362	0.0473619	0.0453963	0.0433525	0.0412435	0.039082	0.0368804	0.0346504	0.032404	0.0301524	0.0279069	0.0256786	0.0234781	0.0213164	0.019204	0.0171516	0.0151695	0.0132682	0.0114578	0.00974843	0.00814962	0.00667086	0.00532104	0.00410847	0.00304078	0.00212497	0.00136706	0.000772083	0.00034419	8.6233e-05	0	



2.04079e-07	-0.00110173	-0.00231334	-0.00365976	-0.00514462	-0.00676432	-0.00851224	-0.0103801	-0.0123584	-0.0144371	-0.0166058	-0.0188537	-0.02117	-0.0235441	-0.0259657	-0.0284245	-0.0309107	-0.0334148	-0.0359274	-0.0384396	-0.0409424	-0.043427	-0.0458845	-0.0483056	-0.0506811	-0.0530013	-0.0552559	-0.0574343	-0.0595253	-0.0615171	-0.0633976	-0.065154	-0.066773	-0.0682414	-0.0695453	-0.0706712	-0.0716053	-0.0723346	-0.0728462	-0.073128	-0.0731689	-0.0729589	-0.0724892	-0.0717525	-0.0707432	-0.0694575	-0.0678934	-0.0660508	-0.0639316	-0.0615397	-0.058881	-0.0559629	-0.0527947	-0.0493872	-0.0457523	-0.0419032	-0.0378535	-0.0336177	-0.0292103	-0.024646	-0.0199394	-0.0151048	-0.0101573	-0.00511395	-1.07108e-06	0.00511182	0.0101552	0.0151028	0.0199374	0.0246441	0.0292084	0.0336159	0.0378518	0.0419015	0.0457507	0.0493857	0.0527933	0.0559615	0.0588797	0.0615386	0.0639305	0.0660498	0.0678925	0.0694568	0.0707426	0.0717519	0.0724887	0.0729585	0.0731687	0.0731278	0.0728461	0.0723346	0.0716054	0.0706713	0.0695455	0.0682417	0.0667734	0.0651544	0.0633981	0.0615176	0.0595258	0.0574349	0.0552565	0.0530019	0.0506818	0.0483064	0.0458852	0.0434278	0.0409432	0.0384404	0.0359282	0.0334156	0.0309115	0.0284254	0.0259665	0.023545	0.0211708	0.0188545	0.0166066	0.0144379	0.0123591	0.0103808	0.00851289	0.00676492	0.00514517	0.00366027	0.0023138	0.00110215	2.03735e-07	



7.70603e-07	-0.002097	-0.00426516	-0.00653208	-0.00890421	-0.0113779	-0.0139449	-0.0165947	-0.0193156	-0.0220954	-0.024922	-0.0277837	-0.030669	-0.0335672	-0.0364683	-0.0393632	-0.0422432	-0.0451005	-0.0479276	-0.0507177	-0.0534641	-0.0561601	-0.058799	-0.061374	-0.0638776	-0.0663022	-0.0686393	-0.0708798	-0.0730137	-0.0750306	-0.076919	-0.0786667	-0.0802612	-0.0816892	-0.0829369	-0.0839904	-0.0848358	-0.0854592	-0.0858468	-0.0859857	-0.0858635	-0.0854687	-0.0847912	-0.083822	-0.0825538	-0.0809812	-0.0791002	-0.0769092	-0.0744086	-0.0716008	-0.0684905	-0.0650843	-0.061391	-0.0574213	-0.0531875	-0.0487038	-0.0439854	-0.039049	-0.033912	-0.0285929	-0.0231108	-0.017486	-0.0117404	-0.00590043	-2.46388e-06	0.00589553	0.0117356	0.0174812	0.0231062	0.0285884	0.0339077	0.0390448	0.0439814	0.0486999	0.0531838	0.0574178	0.0613877	0.0650812	0.0684877	0.0715982	0.0744062	0.0769071	0.0790983	0.0809795	0.0825524	0.0838208	0.0847902	0.0854679	0.0858629	0.0859853	0.0858466	0.0854591	0.0848359	0.0839907	0.0829373	0.0816897	0.0802619	0.0786675	0.0769198	0.0750316	0.0730148	0.070881	0.0686406	0.0663036	0.0638791	0.0613755	0.0588006	0.0561617	0.0534658	0.0507195	0.0479295	0.0451023	0.0422451	0.0393651	0.0364703	0.0335692	0.030671	0.0277857	0.024924	0.0220974	0.0193175	0.0165966	0.0139468	0.0113797	0.00890595	0.00653375	0.00426676	0.00209856	7.69303e-07	



1.69032e-06	-0.00307942	-0.00620458	-0.00939597	-0.0126586	-0.0159876	-0.0193725	-0.0228008	-0.0262584	-0.0297316	-0.0332067	-0.0366712	-0.0401133	-0.0435227	-0.0468902	-0.0502078	-0.0534685	-0.0566663	-0.059796	-0.062853	-0.0658328	-0.0687313	-0.0715441	-0.0742665	-0.0768932	-0.0794184	-0.0818353	-0.0841364	-0.086313	-0.0883557	-0.0902538	-0.0919959	-0.0935697	-0.0949621	-0.0961593	-0.0971472	-0.0979112	-0.0984367	-0.0987093	-0.0987148	-0.0984396	-0.0978708	-0.0969966	-0.0958065	-0.0942913	-0.0924436	-0.0902578	-0.0877304	-0.0848599	-0.0816473	-0.0780957	-0.074211	-0.0700011	-0.0654765	-0.0606498	-0.0555359	-0.0501518	-0.0445163	-0.0386498	-0.0325746	-0.0263147	-0.0198959	-0.0133473	-0.00670266	-4.18544e-06	0.00669432	0.0133391	0.0198878	0.0263068	0.0325669	0.0386423	0.0445091	0.0501449	0.0555294	0.0606436	0.0654706	0.0699956	0.0742059	0.078091	0.0816429	0.084856	0.0877268	0.0902547	0.0924408	0.0942889	0.0958044	0.0969949	0.0978694	0.0984385	0.0987141	0.0987089	0.0984365	0.0979112	0.0971475	0.0961598	0.0949628	0.0935707	0.0919971	0.0902551	0.0883572	0.0863147	0.0841382	0.0818373	0.0794205	0.0768955	0.0742689	0.0715466	0.068734	0.0658356	0.0628559	0.059799	0.0566694	0.0534717	0.0502111	0.0468936	0.0435262	0.0401169	0.0366748	0.0332104	0.0297353	0.0262621	0.0228044	0.0193762	0.0159912	0.0126622	0.00939946	0.00620801	0.00308281	1.68747e-06	



2.95841e-06	-0.00405529	-0.00813834	-0.012259	-0.0164179	-0.0206071	-0.0248139	-0.0290231	-0.0332186	-0.0373847	-0.0415068	-0.0455714	-0.049567	-0.0534834	-0.0573126	-0.0610479	-0.0646842	-0.0682176	-0.071645	-0.0749643	-0.0781736	-0.081271	-0.0842546	-0.0871219	-0.0898699	-0.0924945	-0.0949907	-0.0973525	-0.0995725	-0.101642	-0.103552	-0.105291	-0.106847	-0.108207	-0.109358	-0.110285	-0.110972	-0.111405	-0.111568	-0.111446	-0.111023	-0.110287	-0.109222	-0.107817	-0.106061	-0.103944	-0.101459	-0.0986	-0.0953643	-0.0917508	-0.0877615	-0.0834007	-0.0786757	-0.0735967	-0.0681767	-0.0624312	-0.0563789	-0.0500407	-0.0434403	-0.0366039	-0.02956	-0.0223405	-0.0149804	-0.00752008	-6.24137e-06	0.00750765	0.0149681	0.0223284	0.0295482	0.0365924	0.0434292	0.05003	0.0563687	0.0624215	0.0681675	0.0735881	0.0786676	0.0833932	0.0877546	0.0917445	0.0953585	0.0985948	0.101454	0.10394	0.106057	0.107814	0.109219	0.110285	0.111022	0.111445	0.111567	0.111405	0.110972	0.110285	0.109359	0.108208	0.106848	0.105293	0.103554	0.101644	0.0995748	0.0973549	0.0949934	0.0924974	0.089873	0.0871253	0.0842581	0.0812747	0.0781775	0.0749684	0.0716493	0.0682221	0.0646889	0.0610528	0.0573177	0.0534887	0.0495724	0.045577	0.0415125	0.0373905	0.0332245	0.029029	0.0248199	0.0206131	0.0164239	0.012265	0.00814427	0.0040612	2.95342e-06	



4.57302e-06	-0.00502965	-0.0100734	-0.0151292	-0.0201915	-0.0252482	-0.0302832	-0.0352785	-0.0402157	-0.0450776	-0.0498481	-0.0545134	-0.0590618	-0.063484	-0.067773	-0.0719237	-0.0759329	-0.0797989	-0.0835213	-0.0871002	-0.0905364	-0.0938305	-0.0969831	-0.0999939	-0.102862	-0.105586	-0.108161	-0.110584	-0.112848	-0.114947	-0.11687	-0.118608	-0.120149	-0.12148	-0.122588	-0.123457	-0.124072	-0.124416	-0.124474	-0.124229	-0.123664	-0.122764	-0.121513	-0.119898	-0.117905	-0.115523	-0.112742	-0.109555	-0.105957	-0.101945	-0.0975184	-0.0926817	-0.0874409	-0.0818057	-0.0757894	-0.0694085	-0.0626831	-0.0556364	-0.0482954	-0.0406901	-0.032854	-0.0248242	-0.0166418	-0.00835295	-8.6367e-06	0.00833574	0.0166248	0.0248074	0.0328376	0.0406742	0.0482801	0.0556217	0.062669	0.0693951	0.0757768	0.0817939	0.0874298	0.0926715	0.097509	0.101936	0.105949	0.109548	0.112736	0.115518	0.1179	0.119894	0.12151	0.122761	0.123662	0.124227	0.124473	0.124416	0.124072	0.123457	0.122589	0.121482	0.120151	0.11861	0.116872	0.114949	0.112851	0.110587	0.108164	0.105589	0.102866	0.0999982	0.0969877	0.0938354	0.0905416	0.0871057	0.0835271	0.0798051	0.0759393	0.0719304	0.06778	0.0634914	0.0590694	0.0545213	0.0498562	0.045086	0.0402243	0.0352872	0.0302921	0.0252572	0.0202006	0.0151383	0.0100825	0.00503877	4.5653e-06	



6.5345e-06	-0.00600672	-0.0120164	-0.0180148	-0.0239891	-0.0299219	-0.0357929	-0.0415811	-0.0472657	-0.0528274	-0.0582492	-0.0635167	-0.0686185	-0.073546	-0.0782936	-0.0828578	-0.0872378	-0.091434	-0.0954487	-0.0992847	-0.102945	-0.106434	-0.109754	-0.112907	-0.115894	-0.118716	-0.12137	-0.123855	-0.126164	-0.128293	-0.130231	-0.131971	-0.133499	-0.134805	-0.135872	-0.136687	-0.137233	-0.137494	-0.137451	-0.137087	-0.136384	-0.135325	-0.133893	-0.132072	-0.129846	-0.127203	-0.12413	-0.120617	-0.116658	-0.112248	-0.107385	-0.102072	-0.0963139	-0.0901198	-0.0835034	-0.076482	-0.0690772	-0.0613149	-0.053225	-0.0448416	-0.0362028	-0.0273513	-0.0183339	-0.00920201	-1.13764e-05	0.00917934	0.0183115	0.0273292	0.0361813	0.0448206	0.0532048	0.0612955	0.0690587	0.0764644	0.0834868	0.0901043	0.0962995	0.102059	0.107373	0.112237	0.116648	0.120608	0.124122	0.127196	0.12984	0.132067	0.133889	0.135322	0.136381	0.137084	0.137449	0.137493	0.137233	0.136688	0.135873	0.134806	0.133501	0.131973	0.130234	0.128296	0.126168	0.123859	0.121375	0.11872	0.115899	0.112912	0.109759	0.10644	0.102952	0.0992917	0.0954561	0.0914419	0.0872461	0.0828666	0.0783028	0.0735558	0.0686287	0.0635273	0.0582602	0.0528388	0.0472775	0.0415932	0.0358053	0.0299345	0.0240019	0.0180277	0.0120293	0.00601975	6.52347e-06	



8.84516e-06	-0.00699027	-0.0139739	-0.0209244	-0.0278207	-0.0346395	-0.0413559	-0.0479451	-0.0543835	-0.0606501	-0.0667267	-0.0725985	-0.0782545	-0.083687	-0.0888919	-0.0938678	-0.098616	-0.10314	-0.107444	-0.111534	-0.115416	-0.119097	-0.122582	-0.125875	-0.12898	-0.131899	-0.134633	-0.137179	-0.139534	-0.141694	-0.143649	-0.145392	-0.146911	-0.148193	-0.149224	-0.149989	-0.15047	-0.15065	-0.150511	-0.150033	-0.149197	-0.147984	-0.146376	-0.144353	-0.141899	-0.138998	-0.135636	-0.131801	-0.127483	-0.122677	-0.117378	-0.111587	-0.10531	-0.0985534	-0.0913323	-0.0836647	-0.0755736	-0.0670872	-0.0582387	-0.0490663	-0.039613	-0.0299264	-0.0200593	-0.0100684	-1.44657e-05	0.0100396	0.0200308	0.0298984	0.0395856	0.0490397	0.0582131	0.0670626	0.0755501	0.0836425	0.0913115	0.0985339	0.105291	0.111571	0.117363	0.122663	0.127471	0.13179	0.135626	0.138989	0.141891	0.144346	0.14637	0.14798	0.149194	0.15003	0.150509	0.150649	0.15047	0.149989	0.149225	0.148194	0.146913	0.145395	0.143652	0.141697	0.139539	0.137184	0.134638	0.131905	0.128986	0.125881	0.122589	0.119105	0.115424	0.111543	0.107453	0.10315	0.0986264	0.0938789	0.0889036	0.0836994	0.0782675	0.0726122	0.066741	0.060665	0.054399	0.0479611	0.0413723	0.0346563	0.0278378	0.0209417	0.0139914	0.00700788	8.83022e-06	



1.15093e-05	-0.00798386	-0.0159525	-0.0238668	-0.0316972	-0.0394137	-0.0469861	-0.0543855	-0.0615855	-0.0685628	-0.0752983	-0.0817769	-0.0879881	-0.0939254	-0.0995863	-0.104972	-0.110085	-0.114933	-0.119523	-0.123864	-0.127965	-0.131835	-0.135482	-0.138914	-0.142135	-0.145151	-0.147962	-0.15057	-0.152972	-0.155163	-0.157138	-0.158886	-0.160397	-0.161659	-0.162657	-0.163375	-0.163796	-0.163901	-0.163669	-0.163082	-0.162118	-0.160756	-0.158976	-0.156756	-0.154079	-0.150924	-0.147277	-0.143122	-0.138449	-0.133247	-0.127512	-0.121243	-0.114444	-0.107122	-0.0992913	-0.0909707	-0.0821852	-0.0729652	-0.0633471	-0.0533733	-0.0430914	-0.0325547	-0.0218212	-0.0109536	-1.79106e-05	0.0109179	0.0217859	0.03252	0.0430575	0.0533404	0.0633154	0.0729348	0.0821563	0.0909434	0.0992656	0.107098	0.114422	0.121223	0.127493	0.13323	0.138433	0.143109	0.147265	0.150914	0.154069	0.156748	0.158969	0.160751	0.162114	0.163079	0.163667	0.163899	0.163795	0.163376	0.162658	0.161661	0.160399	0.158889	0.157141	0.155168	0.152977	0.150576	0.147968	0.145157	0.142142	0.138921	0.13549	0.131844	0.127975	0.123875	0.119535	0.114945	0.110098	0.104985	0.0996007	0.0939407	0.0880044	0.0817941	0.0753163	0.0685816	0.0616051	0.0544059	0.0470071	0.0394353	0.0317193	0.0238892	0.0159753	0.00800677	1.14899e-05	



1.45342e-05	-0.00899127	-0.0179595	-0.0268521	-0.0356312	-0.0442592	-0.0527003	-0.060921	-0.0688918	-0.0765872	-0.0839869	-0.0910759	-0.097844	-0.104286	-0.110402	-0.116195	-0.121672	-0.126841	-0.131714	-0.136302	-0.140618	-0.144674	-0.148481	-0.152048	-0.155384	-0.158495	-0.161384	-0.164054	-0.166502	-0.168727	-0.170721	-0.172477	-0.173983	-0.175228	-0.176196	-0.176872	-0.177236	-0.177269	-0.176951	-0.176259	-0.175172	-0.173666	-0.171718	-0.169307	-0.16641	-0.163007	-0.159078	-0.154606	-0.149578	-0.143982	-0.137812	-0.131063	-0.123739	-0.115847	-0.1074	-0.0984187	-0.088929	-0.078964	-0.0685634	-0.0577735	-0.0466471	-0.0352426	-0.023624	-0.0118598	-2.17196e-05	0.0118165	0.0235811	0.0352005	0.046606	0.0577337	0.068525	0.0789273	0.0888941	0.0983858	0.107369	0.115818	0.123712	0.131038	0.137789	0.143962	0.14956	0.15459	0.159063	0.162994	0.166399	0.169298	0.17171	0.173659	0.175166	0.176255	0.176948	0.177267	0.177235	0.176872	0.176197	0.17523	0.173986	0.17248	0.170725	0.168731	0.166508	0.16406	0.161391	0.158502	0.155392	0.152057	0.14849	0.144684	0.140629	0.136314	0.131727	0.126855	0.121687	0.116211	0.11042	0.104305	0.0978637	0.0910968	0.084009	0.0766104	0.0689161	0.0609463	0.0527265	0.0442862	0.0356589	0.0268804	0.0179881	0.00902019	1.45097e-05	



1.79328e-05	-0.0100173	-0.020004	-0.029894	-0.0396402	-0.0491975	-0.0585236	-0.0675804	-0.0763346	-0.0847586	-0.0928311	-0.100537	-0.107866	-0.114816	-0.121388	-0.127589	-0.133427	-0.138916	-0.144069	-0.148903	-0.153432	-0.157671	-0.161636	-0.165337	-0.168787	-0.171992	-0.174958	-0.17769	-0.180186	-0.182444	-0.18446	-0.186226	-0.18773	-0.18896	-0.189902	-0.190538	-0.19085	-0.190816	-0.190415	-0.189623	-0.188416	-0.186771	-0.184661	-0.182061	-0.178949	-0.175299	-0.17109	-0.166304	-0.160922	-0.154931	-0.148322	-0.141089	-0.133235	-0.124765	-0.115693	-0.10604	-0.0958334	-0.0851087	-0.073909	-0.0622849	-0.050294	-0.0380006	-0.0254744	-0.0127902	-2.59076e-05	0.0127385	0.0254233	0.0379504	0.0502451	0.0622374	0.0738633	0.085065	0.095792	0.106001	0.115657	0.124731	0.133203	0.14106	0.148295	0.154907	0.1609	0.166284	0.171073	0.175284	0.178935	0.18205	0.184651	0.186763	0.18841	0.189618	0.190411	0.190813	0.190848	0.190538	0.189903	0.188962	0.187733	0.186229	0.184465	0.18245	0.180192	0.177696	0.174966	0.172	0.168796	0.165348	0.161647	0.157683	0.153445	0.148917	0.144085	0.138932	0.133445	0.127608	0.121409	0.114838	0.10789	0.100562	0.0928576	0.0847867	0.076364	0.0676112	0.0585556	0.0492306	0.0396742	0.0299287	0.0200393	0.0100529	1.79024e-05	



2.17345e-05	-0.0110701	-0.0221026	-0.0330171	-0.0437574	-0.0542701	-0.0645063	-0.0744226	-0.083982	-0.0931543	-0.101917	-0.110254	-0.118158	-0.125626	-0.132663	-0.139278	-0.145484	-0.151296	-0.156734	-0.161814	-0.166558	-0.170983	-0.175106	-0.178943	-0.182506	-0.185807	-0.188852	-0.191646	-0.194192	-0.196486	-0.198526	-0.200303	-0.201807	-0.203026	-0.203944	-0.204544	-0.204805	-0.204707	-0.204225	-0.203336	-0.202012	-0.200228	-0.197957	-0.19517	-0.191841	-0.187943	-0.183452	-0.178346	-0.172604	-0.166211	-0.159154	-0.151427	-0.143029	-0.133966	-0.124252	-0.113907	-0.102962	-0.0914542	-0.0794304	-0.0669457	-0.0540626	-0.0408511	-0.0273873	-0.0137522	-3.05108e-05	0.0136914	0.0273271	0.040792	0.0540049	0.0668898	0.0793768	0.0914029	0.102913	0.113861	0.124209	0.133926	0.142992	0.151393	0.159123	0.166183	0.172579	0.178324	0.183433	0.187926	0.191825	0.195157	0.197946	0.200219	0.202005	0.20333	0.204221	0.204704	0.204804	0.204544	0.203945	0.203028	0.20181	0.200307	0.198531	0.196492	0.194198	0.191654	0.18886	0.185816	0.182517	0.178954	0.175118	0.170996	0.166573	0.161831	0.156751	0.151315	0.145505	0.139301	0.132687	0.125652	0.118186	0.110284	0.101948	0.0931877	0.0840172	0.0744595	0.0645448	0.0543099	0.0437985	0.0330592	0.0221453	0.0111133	2.16977e-05	



2.60273e-05	-0.0121705	-0.0242973	-0.0362855	-0.0480696	-0.059588	-0.0707848	-0.0816109	-0.0920248	-0.101993	-0.111492	-0.120504	-0.129022	-0.137046	-0.144583	-0.151643	-0.158243	-0.164403	-0.170146	-0.175493	-0.180467	-0.185091	-0.189385	-0.193368	-0.197055	-0.200459	-0.20359	-0.206454	-0.209054	-0.211389	-0.213456	-0.215248	-0.216755	-0.217963	-0.218858	-0.219421	-0.219631	-0.219466	-0.218901	-0.217909	-0.216462	-0.214532	-0.212089	-0.209102	-0.205542	-0.201379	-0.196586	-0.191137	-0.18501	-0.178185	-0.170648	-0.16239	-0.15341	-0.143713	-0.133312	-0.12223	-0.110499	-0.0981591	-0.0852614	-0.0718653	-0.0580389	-0.0438579	-0.0294047	-0.0147669	-3.56434e-05	0.0146958	0.0293344	0.0437889	0.0579716	0.0718002	0.0851988	0.0980993	0.110442	0.122177	0.133262	0.143666	0.153367	0.162351	0.170612	0.178152	0.184981	0.191111	0.196563	0.201359	0.205524	0.209087	0.212076	0.214522	0.216454	0.217902	0.218896	0.219463	0.219629	0.219421	0.218859	0.217965	0.216758	0.215252	0.213461	0.211395	0.209061	0.206462	0.2036	0.20047	0.197067	0.193381	0.1894	0.185107	0.180484	0.175511	0.170166	0.164425	0.158267	0.151668	0.144611	0.137077	0.129055	0.120539	0.111529	0.102033	0.0920665	0.0816547	0.0708306	0.0596356	0.0481187	0.0363358	0.0243484	0.0122223	2.59833e-05	



3.11619e-05	-0.013394	-0.0267411	-0.0399335	-0.0528978	-0.0655651	-0.0778727	-0.0897654	-0.101196	-0.112127	-0.12253	-0.132385	-0.141684	-0.150424	-0.158614	-0.166265	-0.173397	-0.180032	-0.186196	-0.191913	-0.197213	-0.20212	-0.206659	-0.210852	-0.214718	-0.218273	-0.221529	-0.224495	-0.227175	-0.22957	-0.231678	-0.233492	-0.235003	-0.236197	-0.237059	-0.237569	-0.237706	-0.237445	-0.236759	-0.235621	-0.233999	-0.231862	-0.229178	-0.225913	-0.222033	-0.217508	-0.212305	-0.206396	-0.199756	-0.192364	-0.184204	-0.175268	-0.165552	-0.155064	-0.143819	-0.131842	-0.119168	-0.105843	-0.0919211	-0.0774674	-0.0625553	-0.0472663	-0.0316883	-0.0159145	-4.17722e-05	0.0158312	0.0316059	0.0471853	0.0624763	0.0773909	0.0918475	0.105773	0.119102	0.131779	0.14376	0.155009	0.165501	0.175221	0.184162	0.192326	0.199722	0.206365	0.212278	0.217484	0.222013	0.225895	0.229163	0.23185	0.233989	0.235613	0.236753	0.237441	0.237703	0.237568	0.23706	0.236199	0.235006	0.233497	0.231684	0.229577	0.227183	0.224504	0.22154	0.218285	0.214732	0.210867	0.206675	0.202138	0.197233	0.191935	0.186219	0.180058	0.173426	0.166296	0.158647	0.15046	0.141722	0.132426	0.122574	0.112174	0.101246	0.0898178	0.0779275	0.065622	0.0529565	0.0399937	0.0268024	0.013456	3.11091e-05	



3.75971e-05	-0.0148191	-0.029594	-0.0442065	-0.0585792	-0.072639	-0.0863188	-0.0995584	-0.112306	-0.124518	-0.136161	-0.147211	-0.157652	-0.16748	-0.176696	-0.185311	-0.19334	-0.200804	-0.207729	-0.21414	-0.220066	-0.225535	-0.230573	-0.235205	-0.239453	-0.243335	-0.246866	-0.250058	-0.252917	-0.255445	-0.257642	-0.259502	-0.261016	-0.262172	-0.262951	-0.263335	-0.263301	-0.262823	-0.261872	-0.260418	-0.258428	-0.255869	-0.252704	-0.2489	-0.244421	-0.239234	-0.233306	-0.22661	-0.219121	-0.210818	-0.201689	-0.191728	-0.180935	-0.169321	-0.156906	-0.143721	-0.129805	-0.115208	-0.0999903	-0.0842207	-0.0679771	-0.0513445	-0.0344142	-0.0172827	-4.95039e-05	0.017184	0.0343165	0.0512483	0.0678831	0.0841295	0.0999023	0.115124	0.129725	0.143645	0.156835	0.169254	0.180873	0.19167	0.201637	0.210771	0.219078	0.226571	0.233272	0.239203	0.244394	0.248877	0.252684	0.255852	0.258414	0.260407	0.261864	0.262817	0.263297	0.263333	0.262951	0.262173	0.26102	0.259507	0.257648	0.255453	0.252926	0.250069	0.246879	0.24335	0.239469	0.235223	0.230593	0.225557	0.220091	0.214167	0.207758	0.200836	0.193375	0.185349	0.176737	0.167524	0.1577	0.147262	0.136216	0.124576	0.112367	0.0996223	0.0863853	0.072708	0.0586503	0.0442793	0.029668	0.0148939	3.75333e-05	



4.5263e-05	-0.0164009	-0.0327638	-0.0489615	-0.0649148	-0.0805485	-0.0957931	-0.110585	-0.12487	-0.138599	-0.151734	-0.164246	-0.176113	-0.187325	-0.197877	-0.207774	-0.217025	-0.225647	-0.23366	-0.241087	-0.247953	-0.254283	-0.260103	-0.265437	-0.270306	-0.274729	-0.278722	-0.282297	-0.285462	-0.28822	-0.290571	-0.29251	-0.294028	-0.295114	-0.29575	-0.295917	-0.295591	-0.294746	-0.293354	-0.291383	-0.288801	-0.285574	-0.281667	-0.277045	-0.271677	-0.265529	-0.258573	-0.250783	-0.242138	-0.232623	-0.222229	-0.210955	-0.198808	-0.185803	-0.171967	-0.157333	-0.141947	-0.125862	-0.109143	-0.0918622	-0.0740996	-0.0559426	-0.0374845	-0.018823	-5.87104e-05	0.0187059	0.0373685	0.0558283	0.0739876	0.0917532	0.109038	0.125761	0.141849	0.15724	0.171879	0.185721	0.198731	0.210883	0.222163	0.232562	0.242082	0.250732	0.258527	0.265488	0.271641	0.277014	0.281639	0.28555	0.288781	0.291367	0.293341	0.294736	0.295584	0.295912	0.295748	0.295114	0.294031	0.292514	0.290577	0.288229	0.285473	0.282311	0.278738	0.274747	0.270326	0.265459	0.260128	0.254311	0.247984	0.241121	0.233698	0.225688	0.21707	0.207822	0.197929	0.187381	0.176173	0.164309	0.151801	0.13867	0.124944	0.110663	0.0958741	0.0806322	0.0650007	0.0490493	0.032853	0.0164909	4.5186e-05	



5.40829e-05	-0.0181066	-0.0361835	-0.054094	-0.071758	-0.0890992	-0.106046	-0.122534	-0.138504	-0.153905	-0.168695	-0.182839	-0.196311	-0.209093	-0.221176	-0.232557	-0.243239	-0.253231	-0.262548	-0.271207	-0.279227	-0.286628	-0.293432	-0.299659	-0.305328	-0.310456	-0.315056	-0.319139	-0.322712	-0.325779	-0.328338	-0.330386	-0.331914	-0.33291	-0.333358	-0.333239	-0.332531	-0.331208	-0.329243	-0.326607	-0.323269	-0.319198	-0.314361	-0.308729	-0.302271	-0.294959	-0.28677	-0.277683	-0.267682	-0.256758	-0.244908	-0.232137	-0.218456	-0.203888	-0.188463	-0.17222	-0.155208	-0.137485	-0.119119	-0.100185	-0.0807637	-0.0609454	-0.0408241	-0.0204982	-6.92605e-05	0.0203601	0.040687	0.0608101	0.080631	0.100055	0.118994	0.137364	0.155091	0.172108	0.188356	0.203787	0.218362	0.232048	0.244826	0.256682	0.267612	0.277618	0.286711	0.294906	0.302223	0.308686	0.314323	0.319164	0.32324	0.326582	0.329223	0.331191	0.332518	0.33323	0.333353	0.332908	0.331915	0.33039	0.328345	0.325788	0.322725	0.319155	0.315075	0.310478	0.305354	0.299688	0.293464	0.286664	0.279266	0.271251	0.262596	0.253283	0.243295	0.232617	0.221241	0.209163	0.196385	0.182917	0.168778	0.153992	0.138595	0.122628	0.106144	0.0891999	0.0718612	0.0541992	0.0362902	0.0182142	5.39908e-05	



6.40067e-05	-0.0199188	-0.0398173	-0.0595482	-0.0790304	-0.0981864	-0.116943	-0.135234	-0.152997	-0.170179	-0.186732	-0.202618	-0.217805	-0.232271	-0.245998	-0.258978	-0.271208	-0.282689	-0.293429	-0.303438	-0.312728	-0.321316	-0.329215	-0.336442	-0.343011	-0.348935	-0.354225	-0.358889	-0.362932	-0.366355	-0.369159	-0.371337	-0.372881	-0.37378	-0.374019	-0.37358	-0.372441	-0.370581	-0.367973	-0.364592	-0.36041	-0.355399	-0.349532	-0.342782	-0.335125	-0.326537	-0.317002	-0.306503	-0.295031	-0.282584	-0.269164	-0.254781	-0.239454	-0.22321	-0.206083	-0.188119	-0.169371	-0.149899	-0.129774	-0.109074	-0.0878818	-0.0662894	-0.0443917	-0.0222883	-8.10693e-05	0.0221265	0.0442311	0.0661307	0.0877258	0.108921	0.129625	0.149755	0.169232	0.187986	0.205956	0.223088	0.239339	0.254672	0.269062	0.282489	0.294943	0.306421	0.316926	0.326469	0.335062	0.342726	0.349482	0.355354	0.360371	0.364558	0.367944	0.370557	0.372422	0.373565	0.374009	0.373775	0.37288	0.37134	0.369166	0.366366	0.362947	0.358908	0.354249	0.348963	0.343043	0.336479	0.329256	0.321361	0.312778	0.303493	0.293489	0.282754	0.271278	0.259054	0.246079	0.232356	0.217896	0.202713	0.186832	0.170283	0.153106	0.135347	0.11706	0.0983063	0.079153	0.0596729	0.0399437	0.0200462	6.38974e-05	



7.50116e-05	-0.0218313	-0.0436523	-0.0653035	-0.0867027	-0.107771	-0.128433	-0.14862	-0.168267	-0.187318	-0.20572	-0.223432	-0.240416	-0.256644	-0.272092	-0.286747	-0.300597	-0.313637	-0.325869	-0.337296	-0.347923	-0.357759	-0.366815	-0.3751	-0.382623	-0.389393	-0.395418	-0.400702	-0.405249	-0.409058	-0.412126	-0.414448	-0.416016	-0.416819	-0.416841	-0.416066	-0.414477	-0.412051	-0.408767	-0.404601	-0.39953	-0.393531	-0.386579	-0.378654	-0.369736	-0.359809	-0.348859	-0.336879	-0.323865	-0.309819	-0.294751	-0.278677	-0.261621	-0.243616	-0.224701	-0.204926	-0.184348	-0.163031	-0.14105	-0.118484	-0.0954197	-0.0719499	-0.0481715	-0.0241852	-9.40979e-05	0.0239974	0.047985	0.0717654	0.095238	0.118306	0.140876	0.162862	0.184184	0.204768	0.22455	0.243471	0.261484	0.278546	0.294628	0.309703	0.323756	0.336778	0.348766	0.359723	0.369657	0.378582	0.386514	0.393473	0.399479	0.404556	0.408728	0.412018	0.41445	0.416046	0.416826	0.416809	0.416013	0.41445	0.412133	0.40907	0.405266	0.400725	0.395446	0.389427	0.382662	0.375144	0.366866	0.357816	0.347985	0.337363	0.325943	0.313717	0.300682	0.286838	0.27219	0.256747	0.240525	0.223546	0.20584	0.187442	0.168397	0.148754	0.128571	0.107912	0.0868468	0.0654499	0.0438005	0.0219806	7.48833e-05	



8.70935e-05	-0.0238443	-0.0476888	-0.0713605	-0.0947752	-0.117852	-0.140513	-0.162687	-0.184306	-0.20531	-0.225642	-0.245256	-0.264109	-0.282168	-0.299404	-0.315794	-0.331322	-0.345978	-0.359754	-0.372647	-0.384658	-0.395788	-0.406041	-0.415421	-0.423934	-0.431584	-0.438373	-0.444304	-0.449377	-0.45359	-0.456938	-0.459416	-0.461014	-0.461721	-0.461524	-0.460409	-0.458357	-0.455351	-0.451371	-0.446397	-0.440409	-0.433389	-0.425318	-0.416179	-0.405958	-0.394644	-0.382231	-0.368715	-0.3541	-0.338394	-0.321613	-0.303779	-0.284922	-0.265078	-0.244294	-0.222623	-0.200127	-0.176874	-0.152941	-0.128412	-0.103375	-0.0779256	-0.0521627	-0.0261887	-0.000108336	0.0259724	0.0519477	0.0777128	0.103165	0.128205	0.152739	0.176677	0.199936	0.222439	0.244116	0.264907	0.284759	0.303624	0.321466	0.338256	0.35397	0.368593	0.382117	0.394539	0.405861	0.41609	0.425237	0.433317	0.440345	0.44634	0.451321	0.455309	0.458322	0.460381	0.461504	0.461708	0.461007	0.459416	0.456945	0.453603	0.449397	0.444331	0.438407	0.431624	0.423982	0.415475	0.406102	0.395856	0.384733	0.372729	0.359843	0.346074	0.331425	0.315903	0.29952	0.282291	0.264239	0.245391	0.225783	0.205456	0.184458	0.162844	0.140674	0.118016	0.0949429	0.0715308	0.047861	0.0240177	8.69444e-05	



0.000100258	-0.025962	-0.0519354	-0.0777315	-0.103264	-0.128449	-0.153208	-0.177463	-0.201144	-0.224188	-0.246533	-0.268128	-0.288925	-0.308885	-0.327973	-0.346161	-0.363426	-0.37975	-0.395121	-0.409527	-0.422964	-0.435428	-0.446915	-0.457426	-0.46696	-0.475517	-0.483096	-0.489696	-0.495314	-0.499947	-0.503588	-0.50623	-0.507865	-0.50848	-0.508063	-0.506602	-0.504079	-0.50048	-0.495788	-0.489986	-0.483059	-0.47499	-0.465767	-0.455379	-0.443815	-0.431071	-0.417146	-0.402044	-0.385772	-0.368346	-0.349787	-0.330123	-0.309389	-0.287629	-0.264893	-0.241239	-0.216734	-0.19145	-0.165468	-0.138875	-0.111762	-0.0842273	-0.0563726	-0.0283024	-0.000123788	0.0280553	0.0561268	0.0839838	0.111521	0.138638	0.165237	0.191224	0.216514	0.241026	0.264687	0.287431	0.309199	0.329941	0.349614	0.368182	0.385618	0.401899	0.417011	0.430945	0.443699	0.455272	0.46567	0.474902	0.482979	0.489916	0.495727	0.500428	0.504035	0.506567	0.508037	0.508462	0.507855	0.506229	0.503595	0.499962	0.495338	0.489728	0.483136	0.475565	0.467016	0.45749	0.446988	0.435508	0.423053	0.409624	0.395226	0.379863	0.363547	0.34629	0.328109	0.309029	0.289076	0.268286	0.246697	0.224358	0.201321	0.177644	0.153393	0.128639	0.103458	0.0779277	0.0521337	0.0261617	0.000100086	



0.000114514	-0.0281908	-0.0564045	-0.0844355	-0.112195	-0.139595	-0.166553	-0.192991	-0.218832	-0.244008	-0.268456	-0.292116	-0.314938	-0.336875	-0.357887	-0.377939	-0.397003	-0.415055	-0.432074	-0.448045	-0.462955	-0.476794	-0.489555	-0.501232	-0.51182	-0.521313	-0.529708	-0.537	-0.543184	-0.548253	-0.552199	-0.555015	-0.556691	-0.557216	-0.556578	-0.554764	-0.551762	-0.547557	-0.542135	-0.535484	-0.527592	-0.518446	-0.508038	-0.496362	-0.483413	-0.469193	-0.453705	-0.436959	-0.41897	-0.399758	-0.379351	-0.357783	-0.335094	-0.311334	-0.286558	-0.260829	-0.234218	-0.206803	-0.178668	-0.149903	-0.120605	-0.0908731	-0.0608132	-0.0305324	-0.000140464	0.030252	0.0605342	0.0905965	0.120331	0.149634	0.178404	0.206545	0.233966	0.260584	0.286321	0.311106	0.334875	0.357573	0.379151	0.399568	0.41879	0.43679	0.453546	0.469045	0.483276	0.496235	0.507922	0.51834	0.527497	0.5354	0.542061	0.547493	0.551709	0.554721	0.556545	0.557193	0.556678	0.555012	0.552206	0.54827	0.543211	0.537037	0.529755	0.521369	0.511885	0.501308	0.48964	0.476889	0.463059	0.448158	0.432197	0.415187	0.397144	0.378089	0.358045	0.337042	0.315113	0.292299	0.268645	0.244205	0.219035	0.193199	0.166767	0.139813	0.112416	0.0846598	0.056631	0.0284188	0.000114317	



0.00012987	-0.0305382	-0.0611114	-0.0914953	-0.121597	-0.151327	-0.180598	-0.209325	-0.237431	-0.264842	-0.291488	-0.317308	-0.342242	-0.366239	-0.389254	-0.411246	-0.432179	-0.452022	-0.470751	-0.488342	-0.504777	-0.520041	-0.53412	-0.547004	-0.558681	-0.569144	-0.578383	-0.586392	-0.593161	-0.598683	-0.602949	-0.605948	-0.60767	-0.608106	-0.607244	-0.605071	-0.601577	-0.596751	-0.59058	-0.583055	-0.574168	-0.563912	-0.552281	-0.539274	-0.524893	-0.509144	-0.492037	-0.473586	-0.453812	-0.432743	-0.410412	-0.386857	-0.362127	-0.336275	-0.309362	-0.281458	-0.252638	-0.222983	-0.192584	-0.161534	-0.129933	-0.097885	-0.0654992	-0.032886	-0.000158374	0.0325698	0.0651845	0.0975729	0.129624	0.161229	0.192285	0.222691	0.252352	0.281181	0.309093	0.336015	0.361876	0.386617	0.410182	0.432525	0.453605	0.47339	0.491852	0.508972	0.524733	0.539126	0.552145	0.563788	0.574057	0.582956	0.590493	0.596675	0.601514	0.60502	0.607204	0.608078	0.607654	0.605943	0.602956	0.598702	0.593192	0.586434	0.578436	0.569208	0.558757	0.547091	0.534219	0.520151	0.504898	0.488473	0.470893	0.452175	0.432341	0.411418	0.389436	0.36643	0.342442	0.317516	0.291705	0.265066	0.237662	0.209562	0.18084	0.151574	0.121849	0.0917499	0.0613684	0.0307968	0.000129647	



0.000146332	-0.0330127	-0.0660732	-0.0989368	-0.131507	-0.163689	-0.195391	-0.226527	-0.257011	-0.286766	-0.315718	-0.343797	-0.370941	-0.397091	-0.422197	-0.44621	-0.46909	-0.490799	-0.511305	-0.53058	-0.5486	-0.565343	-0.580789	-0.594924	-0.607732	-0.6192	-0.629316	-0.638069	-0.645448	-0.651442	-0.65604	-0.659232	-0.661006	-0.661353	-0.660262	-0.657722	-0.653723	-0.648256	-0.641313	-0.632886	-0.622971	-0.611566	-0.598668	-0.584283	-0.568416	-0.551079	-0.532288	-0.512063	-0.490431	-0.467425	-0.443084	-0.417453	-0.390587	-0.362544	-0.333391	-0.303203	-0.27206	-0.24005	-0.207267	-0.173808	-0.139779	-0.105288	-0.0704473	-0.0353715	-0.000177526	0.035017	0.0700944	0.104938	0.139433	0.173466	0.206931	0.239721	0.271739	0.30289	0.333087	0.362249	0.390303	0.417181	0.442822	0.467176	0.490194	0.511839	0.532077	0.550882	0.568232	0.584112	0.598511	0.611422	0.622842	0.63277	0.641211	0.648168	0.653649	0.657661	0.660215	0.66132	0.660986	0.659225	0.656047	0.651462	0.645482	0.638117	0.629377	0.619274	0.607819	0.595024	0.580902	0.565468	0.548738	0.53073	0.511467	0.490973	0.469275	0.446406	0.422404	0.397309	0.371168	0.344033	0.315963	0.28702	0.257272	0.226794	0.195665	0.163968	0.13179	0.0992237	0.0663628	0.0333042	0.00014608	



0.000163902	-0.0356238	-0.0713086	-0.106788	-0.14196	-0.176727	-0.210991	-0.244661	-0.277647	-0.309866	-0.341238	-0.371688	-0.401147	-0.429553	-0.456845	-0.482972	-0.507885	-0.531541	-0.553901	-0.574931	-0.594601	-0.612883	-0.629753	-0.64519	-0.659175	-0.671689	-0.682717	-0.692245	-0.700258	-0.706744	-0.711691	-0.715085	-0.716917	-0.717175	-0.71585	-0.712931	-0.708411	-0.702282	-0.694539	-0.685178	-0.674197	-0.661599	-0.647386	-0.631567	-0.614155	-0.595164	-0.574618	-0.552541	-0.528968	-0.503937	-0.477494	-0.449689	-0.420583	-0.39024	-0.358734	-0.326145	-0.292559	-0.258068	-0.222771	-0.186772	-0.15018	-0.113109	-0.0756756	-0.037998	-0.000197922	0.0376028	0.0752821	0.112719	0.149794	0.18639	0.222395	0.257699	0.292198	0.325794	0.358393	0.38991	0.420263	0.449382	0.477199	0.503656	0.5287	0.552287	0.574378	0.594939	0.613944	0.631372	0.647206	0.661434	0.674049	0.685045	0.694421	0.70218	0.708325	0.71286	0.715795	0.717136	0.716893	0.715077	0.711698	0.706767	0.700296	0.692298	0.682786	0.671772	0.659273	0.645303	0.629881	0.613025	0.594757	0.575101	0.554084	0.531737	0.508094	0.483194	0.457079	0.429798	0.401403	0.371954	0.341514	0.310151	0.27794	0.244961	0.211298	0.177039	0.142278	0.107109	0.0716331	0.0359503	0.00016362	



0.000182576	-0.0383814	-0.0768375	-0.115078	-0.152997	-0.190491	-0.227457	-0.263797	-0.299419	-0.334231	-0.368148	-0.401089	-0.432981	-0.463752	-0.493337	-0.521678	-0.548719	-0.574412	-0.59871	-0.621575	-0.642968	-0.662857	-0.681213	-0.698008	-0.71322	-0.726826	-0.738806	-0.749142	-0.757819	-0.764819	-0.77013	-0.773739	-0.775632	-0.775801	-0.774234	-0.770924	-0.765864	-0.759048	-0.750475	-0.740142	-0.728053	-0.714213	-0.69863	-0.681317	-0.662291	-0.641574	-0.619193	-0.595181	-0.569576	-0.542424	-0.513776	-0.48369	-0.452231	-0.419471	-0.38549	-0.350372	-0.31421	-0.277103	-0.239154	-0.200474	-0.161176	-0.121379	-0.0812036	-0.0407753	-0.00021956	0.0403368	0.0807669	0.120945	0.160747	0.20005	0.238737	0.276693	0.313809	0.349981	0.385109	0.419102	0.451874	0.483346	0.513446	0.542108	0.569275	0.594895	0.618923	0.64132	0.662053	0.681096	0.698426	0.714026	0.727884	0.739991	0.75034	0.758932	0.765765	0.770843	0.774171	0.775755	0.775604	0.773728	0.770138	0.764844	0.757861	0.749202	0.738883	0.726919	0.713331	0.698136	0.681356	0.663017	0.643143	0.621766	0.598917	0.574633	0.548954	0.521927	0.493599	0.464026	0.433267	0.401387	0.368456	0.334549	0.299746	0.264133	0.227799	0.190839	0.153351	0.115436	0.077199	0.0387451	0.000182261	



0.000202343	-0.0412961	-0.0826814	-0.12384	-0.164661	-0.205034	-0.244852	-0.284011	-0.322411	-0.359956	-0.396553	-0.432118	-0.466567	-0.499825	-0.531819	-0.562484	-0.591758	-0.619585	-0.645915	-0.6707	-0.693897	-0.715468	-0.735378	-0.753595	-0.770089	-0.784836	-0.797812	-0.808994	-0.818364	-0.825904	-0.831597	-0.835431	-0.837392	-0.837469	-0.835653	-0.831936	-0.826315	-0.818785	-0.809346	-0.798001	-0.784756	-0.769619	-0.752605	-0.73373	-0.713017	-0.690493	-0.666191	-0.64015	-0.612415	-0.583036	-0.552072	-0.519587	-0.485654	-0.450349	-0.41376	-0.375976	-0.337098	-0.297229	-0.25648	-0.214966	-0.172807	-0.130126	-0.0870522	-0.0437137	-0.000242428	0.0432295	0.08657	0.129647	0.172332	0.214497	0.256019	0.296776	0.336654	0.375543	0.413337	0.44994	0.485257	0.519205	0.551704	0.582684	0.612079	0.639831	0.665889	0.690209	0.712751	0.733482	0.752376	0.769409	0.784565	0.79783	0.809194	0.818653	0.826203	0.831844	0.83558	0.837416	0.837359	0.835418	0.831605	0.825931	0.81841	0.80906	0.797897	0.784941	0.770213	0.753736	0.735538	0.715646	0.694093	0.670913	0.646145	0.619832	0.59202	0.562761	0.532111	0.50013	0.466886	0.432449	0.396896	0.360309	0.322774	0.284383	0.245232	0.205421	0.165053	0.124237	0.083082	0.0416992	0.000201994	



0.000223188	-0.0443794	-0.0888627	-0.133108	-0.176997	-0.220413	-0.263244	-0.30538	-0.346713	-0.387142	-0.426567	-0.464896	-0.502039	-0.537914	-0.572443	-0.605551	-0.637172	-0.667243	-0.695704	-0.722505	-0.747594	-0.770929	-0.792468	-0.812174	-0.830013	-0.845956	-0.859974	-0.872043	-0.88214	-0.890246	-0.896342	-0.900413	-0.902445	-0.902429	-0.900354	-0.896215	-0.890008	-0.881732	-0.87139	-0.858987	-0.844532	-0.828039	-0.809526	-0.789015	-0.766534	-0.742115	-0.715798	-0.687626	-0.657652	-0.625932	-0.592532	-0.557522	-0.520982	-0.482995	-0.443654	-0.403058	-0.361311	-0.318524	-0.274815	-0.230304	-0.185118	-0.139386	-0.0932435	-0.0468244	-0.000266508	0.0462921	0.0927133	0.13886	0.184596	0.229788	0.274306	0.318025	0.360821	0.402579	0.443188	0.482542	0.520543	0.557099	0.592125	0.625542	0.657279	0.687272	0.715462	0.741799	0.766238	0.788739	0.809271	0.827805	0.844319	0.858795	0.87122	0.881584	0.889882	0.896111	0.900272	0.902369	0.902408	0.900398	0.896349	0.890275	0.882191	0.872116	0.860069	0.846072	0.83015	0.812331	0.792645	0.771127	0.747812	0.722741	0.695959	0.667515	0.637462	0.605858	0.572766	0.538253	0.502392	0.465262	0.426946	0.387532	0.347115	0.305791	0.263664	0.22084	0.17743	0.133546	0.0893047	0.044824	0.000222803	



0.000245084	-0.0476432	-0.0954057	-0.142917	-0.190052	-0.236688	-0.282706	-0.327988	-0.372421	-0.415896	-0.458306	-0.499551	-0.539537	-0.578171	-0.61537	-0.651052	-0.685143	-0.717573	-0.748278	-0.777197	-0.804275	-0.829462	-0.852712	-0.873982	-0.893233	-0.910431	-0.925544	-0.938544	-0.949405	-0.958105	-0.964624	-0.968945	-0.971055	-0.970942	-0.968598	-0.964018	-0.957199	-0.948143	-0.936854	-0.923343	-0.907621	-0.889707	-0.869621	-0.847393	-0.823055	-0.796645	-0.768209	-0.737796	-0.705466	-0.671281	-0.635314	-0.597643	-0.558352	-0.517534	-0.475288	-0.43172	-0.386941	-0.341069	-0.294228	-0.246546	-0.198156	-0.149194	-0.0998013	-0.0501192	-0.000291769	0.0495364	0.0992208	0.148617	0.197584	0.245981	0.293671	0.340521	0.386404	0.431195	0.474777	0.517037	0.55787	0.597177	0.634866	0.670851	0.705054	0.737405	0.767838	0.796295	0.822727	0.847088	0.869338	0.889446	0.907384	0.92313	0.936665	0.947978	0.957058	0.963902	0.968507	0.970875	0.971013	0.968928	0.964631	0.958136	0.94946	0.938624	0.925648	0.910558	0.893384	0.874155	0.852908	0.82968	0.804515	0.777457	0.748559	0.717874	0.685463	0.651391	0.615726	0.578544	0.539925	0.499954	0.458723	0.416325	0.372863	0.32844	0.283167	0.237157	0.190528	0.143398	0.0958911	0.0481314	0.000244661	



0.000267997	-0.0511004	-0.102336	-0.153306	-0.203878	-0.253923	-0.303313	-0.351924	-0.399636	-0.44633	-0.491895	-0.536222	-0.579208	-0.620755	-0.660771	-0.699167	-0.735862	-0.770778	-0.803844	-0.834994	-0.864166	-0.891302	-0.916352	-0.939266	-0.960002	-0.97852	-0.994784	-1.00876	-1.02043	-1.02975	-1.03672	-1.0413	-1.0435	-1.04328	-1.04066	-1.03561	-1.02815	-1.01828	-1.006	-0.991326	-0.974273	-0.954865	-0.933128	-0.909094	-0.882803	-0.854298	-0.82363	-0.790857	-0.756043	-0.71926	-0.680585	-0.640105	-0.59791	-0.554102	-0.508786	-0.462075	-0.414088	-0.364951	-0.314795	-0.263755	-0.211971	-0.159587	-0.106751	-0.0536106	-0.000318173	0.0529751	0.106117	0.158958	0.211347	0.263138	0.314187	0.364353	0.413501	0.461501	0.508226	0.553557	0.597382	0.639594	0.680094	0.718788	0.755592	0.790427	0.823222	0.853913	0.882442	0.908757	0.932816	0.954578	0.974012	0.99109	1.00579	1.0181	1.028	1.03549	1.04056	1.04321	1.04345	1.04128	1.03672	1.02979	1.02049	1.00885	0.994897	0.978659	0.960167	0.939456	0.916567	0.891542	0.864429	0.83528	0.804153	0.771108	0.736213	0.699538	0.661161	0.621164	0.579633	0.536663	0.492351	0.4468	0.400119	0.352419	0.303817	0.254436	0.204398	0.153832	0.102867	0.0516342	0.000267534	



0.000291881	-0.0547646	-0.10968	-0.164315	-0.218529	-0.272184	-0.325146	-0.377282	-0.428463	-0.478565	-0.527466	-0.575051	-0.621209	-0.665834	-0.708824	-0.750086	-0.789528	-0.827068	-0.862625	-0.896126	-0.927504	-0.956695	-0.98364	-1.00829	-1.03059	-1.05049	-1.06797	-1.08298	-1.09549	-1.10547	-1.11291	-1.11777	-1.12005	-1.11974	-1.11682	-1.11129	-1.10316	-1.09242	-1.0791	-1.0632	-1.04475	-1.02377	-1.0003	-0.974361	-0.946012	-0.915299	-0.882279	-0.847017	-0.809583	-0.770057	-0.728522	-0.685074	-0.63981	-0.59284	-0.544276	-0.494239	-0.442857	-0.390263	-0.336595	-0.281997	-0.226616	-0.170605	-0.114118	-0.0573119	-0.000345669	0.0566214	0.11343	0.169921	0.225938	0.281326	0.335934	0.389612	0.442219	0.493614	0.543666	0.592246	0.639235	0.684517	0.727986	0.769542	0.809091	0.846547	0.881834	0.914878	0.945617	0.973992	0.999953	1.02346	1.04446	1.06295	1.07887	1.09222	1.10299	1.11115	1.11671	1.11966	1.12	1.11775	1.11291	1.10551	1.09556	1.08307	1.06809	1.05065	1.03077	1.00849	0.983875	0.956956	0.927791	0.896439	0.862962	0.827428	0.789911	0.750491	0.70925	0.666279	0.621673	0.575533	0.527964	0.479077	0.428989	0.377821	0.325695	0.272743	0.219096	0.164888	0.110258	0.055346	0.000291377	



0.000316682	-0.0586501	-0.117468	-0.175988	-0.234062	-0.291544	-0.34829	-0.40416	-0.459017	-0.512726	-0.565159	-0.616192	-0.665705	-0.713584	-0.75972	-0.804009	-0.846355	-0.886664	-0.924852	-0.960836	-0.994541	-1.0259	-1.05484	-1.08132	-1.10527	-1.12664	-1.14539	-1.16149	-1.17489	-1.18557	-1.1935	-1.19866	-1.20104	-1.20061	-1.19738	-1.19135	-1.18251	-1.17087	-1.15645	-1.13926	-1.11933	-1.0967	-1.07139	-1.04345	-1.01293	-0.979889	-0.944387	-0.906496	-0.866295	-0.82387	-0.779313	-0.732725	-0.684215	-0.633898	-0.581896	-0.528338	-0.47336	-0.417102	-0.359713	-0.301343	-0.242149	-0.182291	-0.121932	-0.0612373	-0.000374192	0.0604898	0.121187	0.18155	0.241415	0.300617	0.358996	0.416397	0.472668	0.527661	0.581235	0.633255	0.683591	0.732121	0.77873	0.823309	0.865759	0.905985	0.943902	0.979431	1.0125	1.04305	1.07102	1.09636	1.11902	1.13898	1.1562	1.17065	1.18232	1.19119	1.19726	1.20052	1.20098	1.19863	1.19351	1.18561	1.17496	1.16159	1.14553	1.1268	1.10546	1.08154	1.0551	1.02618	0.994853	0.961175	0.925218	0.887056	0.846771	0.804449	0.760182	0.714068	0.666209	0.616715	0.5657	0.513282	0.459588	0.404745	0.348886	0.29215	0.234677	0.17661	0.118095	0.0592809	0.000316134	



0.00034233	-0.0627724	-0.125729	-0.18837	-0.250538	-0.312077	-0.372836	-0.432664	-0.491415	-0.548947	-0.605122	-0.659806	-0.712871	-0.764194	-0.813658	-0.86115	-0.906565	-0.949803	-0.99077	-1.02938	-1.06554	-1.09919	-1.13024	-1.15865	-1.18433	-1.20725	-1.22736	-1.2446	-1.25894	-1.27036	-1.27881	-1.28428	-1.28676	-1.28622	-1.28267	-1.2761	-1.26651	-1.25392	-1.23834	-1.2198	-1.19832	-1.17393	-1.14669	-1.11663	-1.08382	-1.04832	-1.0102	-0.969527	-0.9264	-0.880908	-0.833154	-0.783245	-0.731298	-0.677437	-0.621793	-0.564504	-0.505714	-0.445573	-0.384237	-0.321867	-0.258628	-0.194689	-0.130222	-0.0654017	-0.000403662	0.0645953	0.129419	0.19389	0.257836	0.321083	0.383464	0.444812	0.504967	0.563772	0.621079	0.676741	0.730623	0.782591	0.832523	0.880302	0.925819	0.968973	1.00967	1.04782	1.08336	1.1162	1.14628	1.17356	1.19798	1.21949	1.23807	1.25368	1.2663	1.27593	1.28253	1.28612	1.28669	1.28426	1.27882	1.2704	1.25902	1.24471	1.2275	1.20743	1.18455	1.15889	1.13052	1.09949	1.06588	1.02974	0.991166	0.950227	0.907016	0.861626	0.814158	0.764718	0.713416	0.660372	0.605707	0.549549	0.492033	0.433296	0.373481	0.312733	0.251202	0.189042	0.126407	0.0634543	0.000341738	



0.000368743	-0.0671476	-0.134496	-0.20151	-0.268021	-0.333865	-0.39888	-0.462906	-0.525787	-0.587371	-0.647511	-0.706064	-0.762892	-0.817862	-0.87085	-0.921733	-0.970397	-1.01673	-1.06064	-1.10202	-1.14079	-1.17685	-1.21014	-1.24058	-1.26811	-1.29266	-1.31419	-1.33264	-1.34798	-1.36017	-1.36918	-1.37498	-1.37756	-1.37691	-1.37301	-1.36587	-1.3555	-1.3419	-1.32511	-1.30513	-1.282	-1.25578	-1.22649	-1.1942	-1.15897	-1.12086	-1.07996	-1.03636	-0.990132	-0.941396	-0.890256	-0.836829	-0.781242	-0.723626	-0.664122	-0.602877	-0.540045	-0.475785	-0.410263	-0.343649	-0.276117	-0.207848	-0.139021	-0.0698211	-0.000433986	0.0689541	0.138157	0.206989	0.275266	0.342806	0.409431	0.474966	0.539241	0.60209	0.663353	0.722877	0.780514	0.836124	0.889576	0.940742	0.989506	1.03576	1.07939	1.12032	1.15846	1.19373	1.22605	1.25537	1.28164	1.30479	1.32481	1.34164	1.35528	1.36569	1.37286	1.3768	1.37749	1.37495	1.36918	1.36021	1.34806	1.33276	1.31434	1.29285	1.26833	1.24084	1.21044	1.17718	1.14115	1.10242	1.06107	1.01719	0.970882	0.922246	0.871389	0.818427	0.763479	0.706673	0.648141	0.58802	0.526452	0.463587	0.399574	0.334571	0.268737	0.202234	0.135227	0.0678821	0.000368105	



0.000395823	-0.0717931	-0.143804	-0.215459	-0.28658	-0.356992	-0.426523	-0.495003	-0.562265	-0.628147	-0.692492	-0.755147	-0.815963	-0.8748	-0.93152	-0.985995	-1.0381	-1.08772	-1.13473	-1.17905	-1.22057	-1.25919	-1.29484	-1.32744	-1.35691	-1.38319	-1.40623	-1.42596	-1.44235	-1.45536	-1.46495	-1.47111	-1.4738	-1.47302	-1.46877	-1.46103	-1.44983	-1.43517	-1.41708	-1.39559	-1.37073	-1.34255	-1.3111	-1.27645	-1.23865	-1.1978	-1.15396	-1.10724	-1.05774	-1.00557	-0.95084	-0.893687	-0.83424	-0.772644	-0.709047	-0.643607	-0.576487	-0.507856	-0.437892	-0.366773	-0.294685	-0.221817	-0.148362	-0.0745123	-0.00046505	0.0735833	0.147436	0.220897	0.293772	0.365869	0.437	0.506978	0.575624	0.642762	0.708221	0.771839	0.833459	0.89293	0.95011	1.00486	1.05707	1.1066	1.15335	1.19722	1.23811	1.27594	1.31063	1.34211	1.37033	1.39523	1.41676	1.43489	1.44959	1.46083	1.46861	1.4729	1.47372	1.47107	1.46496	1.45541	1.44244	1.42609	1.40639	1.3834	1.35715	1.32772	1.29516	1.25955	1.22096	1.17948	1.13519	1.08821	1.03862	0.986546	0.9321	0.875406	0.816594	0.755801	0.693169	0.628844	0.56298	0.495734	0.427269	0.35775	0.287349	0.216236	0.144588	0.0725816	0.000395138	



0.000423458	-0.0767271	-0.153689	-0.230271	-0.306287	-0.38155	-0.455875	-0.529082	-0.600993	-0.671436	-0.740242	-0.807247	-0.872293	-0.935229	-0.995907	-1.05419	-1.10994	-1.16303	-1.21335	-1.26077	-1.3052	-1.34654	-1.38468	-1.41956	-1.45109	-1.4792	-1.50383	-1.52492	-1.54243	-1.5563	-1.56652	-1.57304	-1.57585	-1.57494	-1.57031	-1.56194	-1.54986	-1.53408	-1.51462	-1.49153	-1.46484	-1.43459	-1.40086	-1.3637	-1.32319	-1.27942	-1.23248	-1.18246	-1.12949	-1.07367	-1.01514	-0.954038	-0.8905	-0.824681	-0.756742	-0.68685	-0.615179	-0.54191	-0.46723	-0.391328	-0.314403	-0.236652	-0.158281	-0.0794933	-0.000496725	0.078501	0.157292	0.235669	0.313427	0.390363	0.466277	0.540972	0.614257	0.685947	0.755859	0.82382	0.889664	0.953228	1.01436	1.07292	1.12877	1.18177	1.23182	1.2788	1.32261	1.36315	1.40035	1.43413	1.46441	1.49114	1.51428	1.53378	1.5496	1.56173	1.57013	1.57482	1.57577	1.573	1.56652	1.55635	1.54252	1.52506	1.50401	1.47942	1.45135	1.41986	1.38503	1.34692	1.30562	1.26123	1.21384	1.16356	1.1105	1.05478	0.996527	0.935877	0.872969	0.807948	0.740966	0.672181	0.601758	0.529864	0.456673	0.382361	0.30711	0.231103	0.154527	0.0775707	0.000422725	



0.000451515	-0.0819693	-0.164189	-0.246006	-0.32722	-0.407633	-0.487049	-0.565275	-0.642122	-0.717406	-0.790947	-0.862569	-0.932103	-0.999386	-1.06426	-1.12658	-1.18619	-1.24297	-1.29678	-1.3475	-1.39502	-1.43922	-1.48002	-1.51731	-1.55102	-1.58107	-1.60739	-1.62991	-1.6486	-1.66339	-1.67426	-1.68118	-1.68412	-1.68307	-1.67803	-1.669	-1.65599	-1.63902	-1.61812	-1.59333	-1.56469	-1.53226	-1.49611	-1.4563	-1.41292	-1.36606	-1.31582	-1.26231	-1.20565	-1.14598	-1.08342	-1.01812	-0.950238	-0.879939	-0.807392	-0.732775	-0.656273	-0.578079	-0.498391	-0.41741	-0.335346	-0.25241	-0.168816	-0.0847831	-0.000528857	0.0837266	0.167764	0.251363	0.334307	0.416382	0.497376	0.57708	0.655291	0.731812	0.806451	0.879022	0.949347	1.01725	1.08258	1.14517	1.20488	1.26158	1.31512	1.3654	1.4123	1.45572	1.49557	1.53176	1.56424	1.59292	1.61775	1.6387	1.65571	1.66877	1.67785	1.68293	1.68403	1.68114	1.67427	1.66344	1.64869	1.63006	1.60758	1.5813	1.5513	1.51764	1.48038	1.43963	1.39546	1.34799	1.29731	1.24353	1.18679	1.12721	1.06492	1.00008	0.932823	0.863316	0.791718	0.718201	0.642938	0.566109	0.4879	0.408498	0.328097	0.246893	0.165083	0.0828687	0.000450733	



0.000479843	-0.0875402	-0.175346	-0.262724	-0.349461	-0.435345	-0.520168	-0.603725	-0.685814	-0.766238	-0.844805	-0.921328	-0.995625	-1.06752	-1.13685	-1.20345	-1.26717	-1.32785	-1.38537	-1.43958	-1.49037	-1.53762	-1.58122	-1.62108	-1.65709	-1.68919	-1.7173	-1.74135	-1.76128	-1.77705	-1.78862	-1.79595	-1.79902	-1.79783	-1.79236	-1.78262	-1.76863	-1.7504	-1.72797	-1.70139	-1.67069	-1.63594	-1.59722	-1.5546	-1.50818	-1.45804	-1.40431	-1.3471	-1.28654	-1.22276	-1.15592	-1.08618	-1.01369	-0.938634	-0.861194	-0.78156	-0.699928	-0.616503	-0.531495	-0.445119	-0.357596	-0.26915	-0.180009	-0.090402	-0.000561275	0.0892807	0.178891	0.268039	0.356494	0.444028	0.530418	0.615442	0.698885	0.780537	0.860194	0.937659	1.01274	1.08526	1.15504	1.22191	1.28572	1.34632	1.40357	1.45734	1.50751	1.55398	1.59665	1.63541	1.6702	1.70094	1.72758	1.75006	1.76833	1.78238	1.79216	1.79768	1.79892	1.7959	1.78862	1.7771	1.76138	1.7415	1.7175	1.68944	1.65739	1.62142	1.58161	1.53805	1.49084	1.4401	1.38592	1.32845	1.2678	1.20412	1.13756	1.06826	0.996391	0.922122	0.845625	0.767082	0.68668	0.604611	0.521072	0.436264	0.350393	0.263667	0.176297	0.088496	0.000479013	



0.000508273	-0.0934619	-0.187205	-0.280492	-0.373096	-0.464793	-0.555361	-0.644581	-0.732238	-0.818122	-0.902027	-0.983754	-1.06311	-1.13991	-1.21396	-1.28511	-1.35317	-1.41801	-1.47945	-1.53737	-1.59163	-1.64211	-1.68868	-1.73125	-1.76972	-1.804	-1.834	-1.85966	-1.88091	-1.89771	-1.91002	-1.91779	-1.92101	-1.91966	-1.91374	-1.90325	-1.88822	-1.86866	-1.84461	-1.81612	-1.78324	-1.74604	-1.7046	-1.659	-1.60934	-1.55573	-1.49829	-1.43715	-1.37245	-1.30432	-1.23294	-1.15848	-1.0811	-1.00099	-0.918356	-0.833393	-0.746312	-0.657331	-0.566671	-0.474563	-0.38124	-0.286939	-0.191902	-0.0963714	-0.000593778	0.0951852	0.190719	0.285763	0.380073	0.473409	0.565531	0.656207	0.745208	0.832311	0.917298	0.99996	1.08009	1.1575	1.232	1.30342	1.37158	1.43632	1.49751	1.55499	1.60864	1.65834	1.70398	1.74547	1.78272	1.81565	1.84419	1.86829	1.8879	1.90299	1.91353	1.9195	1.92091	1.91774	1.91002	1.89777	1.88102	1.85982	1.83421	1.80426	1.77003	1.73162	1.68909	1.64256	1.59213	1.53792	1.48004	1.41864	1.35384	1.28582	1.21471	1.14068	1.06392	0.984595	0.902896	0.819016	0.733156	0.64552	0.556319	0.465767	0.374083	0.28149	0.188211	0.0944744	0.000507393	



0.000536608	-0.0997578	-0.19981	-0.299377	-0.398218	-0.496093	-0.592766	-0.688003	-0.781576	-0.87326	-0.962836	-1.05009	-1.13482	-1.21682	-1.29589	-1.37186	-1.44455	-1.51378	-1.5794	-1.64125	-1.6992	-1.7531	-1.80283	-1.84828	-1.88934	-1.92592	-1.95794	-1.98531	-2.00797	-2.02586	-2.03895	-2.04719	-2.05056	-2.04905	-2.04265	-2.03137	-2.01523	-1.99425	-1.96848	-1.93797	-1.90278	-1.86297	-1.81865	-1.76989	-1.7168	-1.65951	-1.59814	-1.53282	-1.46372	-1.39098	-1.31478	-1.2353	-1.15272	-1.06725	-0.979101	-0.888477	-0.795606	-0.70072	-0.604056	-0.505855	-0.406367	-0.305844	-0.20454	-0.102714	-0.000626146	0.101463	0.203293	0.304604	0.405137	0.504638	0.602853	0.699535	0.794441	0.887335	0.977984	1.06617	1.15166	1.23427	1.31379	1.39002	1.4628	1.53195	1.5973	1.65872	1.71606	1.76919	1.818	1.86238	1.90223	1.93748	1.96804	1.99386	2.01489	2.03109	2.04242	2.04888	2.05045	2.04713	2.03895	2.02592	2.00808	1.98547	1.95816	1.9262	1.88967	1.84866	1.80326	1.75358	1.69972	1.64183	1.58002	1.51445	1.44526	1.37261	1.29668	1.21764	1.13567	1.05098	0.963754	0.874205	0.782545	0.688995	0.593777	0.497121	0.39926	0.300431	0.200873	0.100827	0.00053568	



0.000564633	-0.106453	-0.213212	-0.319456	-0.424926	-0.529367	-0.632529	-0.734162	-0.834021	-0.931869	-1.02747	-1.1206	-1.21103	-1.29856	-1.38297	-1.46406	-1.54165	-1.61556	-1.6856	-1.75163	-1.81348	-1.87102	-1.9241	-1.97261	-2.01643	-2.05546	-2.0896	-2.11878	-2.14293	-2.16199	-2.1759	-2.18464	-2.18817	-2.18649	-2.17958	-2.16746	-2.15014	-2.12767	-2.10008	-2.06742	-2.02977	-1.98721	-1.93982	-1.8877	-1.83098	-1.76978	-1.70423	-1.63449	-1.56071	-1.48307	-1.40175	-1.31694	-1.22885	-1.13768	-1.04366	-0.947023	-0.848	-0.74684	-0.643792	-0.539117	-0.433076	-0.325938	-0.217973	-0.109454	-0.000658126	0.10814	0.216662	0.324635	0.431783	0.537837	0.642528	0.745594	0.846776	0.945822	1.04249	1.13653	1.22773	1.31586	1.4007	1.48206	1.55974	1.63356	1.70335	1.76894	1.8302	1.88697	1.93913	1.98658	2.0292	2.0669	2.09961	2.12726	2.14979	2.16716	2.17934	2.18631	2.18805	2.18458	2.1759	2.16205	2.14305	2.11896	2.08983	2.05574	2.01677	1.97301	1.92455	1.87152	1.81404	1.75224	1.68626	1.61626	1.5424	1.46485	1.38379	1.29942	1.21193	1.12153	1.02844	0.932863	0.835041	0.735205	0.633592	0.530449	0.426022	0.320565	0.214331	0.107578	0.000563657	



0.000592104	-0.113573	-0.227464	-0.340806	-0.453323	-0.564746	-0.674805	-0.783236	-0.889779	-0.994178	-1.09618	-1.19555	-1.29205	-1.38545	-1.47552	-1.56206	-1.64486	-1.72373	-1.79848	-1.86894	-1.93494	-1.99633	-2.05297	-2.10472	-2.15147	-2.19309	-2.2295	-2.26061	-2.28634	-2.30663	-2.32142	-2.33069	-2.33439	-2.33252	-2.32507	-2.31206	-2.2935	-2.26943	-2.2399	-2.20498	-2.16472	-2.11922	-2.06858	-2.0129	-1.95232	-1.88696	-1.81698	-1.74253	-1.66379	-1.58095	-1.49419	-1.40372	-1.30976	-1.21254	-1.11229	-1.00926	-0.903698	-0.795867	-0.686036	-0.574477	-0.46147	-0.347299	-0.232252	-0.116618	-0.000689438	0.11524	0.230879	0.345934	0.460115	0.573135	0.684711	0.794562	0.902414	1.008	1.11106	1.21134	1.30859	1.40259	1.49309	1.57989	1.66278	1.74156	1.81606	1.88609	1.95149	2.01213	2.06786	2.11856	2.16411	2.20443	2.23941	2.269	2.29313	2.31175	2.32482	2.33233	2.33426	2.33062	2.32142	2.30669	2.28646	2.26079	2.22975	2.1934	2.15183	2.10514	2.05345	1.99686	1.93552	1.86957	1.79916	1.72446	1.64564	1.56288	1.47639	1.38635	1.29299	1.19653	1.0972	0.99522	0.890848	0.78433	0.67592	0.56588	0.454473	0.341968	0.228637	0.114753	0.00059108	



0.00061875	-0.121148	-0.242622	-0.36351	-0.483522	-0.602367	-0.71976	-0.835419	-0.949066	-1.06043	-1.16924	-1.27525	-1.37819	-1.47782	-1.57391	-1.66624	-1.75457	-1.83871	-1.91846	-1.99363	-2.06404	-2.12953	-2.18995	-2.24514	-2.29499	-2.33938	-2.37819	-2.41134	-2.43875	-2.46035	-2.47607	-2.4859	-2.48978	-2.48771	-2.47969	-2.46573	-2.44585	-2.42009	-2.38851	-2.35117	-2.30814	-2.25953	-2.20543	-2.14597	-2.08129	-2.01152	-1.93682	-1.85738	-1.77337	-1.68499	-1.59245	-1.49597	-1.39578	-1.29213	-1.18526	-1.07543	-0.962914	-0.847993	-0.730948	-0.612071	-0.491658	-0.37001	-0.247432	-0.124232	-0.000719772	0.122794	0.245999	0.368584	0.490243	0.610671	0.729565	0.84663	0.961574	1.07411	1.18397	1.29087	1.39456	1.49479	1.59131	1.68389	1.77231	1.85637	1.93586	2.0106	2.08043	2.14517	2.20468	2.25883	2.30751	2.35059	2.388	2.41964	2.44546	2.4654	2.47943	2.48752	2.48965	2.48583	2.47607	2.46041	2.43888	2.41153	2.37845	2.33969	2.29537	2.24558	2.19044	2.13008	2.06465	1.99429	1.91918	1.83948	1.75539	1.6671	1.57482	1.47877	1.37917	1.27627	1.1703	1.06152	0.950183	0.836562	0.720926	0.603552	0.484723	0.364725	0.243847	0.12238	0.00061768	



0.000644272	-0.129206	-0.258744	-0.387659	-0.51564	-0.642378	-0.76757	-0.890914	-1.01212	-1.13088	-1.24693	-1.35999	-1.46978	-1.57605	-1.67854	-1.77701	-1.87122	-1.96097	-2.04603	-2.1262	-2.20129	-2.27113	-2.33556	-2.39442	-2.44756	-2.49488	-2.53625	-2.57157	-2.60075	-2.62374	-2.64046	-2.65087	-2.65495	-2.65267	-2.64404	-2.62907	-2.60779	-2.58024	-2.54647	-2.50656	-2.46059	-2.40867	-2.35091	-2.28743	-2.21839	-2.14393	-2.06423	-1.97948	-1.88987	-1.79561	-1.69693	-1.59406	-1.48725	-1.37675	-1.26284	-1.14578	-1.02588	-0.903419	-0.778705	-0.652046	-0.523757	-0.394157	-0.263572	-0.132326	-0.000748783	0.13083	0.26208	0.392674	0.522285	0.650589	0.777266	0.902001	1.02448	1.14442	1.2615	1.37544	1.48598	1.59283	1.69574	1.79446	1.88877	1.97843	2.06323	2.14298	2.21749	2.28659	2.35013	2.40795	2.45993	2.50596	2.54593	2.57977	2.60738	2.62873	2.64377	2.65247	2.65481	2.6508	2.64045	2.6238	2.60088	2.57176	2.53651	2.49521	2.44795	2.39487	2.33607	2.27171	2.20192	2.12689	2.04677	1.96177	1.87207	1.7779	1.67948	1.57703	1.47081	1.36105	1.24803	1.13202	1.01328	0.892104	0.768783	0.643612	0.516891	0.388924	0.26002	0.130489	0.000643158	



0.00066834	-0.137779	-0.275895	-0.413346	-0.549803	-0.684936	-0.818421	-0.949939	-1.07917	-1.20581	-1.32956	-1.45011	-1.56719	-1.6805	-1.78979	-1.8948	-1.99527	-2.09097	-2.18167	-2.26715	-2.34722	-2.42169	-2.49038	-2.55312	-2.60977	-2.6602	-2.70428	-2.7419	-2.77298	-2.79744	-2.81521	-2.82626	-2.83054	-2.82804	-2.81876	-2.80272	-2.77995	-2.75049	-2.7144	-2.67177	-2.62268	-2.56724	-2.50558	-2.43783	-2.36415	-2.28472	-2.1997	-2.1093	-2.01374	-1.91323	-1.80802	-1.69836	-1.5845	-1.46673	-1.34533	-1.2206	-1.09284	-0.96236	-0.82949	-0.694555	-0.557891	-0.419835	-0.280733	-0.14093	-0.000776092	0.13938	0.279187	0.418298	0.556365	0.693045	0.827998	0.960889	1.09139	1.21918	1.34394	1.46538	1.58318	1.69708	1.80679	1.91204	2.0126	2.10821	2.19866	2.28373	2.36322	2.43696	2.50476	2.56649	2.62199	2.67114	2.71384	2.75	2.77953	2.80237	2.81848	2.82782	2.83039	2.82618	2.81521	2.79751	2.77312	2.74211	2.70455	2.66054	2.61018	2.55359	2.49091	2.42229	2.34788	2.26787	2.18244	2.09179	1.99615	1.89573	1.79077	1.68153	1.56825	1.45122	1.3307	1.20699	1.08038	0.951173	0.81968	0.686216	0.5511	0.414658	0.277218	0.13911	0.000667186	



0.000690593	-0.146902	-0.294141	-0.440673	-0.586145	-0.730207	-0.872514	-1.01272	-1.1505	-1.28551	-1.41744	-1.54597	-1.67079	-1.7916	-1.90812	-2.02007	-2.12719	-2.22922	-2.32591	-2.41705	-2.50241	-2.58179	-2.65501	-2.72188	-2.78226	-2.83599	-2.88295	-2.92302	-2.95611	-2.98213	-3.00103	-3.01274	-3.01723	-3.0145	-3.00453	-2.98736	-2.963	-2.93151	-2.89296	-2.84742	-2.79501	-2.73584	-2.67004	-2.59775	-2.51915	-2.43442	-2.34375	-2.24736	-2.14546	-2.03831	-1.92616	-1.80927	-1.68793	-1.56243	-1.43307	-1.30016	-1.16405	-1.02504	-0.8835	-0.739764	-0.594191	-0.447142	-0.298982	-0.150078	-0.000801282	0.148477	0.297386	0.445555	0.592616	0.738205	0.881959	1.02353	1.16255	1.2987	1.43163	1.56103	1.68657	1.80795	1.92488	2.03708	2.14428	2.24623	2.34267	2.4334	2.51819	2.59685	2.6692	2.73506	2.7943	2.84678	2.89238	2.931	2.96256	2.98699	3.00424	3.01428	3.01708	3.01266	3.00102	2.9822	2.95625	2.92323	2.88323	2.83634	2.78268	2.72237	2.65556	2.58241	2.50309	2.41779	2.32671	2.23007	2.1281	2.02103	1.90913	1.79266	1.67189	1.54711	1.41862	1.28673	1.15175	1.014	0.873814	0.731529	0.587486	0.442029	0.295509	0.148278	0.000689401	



0.000710635	-0.156611	-0.313555	-0.469746	-0.624808	-0.778369	-0.930059	-1.07951	-1.22638	-1.3703	-1.51093	-1.64793	-1.78099	-1.90977	-2.03398	-2.15332	-2.2675	-2.37626	-2.47933	-2.57647	-2.66746	-2.75206	-2.83009	-2.90136	-2.96569	-3.02293	-3.07295	-3.11563	-3.15085	-3.17854	-3.19862	-3.21104	-3.21576	-3.21278	-3.20208	-3.18369	-3.15765	-3.124	-3.08283	-3.03422	-2.97828	-2.91513	-2.84493	-2.76782	-2.68399	-2.59362	-2.49695	-2.39417	-2.28555	-2.17134	-2.0518	-1.92723	-1.79793	-1.6642	-1.52638	-1.38479	-1.23978	-1.09171	-0.940944	-0.787847	-0.6328	-0.476184	-0.318389	-0.159804	-0.0008239	0.158158	0.316748	0.474552	0.63118	0.786244	0.93936	1.09015	1.23825	1.38328	1.5249	1.66277	1.79653	1.92588	2.05049	2.17007	2.28434	2.39301	2.49584	2.59257	2.683	2.76689	2.84406	2.91433	2.97755	3.03356	3.08224	3.12348	3.1572	3.18331	3.20177	3.21255	3.21561	3.21095	3.19861	3.17861	3.15099	3.11584	3.07324	3.02329	2.96612	2.90186	2.83066	2.7527	2.66815	2.57723	2.48015	2.37714	2.26844	2.15431	2.03502	1.91086	1.78212	1.64911	1.51214	1.37155	1.22766	1.08083	0.931397	0.779729	0.626188	0.471142	0.314963	0.158026	0.000709408	



0.000728033	-0.166943	-0.334214	-0.500681	-0.665945	-0.82961	-0.991282	-1.15057	-1.3071	-1.46049	-1.61038	-1.75641	-1.89822	-2.03548	-2.16787	-2.29506	-2.41676	-2.53267	-2.64252	-2.74605	-2.84301	-2.93317	-3.01631	-3.09225	-3.16078	-3.22176	-3.27504	-3.32047	-3.35797	-3.38742	-3.40876	-3.42193	-3.4269	-3.42364	-3.41217	-3.39249	-3.36466	-3.32872	-3.28476	-3.23288	-3.17318	-3.10582	-3.03093	-2.94869	-2.8593	-2.76295	-2.65988	-2.55033	-2.43455	-2.31282	-2.18544	-2.0527	-1.91493	-1.77246	-1.62563	-1.4748	-1.32034	-1.16263	-1.00205	-0.838991	-0.673864	-0.507073	-0.339029	-0.170146	-0.000843449	0.168461	0.337349	0.505402	0.672206	0.837349	1.00042	1.16103	1.31877	1.47326	1.62412	1.77099	1.9135	2.05131	2.18409	2.31153	2.4333	2.54913	2.65874	2.76187	2.85828	2.94774	3.03004	3.105	3.17243	3.2322	3.28415	3.32819	3.3642	3.39211	3.41186	3.42341	3.42674	3.42185	3.40875	3.38749	3.35811	3.32069	3.27533	3.22213	3.16122	3.09276	3.01689	2.93382	2.84372	2.74683	2.64336	2.53357	2.41772	2.29607	2.16893	2.0366	1.89938	1.75761	1.61162	1.46177	1.30842	1.15192	0.992652	0.831004	0.667359	0.50211	0.335655	0.168393	0.000726777	



0.00074232	-0.177941	-0.356197	-0.533598	-0.709717	-0.884132	-1.05642	-1.22618	-1.39299	-1.55646	-1.71619	-1.87181	-2.02294	-2.16922	-2.31031	-2.44585	-2.57554	-2.69906	-2.81612	-2.92644	-3.02975	-3.12582	-3.2144	-3.2953	-3.36831	-3.43325	-3.48998	-3.53836	-3.57826	-3.60959	-3.63227	-3.64625	-3.65147	-3.64793	-3.63562	-3.61458	-3.58484	-3.54646	-3.49954	-3.44418	-3.38049	-3.30863	-3.22877	-3.14108	-3.04576	-2.94305	-2.83319	-2.71642	-2.59303	-2.46332	-2.32759	-2.18616	-2.03939	-1.88761	-1.73121	-1.57055	-1.40603	-1.23806	-1.06704	-0.893393	-0.717545	-0.539928	-0.360981	-0.181143	-0.000859392	0.179426	0.359269	0.538226	0.715855	0.89172	1.06539	1.23643	1.40443	1.56898	1.72967	1.88611	2.03793	2.18475	2.32622	2.462	2.59176	2.71521	2.83203	2.94196	3.04473	3.1401	3.22786	3.3078	3.37973	3.44348	3.49892	3.54592	3.58437	3.61418	3.6353	3.64769	3.6513	3.64616	3.63226	3.60966	3.57841	3.53858	3.49028	3.43363	3.36875	3.29582	3.21499	3.12648	3.03048	2.92723	2.81698	2.69998	2.57652	2.44688	2.31139	2.17036	2.02412	1.87304	1.71746	1.55776	1.39433	1.22755	1.05782	0.885553	0.711158	0.535056	0.357667	0.17942	0.00074104	



0.000752987	-0.189648	-0.379593	-0.568627	-0.756296	-0.942148	-1.12574	-1.30663	-1.48438	-1.65857	-1.82878	-1.9946	-2.15564	-2.31152	-2.46185	-2.60628	-2.74447	-2.87608	-3.00081	-3.11835	-3.22842	-3.33077	-3.42513	-3.5113	-3.58906	-3.65823	-3.71864	-3.77014	-3.8126	-3.84593	-3.87003	-3.88485	-3.89035	-3.8865	-3.87332	-3.85081	-3.81905	-3.77808	-3.72801	-3.66894	-3.60101	-3.52437	-3.43921	-3.34572	-3.24411	-3.13464	-3.01754	-2.8931	-2.76162	-2.62341	-2.4788	-2.32814	-2.17178	-2.01011	-1.84352	-1.6724	-1.49719	-1.3183	-1.13618	-0.951264	-0.76401	-0.574877	-0.38433	-0.192838	-0.000871148	0.191097	0.382595	0.573151	0.762297	0.949568	1.1345	1.31665	1.49557	1.67081	1.84196	2.00859	2.1703	2.3267	2.47741	2.62207	2.76034	2.89187	3.01637	3.13352	3.24306	3.34473	3.43829	3.52353	3.60023	3.66823	3.72737	3.77752	3.81857	3.85041	3.87299	3.88626	3.89018	3.88476	3.87002	3.846	3.81275	3.77036	3.71894	3.65861	3.58952	3.51183	3.42573	3.33143	3.22916	3.11915	3.00168	2.87701	2.74546	2.60733	2.46295	2.31267	2.15684	1.99585	1.83007	1.65989	1.48574	1.30802	1.12716	0.94359	0.757758	0.570106	0.381084	0.191148	0.000751689	



0.000759486	-0.20211	-0.404494	-0.605907	-0.805865	-1.00389	-1.1995	-1.39223	-1.58163	-1.76722	-1.94858	-2.12526	-2.29685	-2.46293	-2.6231	-2.77698	-2.92421	-3.06443	-3.19731	-3.32253	-3.43979	-3.54881	-3.64933	-3.74111	-3.82393	-3.89758	-3.96189	-4.01671	-4.0619	-4.09735	-4.12297	-4.13869	-4.14447	-4.1403	-4.12617	-4.10212	-4.0682	-4.02447	-3.97104	-3.90804	-3.83559	-3.75388	-3.66309	-3.56342	-3.45512	-3.33845	-3.21366	-3.08107	-2.94098	-2.79373	-2.63967	-2.47917	-2.31263	-2.14043	-1.963	-1.78076	-1.59417	-1.40367	-1.20973	-1.01283	-0.81344	-0.612054	-0.409166	-0.205274	-0.000878089	0.20352	0.407418	0.610315	0.811714	1.01112	1.20805	1.40201	1.59253	1.77916	1.96143	2.13889	2.31113	2.47772	2.63827	2.79238	2.93968	3.07982	3.21248	3.33732	3.45406	3.56243	3.66216	3.75302	3.83481	3.90732	3.97041	4.02391	4.06771	4.10171	4.12584	4.14005	4.1443	4.1386	4.12296	4.09742	4.06205	4.01694	3.9622	3.89796	3.82438	3.74164	3.64994	3.54949	3.44053	3.32334	3.19819	3.06537	2.92521	2.77804	2.62421	2.46409	2.29806	2.12652	1.94988	1.76856	1.583	1.39364	1.20093	1.00534	0.807339	0.607398	0.405998	0.203623	0.000758178	



0.000761229	-0.215377	-0.430997	-0.645583	-0.858619	-1.06959	-1.278	-1.48334	-1.68512	-1.88285	-2.07607	-2.2643	-2.44711	-2.62404	-2.79468	-2.95862	-3.11547	-3.26485	-3.4064	-3.53979	-3.66469	-3.78082	-3.88788	-3.98562	-4.07381	-4.15224	-4.22071	-4.27905	-4.32714	-4.36484	-4.39207	-4.40875	-4.41483	-4.41031	-4.39519	-4.36948	-4.33326	-4.2866	-4.22961	-4.16241	-4.08516	-3.99804	-3.90126	-3.79503	-3.67961	-3.55528	-3.42231	-3.28104	-3.13179	-2.97492	-2.81082	-2.63986	-2.46247	-2.27908	-2.09012	-1.89605	-1.69735	-1.4945	-1.28799	-1.07833	-0.866026	-0.651604	-0.435586	-0.2185	-0.00087954	0.216743	0.433834	0.649862	0.864297	1.07662	1.2863	1.49283	1.69571	1.89444	2.08854	2.27754	2.46098	2.63841	2.80941	2.97357	3.13049	3.27979	3.42112	3.55415	3.67855	3.79404	3.90033	3.99719	4.08438	4.1617	4.22897	4.28604	4.33278	4.36907	4.39486	4.41006	4.41466	4.40865	4.39205	4.36491	4.32729	4.27928	4.22101	4.15262	4.07427	3.98615	3.88848	3.78149	3.66544	3.5406	3.40728	3.26579	3.11647	2.95968	2.79579	2.6252	2.44832	2.26556	2.07737	1.88419	1.68649	1.48474	1.27943	1.07105	0.860097	0.647078	0.432505	0.216893	0.000759918	



0.000757581	-0.229501	-0.459209	-0.687813	-0.914767	-1.13952	-1.36154	-1.5803	-1.79526	-2.00591	-2.21174	-2.41227	-2.60701	-2.7955	-2.97728	-3.15191	-3.31899	-3.47811	-3.6289	-3.77097	-3.90401	-4.02769	-4.14171	-4.2458	-4.3397	-4.4232	-4.49609	-4.55819	-4.60935	-4.64945	-4.67839	-4.69608	-4.70249	-4.6976	-4.68141	-4.65395	-4.61528	-4.5655	-4.50471	-4.43305	-4.35069	-4.25783	-4.15467	-4.04146	-3.91846	-3.78597	-3.64431	-3.4938	-3.3348	-3.16771	-2.99291	-2.81083	-2.62191	-2.42659	-2.22536	-2.01871	-1.80712	-1.59113	-1.37125	-1.14801	-0.921974	-0.69368	-0.463691	-0.232567	-0.000874779	0.230819	0.461948	0.691947	0.920254	1.14631	1.36956	1.58947	1.80549	2.01711	2.2238	2.42506	2.62042	2.80939	2.99151	3.16636	3.33351	3.49256	3.64312	3.78485	3.9174	4.04046	4.15374	4.25697	4.34991	4.43234	4.50407	4.56494	4.6148	4.65354	4.68108	4.69735	4.70232	4.69599	4.67837	4.64952	4.6095	4.55841	4.49639	4.42358	4.34016	4.24632	4.14231	4.02836	3.90475	3.77178	3.62977	3.47905	3.31999	3.15297	2.97838	2.79665	2.60822	2.41352	2.21303	2.00724	1.79662	1.5817	1.36297	1.14097	0.916237	0.689301	0.460709	0.23101	0.000756277	



0.000747865	-0.244539	-0.489239	-0.732764	-0.97453	-1.21396	-1.45047	-1.68349	-1.91248	-2.13687	-2.35614	-2.56975	-2.77719	-2.97797	-3.1716	-3.35762	-3.53559	-3.70508	-3.86567	-4.017	-4.15869	-4.2904	-4.41182	-4.52266	-4.62264	-4.71154	-4.78913	-4.85522	-4.90965	-4.9523	-4.98305	-5.00183	-5.00858	-5.00329	-4.98596	-4.95663	-4.91536	-4.86225	-4.79742	-4.72102	-4.63322	-4.53424	-4.42429	-4.30365	-4.1726	-4.03144	-3.88051	-3.72018	-3.55082	-3.37284	-3.18666	-2.99274	-2.79154	-2.58355	-2.36927	-2.14922	-1.92393	-1.69394	-1.45983	-1.22216	-0.981499	-0.738445	-0.493589	-0.247528	-0.000863033	0.245804	0.491871	0.736736	0.979802	1.22048	1.45817	1.69231	1.92232	2.14764	2.36772	2.58204	2.79007	2.99132	3.18528	3.37151	3.54954	3.71895	3.87935	4.03033	4.17155	4.30267	4.42338	4.53339	4.63245	4.72032	4.79679	4.8617	4.91488	4.95622	4.98563	5.00304	5.00841	5.00173	4.98304	4.95237	4.9098	4.85544	4.78942	4.71191	4.62309	4.52318	4.41241	4.29106	4.15942	4.01779	3.86653	3.706	3.53657	3.35866	3.17269	2.97911	2.77838	2.57098	2.35741	2.13819	1.91383	1.68487	1.45187	1.21539	0.975982	0.734233	0.49072	0.246029	0.000746579	



0.000731359	-0.260552	-0.521209	-0.780614	-1.03814	-1.29318	-1.54511	-1.79333	-2.03725	-2.27627	-2.50983	-2.73736	-2.95832	-3.17218	-3.37842	-3.57656	-3.76611	-3.94662	-4.11767	-4.27883	-4.42972	-4.56998	-4.69928	-4.8173	-4.92375	-5.01838	-5.10097	-5.17131	-5.22922	-5.27458	-5.30726	-5.32718	-5.33429	-5.32857	-5.31003	-5.27871	-5.23468	-5.17803	-5.1089	-5.02745	-4.93386	-4.82836	-4.7112	-4.58265	-4.44302	-4.29263	-4.13185	-3.96106	-3.78067	-3.59111	-3.39283	-3.18631	-2.97205	-2.75057	-2.5224	-2.28809	-2.04821	-1.80335	-1.55409	-1.30105	-1.04483	-0.786074	-0.525398	-0.263442	-0.000843477	0.261757	0.523718	0.784403	1.04317	1.2994	1.55247	1.80175	2.04664	2.28654	2.52088	2.74909	2.97061	3.18492	3.39148	3.58981	3.77942	3.95987	4.13071	4.29155	4.442	4.5817	4.71031	4.82754	4.9331	5.02676	5.10828	5.17749	5.23421	5.27832	5.30972	5.32833	5.33413	5.32709	5.30724	5.27464	5.22936	5.17152	5.10126	5.01875	4.92419	4.8178	4.69986	4.57063	4.43043	4.27961	4.11851	3.94752	3.76707	3.57757	3.37949	3.17329	2.95948	2.73857	2.51108	2.27756	2.03857	1.79468	1.54649	1.29458	1.03956	0.78205	0.522657	0.262008	0.000730102	



0.000707293	-0.277602	-0.555244	-0.831553	-1.10586	-1.37752	-1.64586	-1.91026	-2.17006	-2.42465	-2.67342	-2.91577	-3.15111	-3.37889	-3.59856	-3.80959	-4.01147	-4.20371	-4.38587	-4.5575	-4.71819	-4.86755	-5.00522	-5.13087	-5.24421	-5.34495	-5.43285	-5.5077	-5.56932	-5.61755	-5.65228	-5.67342	-5.68092	-5.67474	-5.65491	-5.62147	-5.57448	-5.51407	-5.44036	-5.35353	-5.25379	-5.14136	-5.01652	-4.87955	-4.73079	-4.57058	-4.39932	-4.2174	-4.02526	-3.82337	-3.61221	-3.39229	-3.16413	-2.92829	-2.68534	-2.43586	-2.18046	-1.91976	-1.65439	-1.38499	-1.11222	-0.836751	-0.559241	-0.280369	-0.000815237	0.27874	0.557617	0.835136	1.11062	1.3834	1.65282	1.91821	2.17894	2.43437	2.68388	2.92687	3.16274	3.39094	3.61091	3.82212	4.02406	4.21624	4.39821	4.56954	4.7298	4.87862	5.01565	5.14056	5.25305	5.35287	5.43976	5.51354	5.57403	5.62109	5.6546	5.67451	5.68075	5.67333	5.65227	5.61761	5.56945	5.50791	5.43313	5.3453	5.24463	5.13136	5.00578	4.86817	4.71888	4.55825	4.38668	4.20459	4.01239	3.81057	3.59959	3.37997	3.15224	2.91693	2.67463	2.42589	2.17133	1.91156	1.64719	1.37887	1.10724	0.832941	0.556645	0.279011	0.000706078	



0.000674849	-0.295758	-0.591481	-0.885782	-1.17796	-1.4673	-1.75311	-2.03472	-2.31144	-2.5826	-2.84756	-3.10568	-3.35633	-3.59893	-3.83288	-4.05763	-4.27263	-4.47736	-4.67135	-4.85412	-5.02522	-5.18426	-5.33085	-5.46463	-5.58528	-5.69252	-5.78607	-5.86573	-5.93128	-5.98258	-6.01949	-6.04192	-6.04982	-6.04316	-6.02195	-5.98624	-5.93612	-5.87169	-5.79311	-5.70056	-5.59426	-5.47445	-5.34143	-5.19551	-5.03703	-4.86637	-4.68395	-4.49019	-4.28556	-4.07055	-3.84568	-3.61149	-3.36854	-3.11742	-2.85874	-2.59311	-2.32119	-2.04364	-1.76112	-1.47432	-1.18393	-0.890674	-0.595248	-0.298375	-0.000777384	0.296822	0.5937	0.889134	1.18241	1.4728	1.75962	2.04216	2.31974	2.59169	2.85734	3.11606	3.36722	3.6102	3.84444	4.06935	4.28441	4.48908	4.6829	4.86538	5.03609	5.19462	5.34061	5.47369	5.59356	5.69992	5.79254	5.87119	5.93569	5.98588	6.02166	6.04293	6.04966	6.04184	6.01947	5.98263	5.93141	5.86592	5.78634	5.69285	5.58568	5.4651	5.33138	5.18486	5.02588	4.85483	4.67212	4.47819	4.27351	4.05856	3.83386	3.59996	3.35741	3.10679	2.84871	2.58378	2.31265	2.03596	1.75438	1.46859	1.17927	0.887107	0.592817	0.297102	0.000673691	



0.000633165	-0.315094	-0.630063	-0.943519	-1.25471	-1.56288	-1.86729	-2.16722	-2.46194	-2.75074	-3.03294	-3.30784	-3.5748	-3.83316	-4.08232	-4.32167	-4.55063	-4.76866	-4.97523	-5.16985	-5.35205	-5.52138	-5.67746	-5.81988	-5.94832	-6.06247	-6.16204	-6.2468	-6.31654	-6.37109	-6.41032	-6.43413	-6.44245	-6.43527	-6.4126	-6.37448	-6.32101	-6.25231	-6.16854	-6.06989	-5.95661	-5.82895	-5.68723	-5.53177	-5.36295	-5.18117	-4.98686	-4.7805	-4.56257	-4.3336	-4.09414	-3.84476	-3.58607	-3.31869	-3.04327	-2.76046	-2.47096	-2.17547	-1.8747	-1.56937	-1.26024	-0.948053	-0.63356	-0.31753	-0.000728938	0.316074	0.632109	0.946608	1.25881	1.56795	1.87329	2.17409	2.4696	2.75913	3.04196	3.31742	3.58483	3.84356	4.09297	4.33248	4.56149	4.77947	4.98588	5.18023	5.36207	5.53094	5.68645	5.82824	5.95595	6.0693	6.16801	6.25184	6.3206	6.37414	6.41232	6.43506	6.44231	6.43405	6.41031	6.37115	6.31666	6.24699	6.16229	6.06278	5.9487	5.82032	5.67796	5.52194	5.35266	5.17052	4.97596	4.76944	4.55146	4.32254	4.08324	3.83413	3.5758	3.30889	3.03402	2.75186	2.46308	2.16839	1.86849	1.56409	1.25594	0.944762	0.631317	0.316355	0.000632079	



0.000581327	-0.335686	-0.671146	-1.00499	-1.33642	-1.66464	-1.98886	-2.30829	-2.62217	-2.92975	-3.23029	-3.52307	-3.80737	-4.08252	-4.34786	-4.60275	-4.84658	-5.07875	-5.29872	-5.50596	-5.69996	-5.88026	-6.04642	-6.19805	-6.33478	-6.45627	-6.56225	-6.65244	-6.72663	-6.78464	-6.82633	-6.8516	-6.86037	-6.85263	-6.82839	-6.78771	-6.73068	-6.65743	-6.56813	-6.463	-6.34228	-6.20626	-6.05527	-5.88966	-5.70983	-5.51621	-5.30926	-5.08948	-4.8574	-4.61356	-4.35857	-4.09303	-3.81759	-3.5329	-3.23965	-2.93856	-2.63035	-2.31577	-1.99557	-1.67053	-1.34145	-1.00911	-0.674327	-0.337908	-0.000668867	0.336571	0.672995	1.00779	1.34013	1.66923	1.99428	2.3145	2.6291	2.93734	3.23846	3.53173	3.81645	4.09193	4.3575	4.61253	4.8564	5.08853	5.30835	5.51535	5.70902	5.8889	6.05456	6.2056	6.34168	6.46245	6.56764	6.65699	6.7303	6.7874	6.82814	6.85244	6.86024	6.85153	6.82632	6.78469	6.72674	6.65261	6.56248	6.45656	6.33512	6.19845	6.04688	5.88077	5.70052	5.50658	5.29939	5.07947	4.84734	4.60356	4.34871	4.08341	3.80829	3.52403	3.23128	2.93078	2.62322	2.30936	1.98995	1.66575	1.33755	1.00613	0.672297	0.336844	0.00058033	



0.000518375	-0.357617	-0.714893	-1.07045	-1.42343	-1.77299	-2.11828	-2.45848	-2.79277	-3.12035	-3.44041	-3.75221	-4.05498	-4.34801	-4.63057	-4.90201	-5.16165	-5.40889	-5.64312	-5.86378	-6.07034	-6.2623	-6.43921	-6.60063	-6.74617	-6.87549	-6.98828	-7.08425	-7.16318	-7.22487	-7.26918	-7.29599	-7.30524	-7.2969	-7.27099	-7.22757	-7.16674	-7.08864	-6.99346	-6.88142	-6.75279	-6.60787	-6.44701	-6.27059	-6.07904	-5.87281	-5.65241	-5.41834	-5.17119	-4.91154	-4.64002	-4.35727	-4.06399	-3.76088	-3.44867	-3.12812	-2.79999	-2.46508	-2.12421	-1.77819	-1.42787	-1.07409	-0.717708	-0.359588	-0.000596084	0.358397	0.716521	1.07291	1.4267	1.77703	2.12306	2.46395	2.79888	3.12702	3.4476	3.75984	4.06298	4.35629	4.63906	4.91062	5.1703	5.4175	5.6516	5.87205	6.07832	6.26991	6.44637	6.60728	6.75225	6.88093	6.99302	7.08826	7.16641	7.22729	7.27077	7.29673	7.30512	7.29593	7.26917	7.22491	7.16327	7.0844	6.98848	6.87575	6.74648	6.60099	6.43962	6.26276	6.07084	5.86433	5.64371	5.40953	5.16233	4.90272	4.63133	4.3488	4.05581	3.75307	3.4413	3.12126	2.79371	2.45944	2.11926	1.77398	1.42444	1.07147	0.715919	0.35865	0.000517487	



0.000443301	-0.380976	-0.761479	-1.14015	-1.51608	-1.88836	-2.2561	-2.61841	-2.97442	-3.32328	-3.66414	-3.99619	-4.31862	-4.63067	-4.93158	-5.22062	-5.49711	-5.76038	-6.00979	-6.24474	-6.46467	-6.66905	-6.85739	-7.02923	-7.18416	-7.3218	-7.44183	-7.54395	-7.62792	-7.69352	-7.74061	-7.76907	-7.77882	-7.76984	-7.74215	-7.69581	-7.63094	-7.54767	-7.44622	-7.32682	-7.18976	-7.03536	-6.86399	-6.67607	-6.47204	-6.25239	-6.01765	-5.76839	-5.50519	-5.2287	-4.93958	-4.63852	-4.32626	-4.00354	-3.67114	-3.32986	-2.98054	-2.62401	-2.26113	-1.89278	-1.51985	-1.14324	-0.763872	-0.382654	-0.000509453	0.381636	0.762858	1.14223	1.51885	1.89178	2.26014	2.62304	2.97959	3.32893	3.67023	4.00265	4.32539	4.63768	4.93876	5.22791	5.50444	5.76766	6.01696	6.25174	6.47142	6.67549	6.86345	7.03486	7.1893	7.3264	7.44585	7.54734	7.63065	7.69557	7.74196	7.76969	7.77872	7.76901	7.7406	7.69356	7.628	7.54408	7.442	7.32202	7.18442	7.02953	6.85774	6.66944	6.4651	6.24521	6.01029	5.76092	5.49769	5.22124	4.93222	4.63135	4.31933	3.99692	3.6649	3.32406	2.97522	2.61923	2.25693	1.88921	1.51694	1.14102	0.762357	0.381859	0.000442541	



0.000355049	-0.405858	-0.811094	-1.21438	-1.61474	-2.01122	-2.40285	-2.7887	-3.16785	-3.53937	-3.90237	-4.25598	-4.59935	-4.93165	-5.25208	-5.55988	-5.8543	-6.13463	-6.4002	-6.65036	-6.88453	-7.10212	-7.30263	-7.48556	-7.65048	-7.79698	-7.92472	-8.03338	-8.1227	-8.19247	-8.24252	-8.27272	-8.283	-8.27334	-8.24374	-8.19429	-8.1251	-8.03634	-7.92821	-7.80097	-7.65493	-7.49044	-7.30788	-7.10771	-6.89039	-6.65645	-6.40645	-6.141	-5.86072	-5.56631	-5.25845	-4.9379	-4.60542	-4.26183	-3.90794	-3.54461	-3.17271	-2.79316	-2.40685	-2.01473	-1.61774	-1.21684	-0.813001	-0.407197	-0.000407788	0.406382	0.812189	1.21603	1.61694	2.01394	2.40607	2.79238	3.17195	3.54386	3.9072	4.26111	4.60473	4.93722	5.2578	5.56568	5.86012	6.14042	6.4059	6.65593	6.88989	7.10724	7.30745	7.49004	7.65456	7.80064	7.92791	8.03607	8.12488	8.1941	8.24359	8.27322	8.28292	8.27268	8.24251	8.1925	8.12277	8.03348	7.92486	7.79716	7.65069	7.48581	7.30291	7.10244	6.88487	6.65074	6.4006	6.13507	5.85476	5.56037	5.2526	4.93219	4.59991	4.25656	3.90297	3.53999	3.16849	2.78936	2.40352	2.01189	1.61543	1.21507	0.811797	0.406565	0.000354441	



0.000252519	-0.432362	-0.863936	-1.29343	-1.71981	-2.14205	-2.55913	-2.97005	-3.37383	-3.76948	-4.15605	-4.53263	-4.89829	-5.25215	-5.59338	-5.92114	-6.23465	-6.53315	-6.81592	-7.08228	-7.3316	-7.56326	-7.77672	-7.97146	-8.147	-8.30293	-8.43887	-8.5545	-8.64952	-8.72372	-8.77691	-8.80896	-8.8198	-8.8094	-8.77777	-8.72501	-8.65122	-8.55659	-8.44134	-8.30576	-8.15015	-7.97491	-7.78044	-7.56721	-7.33575	-7.08659	-6.82035	-6.53766	-6.2392	-5.92569	-5.59788	-5.25658	-4.90258	-4.53676	-4.16	-3.77319	-3.37727	-2.97321	-2.56197	-2.14454	-1.72194	-1.29517	-0.865288	-0.433312	-0.000289852	0.432733	0.864711	1.2946	1.72137	2.14397	2.56141	2.97266	3.37673	3.77266	4.15948	4.53626	4.90209	5.2561	5.59742	5.92524	6.23877	6.53724	6.81995	7.08622	7.33539	7.56688	7.78013	7.97462	8.14989	8.30552	8.44113	8.5564	8.65106	8.72487	8.77766	8.80931	8.81974	8.80893	8.7769	8.72374	8.64957	8.55457	8.43897	8.30306	8.14715	7.97163	7.77692	7.56349	7.33184	7.08255	6.81621	6.53346	6.23498	5.92149	5.59375	5.25254	4.89869	4.53304	4.15648	3.76992	3.37428	2.97052	2.55961	2.14253	1.7203	1.29393	0.864435	0.432865	0.000252087	



0.000134565	-0.460597	-0.920219	-1.37762	-1.83171	-2.28139	-2.72557	-3.16319	-3.59319	-4.01454	-4.42622	-4.82724	-5.21664	-5.59348	-5.95684	-6.30586	-6.63969	-6.95754	-7.25862	-7.54223	-7.80768	-8.05432	-8.28157	-8.48887	-8.67573	-8.8417	-8.98637	-9.1094	-9.21048	-9.28939	-9.34592	-9.37994	-9.39137	-9.38017	-9.34638	-9.29007	-9.21139	-9.11051	-8.98768	-8.8432	-8.67741	-8.49071	-8.28354	-8.05642	-7.80988	-7.54452	-7.26098	-6.95993	-6.64211	-6.30827	-5.95923	-5.59583	-5.21893	-4.82944	-4.42832	-4.01651	-3.59503	-3.16487	-2.72708	-2.28271	-1.83284	-1.37855	-0.920938	-0.461102	-0.000154364	0.460794	0.920631	1.37825	1.83254	2.28241	2.72678	3.16458	3.59474	4.01623	4.42804	4.82917	5.21866	5.59557	5.95899	6.30804	6.64188	6.95971	7.26077	7.54432	7.8097	8.05625	8.28338	8.49055	8.67727	8.84307	8.98757	9.11041	9.2113	9.29	9.34632	9.38013	9.39134	9.37992	9.34592	9.2894	9.21051	9.10943	8.98642	8.84176	8.67581	8.48896	8.28168	8.05444	7.80781	7.54238	7.25878	6.9577	6.63987	6.30604	5.95704	5.59368	5.21686	4.82747	4.42645	4.01478	3.59344	3.16344	2.72583	2.28165	1.83197	1.37789	0.920485	0.460865	0.000134335	



0	-0.490677	-0.980171	-1.4673	-1.9509	-2.4298	-2.90285	-3.3689	-3.82683	-4.27555	-4.71397	-5.14103	-5.5557	-5.95699	-6.34393	-6.71559	-7.07107	-7.40951	-7.7301	-8.03208	-8.3147	-8.57729	-8.81921	-9.03989	-9.2388	-9.41544	-9.5694	-9.70031	-9.80785	-9.89177	-9.95185	-9.98795	-10	-9.98795	-9.95185	-9.89177	-9.80785	-9.70031	-9.5694	-9.41544	-9.2388	-9.03989	-8.81921	-8.57729	-8.3147	-8.03208	-7.7301	-7.40951	-7.07107	-6.71559	-6.34393	-5.95699	-5.5557	-5.14103	-4.71397	-4.27555	-3.82683	-3.3689	-2.90285	-2.4298	-1.9509	-1.4673	-0.980171	-0.490677	-1.22465e-15	0.490677	0.980171	1.4673	1.9509	2.4298	2.90285	3.3689	3.82683	4.27555	4.71397	5.14103	5.5557	5.95699	6.34393	6.71559	7.07107	7.40951	7.7301	8.03208	8.3147	8.57729	8.81921	9.03989	9.2388	9.41544	9.5694	9.70031	9.80785	9.89177	9.95185	9.98795	10	9.98795	9.95185	9.89177	9.80785	9.70031	9.5694	9.41544	9.2388	9.03989	8.81921	8.57729	8.3147	8.03208	7.7301	7.40951	7.07107	6.71559	6.34393	5.95699	5.5557	5.14103	4.71397	4.27555	3.82683	3.3689	2.90285	2.4298	1.9509	1.4673	0.980171	0.490677	0	



