1	0.999398	0.997592	0.994588	0.990393	0.985016	0.97847	0.970772	0.96194	0.951995	0.940961	0.928864	0.915735	0.901604	0.886505	0.870475	0.853553	0.835779	0.817197	0.79785	0.777785	0.757051	0.735698	0.713777	0.691342	0.668445	0.645142	0.62149	0.597545	0.573365	0.549008	0.524534	0.5	0.475466	0.450991	0.426635	0.402455	0.37851	0.354858	0.331555	0.308658	0.286222	0.264302	0.242949	0.222215	0.20215	0.182803	0.16422	0.146447	0.129524	0.113495	0.0983962	0.0842652	0.0711357	0.0590393	0.0480053	0.0380602	0.0292279	0.0215298	0.0149844	0.00960734	0.00541174	0.00240764	0.000602275	0	0.000602275	0.00240764	0.00541174	0.00960734	0.0149844	0.0215298	0.0292279	0.0380602	0.0480053	0.0590393	0.0711357	0.0842652	0.0983962	0.113495	0.129524	0.146447	0.16422	0.182803	0.20215	0.222215	0.242949	0.264302	0.286222	0.308658	0.331555	0.354858	0.37851	0.402455	0.426635	0.450991	0.475466	0.5	0.524534	0.549008	0.573365	0.597545	0.62149	0.645142	0.668445	0.691342	0.713777	0.735698	0.757051	0.777785	0.79785	0.817197	0.835779	0.853553	0.870475	0.886505	0.901604	0.915735	0.928864	0.940961	0.951995	0.96194	0.970772	0.97847	0.985016	0.990393	0.994588	0.997592	0.999398	1	



1.00051	0.999916	0.998143	0.995181	0.991028	0.985694	0.979188	0.971526	0.962726	0.952808	0.941795	0.929715	0.916597	0.902471	0.887372	0.871336	0.854403	0.836613	0.818009	0.798636	0.778542	0.757773	0.736382	0.714419	0.691936	0.668989	0.645633	0.621923	0.597917	0.573672	0.549246	0.524699	0.500088	0.475473	0.450913	0.426466	0.402192	0.378148	0.354393	0.330983	0.307974	0.285423	0.263382	0.241906	0.221046	0.200852	0.181375	0.16266	0.144753	0.127699	0.111538	0.0963108	0.0820542	0.0688032	0.0565905	0.0454462	0.0353977	0.02647	0.0186852	0.0120626	0.00661897	0.00236819	-0.000678352	-0.00251147	-0.00312369	-0.00251197	-0.000679358	0.00236669	0.00661698	0.0120602	0.0186823	0.0264666	0.0353939	0.0454419	0.0565859	0.0687982	0.0820489	0.0963052	0.111532	0.127693	0.144747	0.162653	0.181368	0.200845	0.221039	0.241899	0.263375	0.285415	0.307967	0.330975	0.354385	0.378141	0.402184	0.426458	0.450905	0.475465	0.50008	0.524691	0.549239	0.573664	0.597909	0.621916	0.645626	0.668982	0.691929	0.714411	0.736375	0.757767	0.778535	0.79863	0.818003	0.836607	0.854397	0.871331	0.887367	0.902466	0.916592	0.929711	0.941791	0.952804	0.962723	0.971523	0.979186	0.985692	0.991027	0.995179	0.998143	0.999916	1.00051	



1.00182	1.00124	0.999472	0.996522	0.992384	0.987063	0.980567	0.972911	0.96411	0.954187	0.943163	0.931066	0.917924	0.90377	0.888638	0.872564	0.855588	0.837752	0.819098	0.799671	0.77952	0.758692	0.737238	0.715209	0.692659	0.669642	0.646213	0.622427	0.598343	0.574016	0.549506	0.52487	0.500168	0.475457	0.450797	0.426247	0.401865	0.377708	0.353835	0.330303	0.307167	0.284484	0.262307	0.240691	0.219687	0.199346	0.179717	0.16085	0.14279	0.125581	0.109267	0.0938873	0.0794816	0.0660857	0.0537336	0.0424567	0.0322838	0.0232413	0.0153525	0.00863816	0.00311635	-0.00119759	-0.00429077	-0.00615253	-0.00677455	-0.00615355	-0.00429281	-0.00120062	0.00311234	0.0086332	0.0153466	0.0232345	0.0322762	0.0424482	0.0537244	0.0660757	0.0794709	0.093876	0.109255	0.125569	0.142777	0.160837	0.179704	0.199332	0.219672	0.240676	0.262293	0.284469	0.307152	0.330288	0.35382	0.377693	0.401849	0.426232	0.450782	0.475442	0.500152	0.524855	0.549491	0.574001	0.598328	0.622412	0.646198	0.669628	0.692645	0.715195	0.737224	0.758678	0.779506	0.799658	0.819085	0.83774	0.855577	0.872553	0.888627	0.90376	0.917915	0.931057	0.943155	0.954179	0.964104	0.972905	0.980562	0.987059	0.992381	0.996519	0.99947	1.00124	1.00182	



1.00392	1.00333	1.00156	0.9986	0.994452	0.989116	0.982602	0.97492	0.966089	0.956127	0.94506	0.932913	0.919715	0.9055	0.890303	0.87416	0.857111	0.839198	0.820466	0.800959	0.780725	0.759813	0.738273	0.716157	0.693518	0.670411	0.646889	0.62301	0.598829	0.574404	0.549792	0.525052	0.500242	0.47542	0.450645	0.425976	0.401469	0.377184	0.353177	0.329506	0.306226	0.283394	0.261063	0.239287	0.21812	0.197611	0.177811	0.15877	0.140534	0.123148	0.106657	0.0911031	0.0765253	0.0629619	0.0504483	0.0390177	0.0287007	0.0195251	0.0115162	0.00469654	-0.000914289	-0.00529928	-0.00844409	-0.010337	-0.0109696	-0.0103386	-0.00844718	-0.00530388	-0.000920369	0.00468902	0.0115073	0.0195148	0.0286891	0.039005	0.0504344	0.0629469	0.0765093	0.0910862	0.10664	0.12313	0.140514	0.15875	0.177791	0.19759	0.218098	0.239266	0.261041	0.283372	0.306204	0.329483	0.353155	0.377161	0.401446	0.425953	0.450623	0.475398	0.500219	0.52503	0.54977	0.574382	0.598807	0.622988	0.646868	0.670389	0.693497	0.716136	0.738252	0.759793	0.780705	0.80094	0.820447	0.83918	0.857094	0.874143	0.890287	0.905485	0.919701	0.932899	0.945048	0.956116	0.966079	0.974911	0.982594	0.98911	0.994446	0.998596	1.00156	1.00333	1.00392	



1.00677	1.00618	1.00439	1.00141	0.997227	0.991853	0.985292	0.977556	0.968663	0.958632	0.947488	0.935258	0.921972	0.907664	0.892369	0.876126	0.858974	0.840957	0.822118	0.802503	0.782161	0.76114	0.739491	0.717266	0.694518	0.671299	0.647666	0.623674	0.599379	0.574838	0.550108	0.525247	0.500313	0.475363	0.450457	0.425651	0.401004	0.376573	0.352416	0.328588	0.305147	0.282146	0.259642	0.237688	0.216336	0.195638	0.175646	0.156408	0.137974	0.120388	0.103697	0.0879447	0.0731717	0.0594179	0.0467207	0.0351153	0.0246342	0.0153076	0.0071627	0.000223964	-0.00548699	-0.00995145	-0.0131537	-0.0150812	-0.0157255	-0.0150833	-0.0131579	-0.00995766	-0.0054952	0.000213811	0.00715067	0.0152938	0.0246187	0.0350981	0.046702	0.0593977	0.0731502	0.087922	0.103674	0.120363	0.137948	0.156382	0.175619	0.195611	0.216307	0.237659	0.259613	0.282117	0.305117	0.328558	0.352386	0.376543	0.400974	0.425621	0.450427	0.475333	0.500283	0.525217	0.550078	0.574808	0.59935	0.623645	0.647638	0.671271	0.69449	0.717239	0.739464	0.761114	0.782135	0.802478	0.822093	0.840933	0.858951	0.876104	0.892348	0.907644	0.921953	0.93524	0.947472	0.958617	0.96865	0.977545	0.985282	0.991845	0.99722	1.0014	1.00439	1.00617	1.00677	



1.01038	1.00977	1.00796	1.00494	1.00071	0.995276	0.988642	0.980823	0.971837	0.961705	0.950452	0.938106	0.924699	0.910265	0.894841	0.878466	0.861181	0.843029	0.824056	0.804307	0.783831	0.762677	0.740896	0.718539	0.695659	0.67231	0.648546	0.624422	0.599994	0.57532	0.550454	0.525455	0.50038	0.475286	0.450232	0.425273	0.400469	0.375875	0.35155	0.327548	0.303925	0.280738	0.258041	0.235888	0.214331	0.193423	0.173215	0.153758	0.135102	0.117292	0.100378	0.0844025	0.0694102	0.0554426	0.0425391	0.0307372	0.0200719	0.0105756	0.00227811	-0.00479393	-0.0106168	-0.0151699	-0.0184361	-0.0204023	-0.0210596	-0.020405	-0.0184414	-0.0151777	-0.0106272	-0.0048068	0.00226287	0.0105581	0.0200522	0.0307155	0.0425155	0.0554172	0.0693832	0.0843739	0.100348	0.117261	0.135069	0.153725	0.173181	0.193388	0.214295	0.235851	0.258005	0.280702	0.303888	0.32751	0.351512	0.375838	0.400431	0.425236	0.450194	0.475249	0.500342	0.525418	0.550417	0.575283	0.599958	0.624386	0.64851	0.672274	0.695624	0.718504	0.740862	0.762644	0.783798	0.804275	0.824025	0.842999	0.861152	0.878438	0.894815	0.91024	0.924676	0.938084	0.950432	0.961687	0.971821	0.980809	0.988629	0.995265	1.0007	1.00494	1.00796	1.00977	1.01038	



1.01474	1.01413	1.01228	1.00921	1.00491	0.999391	0.992658	0.984728	0.975619	0.965353	0.953958	0.941463	0.927901	0.913308	0.897722	0.881183	0.863734	0.845418	0.826281	0.806371	0.785735	0.764424	0.742486	0.719975	0.696943	0.673442	0.649527	0.625253	0.600675	0.575849	0.550831	0.525677	0.500444	0.475189	0.44997	0.424842	0.399863	0.37509	0.350577	0.326383	0.302561	0.279168	0.256258	0.233884	0.212101	0.19096	0.170514	0.150815	0.131912	0.113854	0.0966905	0.0804678	0.0652315	0.0510256	0.0378922	0.0258713	0.0150005	0.00531519	-0.00315237	-0.0103728	-0.0163202	-0.0209719	-0.0243095	-0.0263187	-0.0269906	-0.026322	-0.0243159	-0.0209815	-0.0163329	-0.0103885	-0.00317094	0.00529387	0.0149766	0.0258449	0.0378635	0.0509948	0.0651987	0.0804332	0.0966542	0.113816	0.131873	0.150775	0.170473	0.190918	0.212058	0.233841	0.256214	0.279124	0.302517	0.326338	0.350532	0.375044	0.399818	0.424797	0.449925	0.475144	0.500399	0.525632	0.550786	0.575805	0.600631	0.62521	0.649484	0.6734	0.696901	0.719934	0.742446	0.764384	0.785696	0.806333	0.826245	0.845382	0.863699	0.88115	0.89769	0.913278	0.927872	0.941436	0.953933	0.965331	0.975598	0.98471	0.992643	0.999378	1.0049	1.0092	1.01228	1.01412	1.01474	



1.01987	1.01924	1.01736	1.01422	1.00984	1.00421	0.997351	0.98928	0.980016	0.969584	0.958013	0.945334	0.931583	0.916796	0.901015	0.88428	0.866635	0.848125	0.828797	0.808697	0.787875	0.766381	0.744264	0.721576	0.698369	0.674697	0.650612	0.626169	0.601422	0.576426	0.551238	0.525912	0.500505	0.475073	0.449671	0.424357	0.399187	0.374215	0.349499	0.325093	0.301053	0.277434	0.25429	0.231675	0.209643	0.188247	0.167539	0.147572	0.128398	0.110066	0.092628	0.0761318	0.0606257	0.0461561	0.0327679	0.0205042	0.00940567	-0.000489336	-0.00914546	-0.0165305	-0.022616	-0.0273772	-0.030794	-0.0328513	-0.0335394	-0.0328551	-0.0308017	-0.0273886	-0.0226311	-0.0165492	-0.00916749	-0.000514615	0.00937731	0.0204729	0.032734	0.0461196	0.060587	0.076091	0.0925853	0.110022	0.128352	0.147525	0.167491	0.188197	0.209593	0.231624	0.254239	0.277382	0.301001	0.325041	0.349446	0.374162	0.399134	0.424304	0.449619	0.47502	0.500453	0.52586	0.551186	0.576375	0.601371	0.626118	0.650562	0.674647	0.69832	0.721528	0.744216	0.766334	0.78783	0.808653	0.828754	0.848083	0.866595	0.884241	0.900978	0.916761	0.931549	0.945303	0.957984	0.969557	0.979992	0.989258	0.997332	1.00419	1.00982	1.01421	1.01735	1.01924	1.01987	



1.02577	1.02513	1.0232	1.01999	1.0155	1.00974	1.00273	0.994492	0.985041	0.974409	0.962627	0.949729	0.935753	0.920738	0.904727	0.887762	0.869889	0.851154	0.831604	0.811287	0.790253	0.76855	0.746229	0.723342	0.69994	0.676075	0.6518	0.627169	0.602235	0.577052	0.551676	0.526162	0.500563	0.474936	0.449336	0.423819	0.398439	0.373252	0.348314	0.323678	0.2994	0.275535	0.252136	0.229258	0.206954	0.185278	0.164284	0.144025	0.124553	0.105921	0.088181	0.0713841	0.0555809	0.0408207	0.0271516	0.01462	0.00327007	-0.00685651	-0.015721	-0.023288	-0.0295262	-0.0344087	-0.0379133	-0.0400238	-0.04073	-0.0400283	-0.0379223	-0.034422	-0.0295438	-0.0233097	-0.0157466	-0.00688592	0.0032371	0.0145837	0.0271122	0.0407784	0.055536	0.0713369	0.0881317	0.10587	0.1245	0.143971	0.164229	0.185222	0.206896	0.229199	0.252077	0.275475	0.29934	0.323618	0.348253	0.373192	0.398379	0.423758	0.449276	0.474876	0.500503	0.526102	0.551617	0.576994	0.602176	0.627111	0.651743	0.676018	0.699884	0.723287	0.746175	0.768497	0.790201	0.811236	0.831554	0.851106	0.869843	0.887717	0.904684	0.920697	0.935714	0.949693	0.962593	0.974379	0.985014	0.994467	1.00271	1.00972	1.01548	1.01998	1.02319	1.02513	1.02577	



1.03249	1.03183	1.02984	1.02654	1.02192	1.01601	1.00883	1.00038	0.990714	0.979846	0.967816	0.954662	0.940424	0.925144	0.908867	0.891637	0.873503	0.854511	0.834709	0.814146	0.792871	0.770935	0.748386	0.725276	0.701656	0.677578	0.653093	0.628254	0.603115	0.577728	0.552147	0.526426	0.500619	0.47478	0.448964	0.423226	0.397619	0.372199	0.347019	0.322134	0.297598	0.273466	0.24979	0.226626	0.204027	0.182048	0.160742	0.140163	0.120367	0.101406	0.0833357	0.0662092	0.0500801	0.035001	0.0210234	0.00819723	-0.00342935	-0.0138108	-0.0229048	-0.0306724	-0.0370791	-0.0420953	-0.045697	-0.0478664	-0.0485925	-0.0478716	-0.0457073	-0.0421106	-0.0370993	-0.0306973	-0.0229342	-0.0138446	-0.00346713	0.00815567	0.0209783	0.0349527	0.0500289	0.0661554	0.0832794	0.101348	0.120306	0.140101	0.160679	0.181983	0.203962	0.22656	0.249723	0.273398	0.297531	0.322066	0.346951	0.372131	0.397551	0.423158	0.448896	0.474712	0.500551	0.526359	0.55208	0.577662	0.603049	0.628189	0.653028	0.677514	0.701593	0.725214	0.748325	0.770874	0.792812	0.814089	0.834653	0.854456	0.87345	0.891587	0.908818	0.925097	0.94038	0.954621	0.967778	0.979811	0.990682	1.00036	1.0088	1.01599	1.02191	1.02652	1.02983	1.03182	1.03249	



1.04004	1.03936	1.03731	1.03391	1.02915	1.02306	1.01567	1.00699	0.997067	0.985926	0.97361	0.960161	0.945621	0.930038	0.913457	0.895927	0.877496	0.858213	0.838127	0.817288	0.795744	0.773546	0.750744	0.727387	0.703526	0.679213	0.654497	0.629431	0.604067	0.578456	0.552651	0.526706	0.500672	0.474604	0.448554	0.422576	0.396724	0.37105	0.345609	0.320454	0.295639	0.271217	0.247241	0.223767	0.200847	0.178538	0.156892	0.135966	0.115815	0.0964961	0.0780648	0.0605781	0.0440924	0.028664	0.0143482	0.00119922	-0.0107308	-0.021392	-0.0307379	-0.0387257	-0.0453176	-0.0504809	-0.0541895	-0.0564237	-0.0571718	-0.0564296	-0.0542012	-0.0504983	-0.0453405	-0.038754	-0.0307713	-0.0214303	-0.0107736	0.00115213	0.0142972	0.0286094	0.0440346	0.0605173	0.0780014	0.0964304	0.115748	0.135896	0.156821	0.178465	0.200774	0.223693	0.247167	0.271141	0.295563	0.320378	0.345533	0.370974	0.396648	0.4225	0.448478	0.474528	0.500597	0.526631	0.552577	0.578382	0.603994	0.629359	0.654425	0.679142	0.703456	0.727318	0.750676	0.773479	0.795678	0.817223	0.838064	0.858152	0.877437	0.89587	0.913402	0.929985	0.945572	0.960114	0.973567	0.985886	0.99703	1.00696	1.01564	1.02304	1.02913	1.03389	1.0373	1.03936	1.04004	



1.04852	1.04782	1.0457	1.04217	1.03725	1.03096	1.02333	1.01439	1.00417	0.992723	0.980081	0.966295	0.951413	0.935484	0.918559	0.900688	0.881922	0.862311	0.841906	0.820756	0.798911	0.776422	0.753336	0.729705	0.705577	0.681003	0.656033	0.630716	0.605104	0.579247	0.553197	0.527005	0.500724	0.474404	0.448099	0.421859	0.395739	0.369789	0.344064	0.318614	0.293494	0.268756	0.244453	0.22064	0.197371	0.174699	0.152683	0.131376	0.110838	0.0911267	0.0723003	0.054419	0.0375428	0.0217319	0.00704594	-0.00645653	-0.0187186	-0.0296858	-0.0393072	-0.0475359	-0.0543302	-0.0596545	-0.0634798	-0.065785	-0.0665571	-0.0657917	-0.063493	-0.0596741	-0.0543561	-0.0475679	-0.0393449	-0.029729	-0.0187668	-0.00650947	0.00698866	0.0216707	0.037478	0.054351	0.0722294	0.0910533	0.110763	0.131299	0.152604	0.174619	0.197289	0.220558	0.24437	0.268673	0.29341	0.31853	0.34398	0.369705	0.395655	0.421776	0.448015	0.474321	0.500641	0.526923	0.553115	0.579166	0.605023	0.630636	0.655953	0.680925	0.7055	0.729628	0.753261	0.776347	0.798838	0.820684	0.841836	0.862243	0.881856	0.900624	0.918498	0.935426	0.951357	0.966243	0.980032	0.992678	1.00413	1.01435	1.0233	1.03094	1.03723	1.04215	1.04569	1.04781	1.04852	



1.05814	1.05741	1.0552	1.05155	1.04645	1.03994	1.03204	1.0228	1.01226	1.00046	0.987446	0.973279	0.958007	0.941686	0.924368	0.906108	0.886958	0.866972	0.846201	0.824696	0.802507	0.779684	0.756275	0.732331	0.707898	0.683027	0.657766	0.632165	0.606271	0.580136	0.553808	0.527338	0.500776	0.474172	0.447578	0.421044	0.394621	0.368361	0.342315	0.316534	0.291071	0.265978	0.241308	0.217115	0.193453	0.170377	0.147945	0.126215	0.105244	0.0850957	0.0658304	0.0475117	0.0302037	0.0139709	-0.0011224	-0.0150126	-0.027638	-0.0389391	-0.0488604	-0.0573506	-0.0643643	-0.0698627	-0.0738143	-0.0761962	-0.0769942	-0.0762037	-0.0738291	-0.0698847	-0.0643934	-0.0573864	-0.0489026	-0.0389874	-0.027692	-0.0150719	-0.00118647	0.0139024	0.0301313	0.0474358	0.0657515	0.0850141	0.105161	0.126129	0.147858	0.170289	0.193363	0.217024	0.241217	0.265886	0.290979	0.316442	0.342222	0.368268	0.394529	0.420952	0.447486	0.474081	0.500685	0.527247	0.553718	0.580046	0.606182	0.632077	0.657679	0.682941	0.707813	0.732246	0.756192	0.779602	0.802426	0.824617	0.846124	0.866897	0.886885	0.906037	0.9243	0.94162	0.957945	0.97322	0.987392	1.00041	1.01221	1.02276	1.03201	1.03991	1.04642	1.05153	1.05519	1.0574	1.05814	



1.06969	1.06893	1.06665	1.06285	1.05757	1.05083	1.04266	1.03311	1.02221	1.01003	0.996609	0.982012	0.966295	0.949517	0.931736	0.913011	0.893397	0.872952	0.851728	0.829779	0.807156	0.783908	0.760087	0.735739	0.710914	0.685658	0.66002	0.634047	0.607787	0.581287	0.554597	0.527763	0.500835	0.473862	0.446892	0.419976	0.393162	0.3665	0.340042	0.313837	0.287937	0.262394	0.237261	0.212592	0.188442	0.164868	0.141928	0.119683	0.0981947	0.0775276	0.0577475	0.0389221	0.0211199	0.00441034	-0.0111374	-0.0254549	-0.0384757	-0.0501362	-0.0603768	-0.069143	-0.0763864	-0.0820658	-0.086148	-0.0886089	-0.0894337	-0.0886173	-0.0861646	-0.0820905	-0.076419	-0.0691832	-0.0604243	-0.0501904	-0.0385363	-0.0255213	-0.0112092	0.00433359	0.0210388	0.038837	0.0576591	0.0774361	0.0981007	0.119587	0.14183	0.164768	0.188341	0.212491	0.237159	0.262292	0.287834	0.313734	0.339939	0.366397	0.393059	0.419873	0.44679	0.47376	0.500734	0.527662	0.554496	0.581188	0.607688	0.633949	0.659923	0.685562	0.710819	0.735645	0.759994	0.783817	0.807066	0.82969	0.851642	0.872867	0.893315	0.912931	0.93166	0.949444	0.966226	0.981947	0.996548	1.00997	1.02216	1.03306	1.04262	1.0508	1.05755	1.06283	1.06663	1.06892	1.06969	



1.08422	1.08344	1.08109	1.07718	1.07173	1.06478	1.05636	1.04651	1.03527	1.02271	1.00888	0.993833	0.977639	0.960356	0.942049	0.922778	0.902605	0.881588	0.859787	0.837255	0.814049	0.790219	0.765817	0.740893	0.715494	0.68967	0.663467	0.636931	0.610111	0.583052	0.555801	0.528405	0.500912	0.473368	0.445822	0.418322	0.390915	0.363653	0.336583	0.309757	0.283227	0.257045	0.231266	0.205944	0.181139	0.156909	0.133316	0.110425	0.0883007	0.0670124	0.0466302	0.027226	0.00887281	-0.00835618	-0.0243881	-0.0391512	-0.0525764	-0.0645978	-0.0751538	-0.0841887	-0.0916529	-0.0975046	-0.10171	-0.104246	-0.105096	-0.104255	-0.101729	-0.0975323	-0.0916894	-0.0842338	-0.0752071	-0.0646587	-0.0526446	-0.0392261	-0.0244691	-0.0084429	0.00878102	0.0271297	0.0465299	0.0669085	0.0881939	0.110315	0.133205	0.156796	0.181024	0.205828	0.231149	0.256928	0.283109	0.309639	0.336465	0.363535	0.390798	0.418204	0.445705	0.473252	0.500796	0.52829	0.555686	0.582938	0.609998	0.636819	0.663355	0.68956	0.715386	0.740785	0.765711	0.790115	0.813946	0.837155	0.859688	0.881492	0.902511	0.922687	0.941962	0.960273	0.977559	0.993759	1.00881	1.02265	1.03521	1.04645	1.05631	1.06474	1.0717	1.07715	1.08107	1.08343	1.08422	



1.10162	1.10082	1.0984	1.09438	1.08878	1.08163	1.07296	1.06282	1.05126	1.03833	1.02408	1.00858	0.991892	0.974078	0.955205	0.935337	0.914538	0.89287	0.870394	0.847169	0.823253	0.7987	0.773564	0.747896	0.721748	0.695168	0.668204	0.640904	0.613314	0.585483	0.557455	0.529278	0.500998	0.472664	0.444321	0.416019	0.387806	0.359732	0.331847	0.304204	0.276856	0.249857	0.223264	0.197136	0.171534	0.14652	0.122161	0.098524	0.0756792	0.053699	0.0326573	0.0126293	-0.00630899	-0.0240817	-0.0406138	-0.055832	-0.0696656	-0.0820479	-0.0929169	-0.102216	-0.109897	-0.115917	-0.120243	-0.12285	-0.123724	-0.12286	-0.120263	-0.115948	-0.109938	-0.102267	-0.0929764	-0.0821161	-0.069742	-0.0559161	-0.0407051	-0.0241795	-0.00641272	0.0125202	0.0325434	0.0535809	0.0755574	0.098399	0.122033	0.14639	0.171402	0.197002	0.223129	0.249721	0.276719	0.304067	0.33171	0.359595	0.387669	0.415883	0.444185	0.472528	0.500864	0.529144	0.557322	0.58535	0.613183	0.640773	0.668075	0.69504	0.721622	0.747772	0.773441	0.798579	0.823134	0.847053	0.87028	0.892759	0.91443	0.935233	0.955106	0.973983	0.991802	1.0085	1.024	1.03825	1.0512	1.06277	1.07291	1.08159	1.08875	1.09435	1.09838	1.10081	1.10162	



1.12175	1.12092	1.11844	1.11431	1.10855	1.1012	1.09228	1.08185	1.06995	1.05663	1.04195	1.02597	1.00876	0.990381	0.9709	0.950382	0.928894	0.906501	0.883267	0.859252	0.834517	0.80912	0.783117	0.756562	0.729508	0.702007	0.674108	0.64586	0.617313	0.588514	0.559511	0.530352	0.501085	0.471757	0.442419	0.413119	0.383908	0.354836	0.325958	0.297327	0.268999	0.241032	0.213486	0.186422	0.159905	0.134003	0.108783	0.0843168	0.0606789	0.037944	0.0161892	-0.00450793	-0.0240693	-0.0424173	-0.0594756	-0.07517	-0.0894293	-0.102186	-0.113379	-0.122952	-0.130856	-0.137049	-0.141498	-0.14418	-0.145079	-0.144191	-0.141521	-0.137083	-0.130901	-0.123008	-0.113446	-0.102262	-0.0895145	-0.0752639	-0.0595777	-0.042527	-0.0241859	-0.00463082	0.0160606	0.0378104	0.0605407	0.0841747	0.108637	0.133854	0.159754	0.186269	0.213331	0.240876	0.268842	0.297169	0.3258	0.354678	0.383749	0.41296	0.442261	0.4716	0.500928	0.530196	0.559356	0.58836	0.61716	0.645708	0.673957	0.701858	0.729362	0.756418	0.782975	0.80898	0.83438	0.859118	0.883136	0.906374	0.928771	0.950264	0.970786	0.990274	1.00866	1.02588	1.04186	1.05655	1.06987	1.08178	1.09223	1.10115	1.10851	1.11428	1.11842	1.12091	1.12175	



1.14454	1.14369	1.14113	1.13688	1.13096	1.12339	1.11421	1.10346	1.09119	1.07745	1.06231	1.04581	1.02803	1.00904	0.98889	0.967659	0.945412	0.922216	0.898136	0.873236	0.847579	0.821225	0.794234	0.766662	0.738564	0.709996	0.68101	0.651657	0.621988	0.592055	0.561906	0.531593	0.501165	0.470673	0.440169	0.409703	0.37933	0.349103	0.319078	0.289313	0.259866	0.2308	0.202177	0.174062	0.146524	0.119634	0.0934625	0.0680855	0.0435792	0.0200217	-0.00250777	-0.0239295	-0.0441637	-0.0631317	-0.0807559	-0.0969618	-0.111678	-0.124837	-0.136377	-0.146243	-0.154386	-0.160764	-0.165346	-0.168107	-0.169034	-0.16812	-0.165371	-0.160802	-0.154436	-0.146305	-0.13645	-0.124921	-0.111772	-0.0970661	-0.0808695	-0.0632539	-0.044294	-0.024067	-0.00265201	0.0198714	0.0434235	0.0679249	0.0932976	0.119465	0.146353	0.173888	0.202	0.230621	0.259686	0.289132	0.318896	0.34892	0.379147	0.40952	0.439986	0.470491	0.500984	0.531412	0.561727	0.591876	0.621811	0.651481	0.680836	0.709825	0.738395	0.766495	0.79407	0.821065	0.847422	0.873083	0.897987	0.922071	0.945272	0.967525	0.988762	1.00892	1.02792	1.0457	1.06221	1.07736	1.0911	1.10338	1.11414	1.12333	1.13091	1.13685	1.14111	1.14367	1.14453	



1.16999	1.16912	1.16648	1.1621	1.15599	1.14818	1.13871	1.12761	1.11494	1.10075	1.08509	1.06802	1.04962	1.02994	1.00906	0.987045	0.963959	0.939873	0.914855	0.888972	0.862288	0.834867	0.806769	0.778057	0.748787	0.719017	0.688804	0.658202	0.627265	0.596047	0.564601	0.53298	0.501238	0.469429	0.437606	0.405826	0.374144	0.342619	0.311309	0.280276	0.249583	0.219294	0.189477	0.160201	0.131538	0.10356	0.0763456	0.0499707	0.0245152	5.97573e-05	-0.0233143	-0.0455254	-0.0664922	-0.0861348	-0.104375	-0.121138	-0.136351	-0.149948	-0.161867	-0.172053	-0.180456	-0.187037	-0.191764	-0.194612	-0.195567	-0.194626	-0.191791	-0.187079	-0.180511	-0.17212	-0.161947	-0.150041	-0.136455	-0.121253	-0.104501	-0.0862702	-0.0666368	-0.0456784	-0.0234751	-0.000108128	0.0243409	0.0497906	0.0761603	0.103371	0.131344	0.160004	0.189277	0.219091	0.249378	0.28007	0.311101	0.34241	0.373935	0.405617	0.437397	0.46922	0.50103	0.532773	0.564395	0.595842	0.627062	0.658001	0.688605	0.718821	0.748594	0.777867	0.806583	0.834684	0.86211	0.888798	0.914687	0.93971	0.963801	0.986893	1.00892	1.02981	1.04949	1.0679	1.08497	1.10064	1.11485	1.12753	1.13864	1.14812	1.15594	1.16206	1.16646	1.1691	1.16999	



1.19818	1.19728	1.19455	1.19002	1.18371	1.17563	1.16583	1.15435	1.14123	1.12653	1.11031	1.09261	1.07352	1.05309	1.0314	1.00851	0.984503	0.959436	0.933383	0.906414	0.878594	0.849992	0.820671	0.790694	0.760125	0.729023	0.697448	0.665458	0.633112	0.600467	0.567579	0.534506	0.501304	0.468032	0.434748	0.401511	0.368381	0.335421	0.302693	0.270262	0.238196	0.206564	0.175437	0.144888	0.114991	0.0858261	0.0574707	0.0300062	0.00351473	-0.0219206	-0.0462161	-0.0692883	-0.0910547	-0.111434	-0.130347	-0.147719	-0.163476	-0.177553	-0.189887	-0.200423	-0.209113	-0.215917	-0.220802	-0.223745	-0.224733	-0.223761	-0.220832	-0.215962	-0.209173	-0.200497	-0.189975	-0.177654	-0.163591	-0.147845	-0.130486	-0.111583	-0.0912145	-0.0694577	-0.0463943	-0.022107	0.00332079	0.0298055	0.0572639	0.0856138	0.114774	0.144666	0.175212	0.206336	0.237965	0.270029	0.302458	0.335184	0.368144	0.401274	0.434511	0.467795	0.501068	0.53427	0.567345	0.600234	0.632882	0.66523	0.697222	0.7288	0.759906	0.790479	0.820459	0.849785	0.878393	0.906217	0.933193	0.959252	0.984326	1.00835	1.03124	1.05294	1.07338	1.09248	1.11018	1.12642	1.14113	1.15426	1.16575	1.17557	1.18365	1.18998	1.19452	1.19726	1.19818	



1.22919	1.22826	1.22544	1.22074	1.2142	1.20583	1.19567	1.18376	1.17015	1.15489	1.13803	1.11964	1.09979	1.07853	1.05595	1.03211	1.00707	0.980928	0.953737	0.925574	0.896507	0.866606	0.83594	0.804575	0.772577	0.74001	0.706937	0.673422	0.639527	0.605312	0.570839	0.536169	0.501364	0.466486	0.431597	0.396762	0.362045	0.327512	0.293231	0.259273	0.225707	0.192608	0.16005	0.128112	0.0968726	0.0664124	0.0368145	0.008163	-0.019457	-0.0459599	-0.0712596	-0.095271	-0.11791	-0.139093	-0.158742	-0.176779	-0.193132	-0.207734	-0.220523	-0.231444	-0.240449	-0.247497	-0.252557	-0.255606	-0.256629	-0.255622	-0.25259	-0.247546	-0.240514	-0.231525	-0.22062	-0.207846	-0.193258	-0.176918	-0.158894	-0.139258	-0.118085	-0.0954576	-0.0714563	-0.0461659	-0.0196717	0.00794048	0.0365848	0.0661763	0.0966306	0.127865	0.159799	0.192352	0.225448	0.259011	0.292968	0.327247	0.361778	0.396495	0.43133	0.466218	0.501097	0.535903	0.570574	0.605049	0.639266	0.673165	0.706683	0.739759	0.77233	0.804333	0.835703	0.866374	0.896281	0.925354	0.953525	0.980723	1.00688	1.03192	1.05577	1.07836	1.09963	1.11949	1.13789	1.15476	1.17003	1.18366	1.19558	1.20576	1.21414	1.2207	1.2254	1.22824	1.22919	



1.26315	1.26218	1.25925	1.25438	1.24758	1.23889	1.22833	1.21594	1.20179	1.1859	1.16835	1.1492	1.12851	1.10634	1.08278	1.05789	1.03174	1.00441	0.975971	0.9465	0.916068	0.884748	0.852611	0.819727	0.786167	0.751999	0.71729	0.682108	0.646519	0.61059	0.574386	0.537973	0.501418	0.464787	0.428149	0.391571	0.355124	0.318879	0.282908	0.247285	0.212088	0.177394	0.143282	0.109834	0.0771343	0.0452672	0.0143191	-0.0156226	-0.0444695	-0.0721334	-0.098526	-0.12356	-0.147149	-0.16921	-0.189661	-0.208425	-0.22543	-0.240606	-0.253894	-0.265236	-0.274586	-0.281902	-0.287154	-0.290318	-0.29138	-0.290336	-0.28719	-0.281956	-0.274657	-0.265324	-0.253999	-0.240727	-0.225566	-0.208577	-0.189827	-0.169389	-0.147342	-0.123765	-0.0987421	-0.0723601	-0.044706	-0.0158681	0.0140653	0.0450059	0.0768663	0.10956	0.143002	0.17711	0.2118	0.246994	0.282614	0.318583	0.354826	0.391272	0.42785	0.464488	0.501119	0.537675	0.57409	0.610296	0.646228	0.68182	0.717005	0.751718	0.785891	0.819456	0.852345	0.884489	0.915816	0.946255	0.975734	1.00418	1.03152	1.05768	1.08258	1.10616	1.12833	1.14903	1.1682	1.18576	1.20166	1.21583	1.22823	1.2388	1.24751	1.25433	1.25922	1.26216	1.26315	



1.3002	1.29919	1.29614	1.29107	1.28399	1.27493	1.26393	1.25103	1.23627	1.2197	1.20139	1.1814	1.15979	1.13663	1.11199	1.08595	1.05858	1.02996	1.00016	0.969262	0.937341	0.904474	0.870734	0.836197	0.800937	0.765026	0.728536	0.691541	0.654111	0.616317	0.578231	0.539924	0.501467	0.462933	0.424394	0.385925	0.3476	0.309496	0.271692	0.234265	0.197299	0.160875	0.125078	0.0899938	0.0557111	0.0223186	-0.0100937	-0.0414347	-0.071613	-0.100537	-0.128117	-0.154262	-0.178885	-0.2019	-0.223225	-0.242782	-0.260497	-0.276301	-0.290133	-0.301936	-0.311663	-0.319273	-0.324735	-0.328025	-0.32913	-0.328045	-0.324774	-0.319332	-0.31174	-0.302032	-0.290247	-0.276433	-0.260646	-0.242947	-0.223406	-0.202096	-0.179095	-0.154486	-0.128353	-0.100786	-0.0718725	-0.0417044	-0.0103728	0.0220308	0.0554156	0.0896914	0.124769	0.16056	0.19698	0.233943	0.271365	0.309167	0.347269	0.385593	0.424061	0.4626	0.501135	0.539593	0.577902	0.61599	0.653787	0.69122	0.728219	0.764713	0.800629	0.835896	0.870439	0.904186	0.937061	0.96899	0.999896	1.0297	1.05834	1.08572	1.11177	1.13642	1.15959	1.18122	1.20123	1.21955	1.23613	1.25091	1.26383	1.27484	1.28391	1.29101	1.2961	1.29916	1.30019	



1.34048	1.33943	1.33625	1.33096	1.32357	1.31412	1.30263	1.28916	1.27374	1.25643	1.23728	1.21637	1.19375	1.1695	1.14369	1.1164	1.0877	1.05767	1.02639	0.993939	0.960401	0.925852	0.890373	0.854041	0.816935	0.779134	0.740714	0.701753	0.662327	0.622513	0.582388	0.542029	0.501512	0.460917	0.420321	0.379804	0.339448	0.299334	0.259545	0.220168	0.181288	0.142993	0.105373	0.0685197	0.0325247	-0.00251834	-0.0365152	-0.0693712	-0.100992	-0.131282	-0.160148	-0.187499	-0.213244	-0.237296	-0.259572	-0.279991	-0.298479	-0.314967	-0.329392	-0.341698	-0.351836	-0.359767	-0.365458	-0.368886	-0.370038	-0.368907	-0.3655	-0.35983	-0.35192	-0.341802	-0.329515	-0.31511	-0.29864	-0.28017	-0.259768	-0.23751	-0.213473	-0.187743	-0.160406	-0.131553	-0.101275	-0.0696666	-0.0368212	-0.00283401	0.0322002	0.0681872	0.105034	0.142647	0.180936	0.219812	0.259185	0.29897	0.339082	0.379437	0.419952	0.460548	0.501144	0.541662	0.582023	0.62215	0.661967	0.701397	0.740363	0.778788	0.816595	0.853707	0.890046	0.925534	0.960091	0.993639	1.0261	1.05739	1.08743	1.11614	1.14345	1.16927	1.19353	1.21617	1.2371	1.25626	1.27358	1.28902	1.30251	1.31402	1.32349	1.33089	1.3362	1.3394	1.34047	



1.38417	1.38306	1.37974	1.37421	1.36648	1.3566	1.34458	1.33048	1.31434	1.29621	1.27616	1.25424	1.23053	1.20509	1.178	1.14935	1.1192	1.08764	1.05476	1.02063	0.985333	0.948963	0.911599	0.873324	0.834221	0.794375	0.753867	0.71278	0.671197	0.6292	0.586872	0.544295	0.501554	0.458733	0.415916	0.373189	0.330639	0.288355	0.246425	0.204942	0.163996	0.123682	0.0840952	0.0453311	0.0074871	-0.0293387	-0.0650477	-0.0995412	-0.132721	-0.164488	-0.194748	-0.223404	-0.250365	-0.275542	-0.298848	-0.320203	-0.339531	-0.356762	-0.371833	-0.384685	-0.395272	-0.403552	-0.409493	-0.413071	-0.414273	-0.413094	-0.409538	-0.40362	-0.395363	-0.384798	-0.371966	-0.356917	-0.339706	-0.320398	-0.299062	-0.275773	-0.250614	-0.22367	-0.195029	-0.164784	-0.13303	-0.0998635	-0.0653818	-0.0296838	0.007132	0.0449669	0.0837229	0.123303	0.16361	0.20455	0.246029	0.287955	0.330236	0.372784	0.41551	0.458326	0.501148	0.54389	0.586469	0.628799	0.6708	0.712387	0.753479	0.793993	0.833846	0.872956	0.911239	0.948612	0.984992	1.0203	1.05444	1.08734	1.11891	1.14907	1.17774	1.20484	1.23029	1.25402	1.27595	1.29603	1.31417	1.33033	1.34445	1.35649	1.36639	1.37414	1.37969	1.38303	1.38416	



1.43143	1.43028	1.42679	1.421	1.41291	1.40255	1.38995	1.37517	1.35824	1.33922	1.31818	1.29517	1.27026	1.24354	1.21507	1.18493	1.15321	1.12	1.08537	1.04942	1.01223	0.973893	0.934492	0.894118	0.852859	0.810805	0.768043	0.724663	0.680753	0.636401	0.591698	0.546732	0.501594	0.456373	0.411163	0.366054	0.321141	0.276519	0.232283	0.18853	0.145359	0.10287	0.0611627	0.0203391	-0.0194983	-0.0582466	-0.0958026	-0.132063	-0.166926	-0.20029	-0.232054	-0.262122	-0.290399	-0.316792	-0.341215	-0.363584	-0.383823	-0.40186	-0.41763	-0.431077	-0.44215	-0.450809	-0.457021	-0.460763	-0.46202	-0.460787	-0.45707	-0.450883	-0.442248	-0.431198	-0.417775	-0.402027	-0.384012	-0.363795	-0.341446	-0.317043	-0.290669	-0.26241	-0.232359	-0.200611	-0.167262	-0.132414	-0.0961664	-0.0586227	-0.0198856	0.0199416	0.060756	0.102455	0.144937	0.188102	0.231849	0.276081	0.3207	0.36561	0.410717	0.455927	0.501148	0.546287	0.591255	0.635962	0.680317	0.724232	0.767617	0.810385	0.852447	0.893714	0.934097	0.973508	1.01186	1.04906	1.08502	1.11966	1.15289	1.18462	1.21477	1.24326	1.27	1.29493	1.31795	1.33902	1.35806	1.37501	1.38981	1.40243	1.41281	1.42092	1.42674	1.43024	1.43142	



1.48246	1.48125	1.4776	1.47151	1.46302	1.45215	1.43892	1.4234	1.40561	1.38563	1.36351	1.33931	1.31311	1.28499	1.25502	1.22329	1.18987	1.15487	1.11836	1.08044	1.0412	1.00074	0.959139	0.916501	0.872919	0.828486	0.783297	0.737447	0.691031	0.644146	0.596886	0.549348	0.50163	0.453829	0.406044	0.358374	0.310919	0.263782	0.217065	0.170871	0.125307	0.0804763	0.0364873	-0.00655297	-0.0485365	-0.0893551	-0.128901	-0.167066	-0.203743	-0.238828	-0.272217	-0.303808	-0.333505	-0.361214	-0.386843	-0.41031	-0.431534	-0.450443	-0.466972	-0.481062	-0.492663	-0.501733	-0.508239	-0.512157	-0.513474	-0.512184	-0.508292	-0.501812	-0.492768	-0.481192	-0.467127	-0.450623	-0.431738	-0.410537	-0.387093	-0.361485	-0.333797	-0.30412	-0.272547	-0.239176	-0.204108	-0.167446	-0.129296	-0.0897637	-0.0489576	-0.00698544	0.0360445	0.0800243	0.124846	0.170404	0.216592	0.263304	0.310437	0.357889	0.405557	0.453341	0.501143	0.548862	0.596401	0.643664	0.690554	0.736975	0.782831	0.828027	0.872468	0.91606	0.958707	1.00032	1.04079	1.08004	1.11798	1.1545	1.18952	1.22295	1.2547	1.28469	1.31283	1.33905	1.36326	1.38541	1.40541	1.42322	1.43877	1.45201	1.46291	1.47143	1.47754	1.48121	1.48245	



1.53747	1.53619	1.53235	1.52596	1.51703	1.5056	1.49169	1.47536	1.45665	1.43561	1.41233	1.38685	1.35925	1.32961	1.29802	1.26456	1.22931	1.19238	1.15384	1.1138	1.07235	1.0296	0.985635	0.940561	0.894477	0.847485	0.799685	0.75118	0.702071	0.652462	0.602455	0.552155	0.501665	0.451092	0.400541	0.350119	0.299934	0.250096	0.200713	0.151898	0.103761	0.0564149	0.00997363	-0.0354495	-0.0797406	-0.122786	-0.164472	-0.204686	-0.243318	-0.280256	-0.315395	-0.348629	-0.379858	-0.408985	-0.435917	-0.460568	-0.482857	-0.502709	-0.520057	-0.534843	-0.547014	-0.556529	-0.563353	-0.567463	-0.568844	-0.567492	-0.56341	-0.556614	-0.547127	-0.534983	-0.520225	-0.502902	-0.483076	-0.460812	-0.436186	-0.409277	-0.380173	-0.348965	-0.315751	-0.280632	-0.243712	-0.205098	-0.1649	-0.123229	-0.0801971	-0.0359186	0.00949302	0.055924	0.103261	0.151389	0.200198	0.249575	0.299409	0.34959	0.40001	0.45056	0.501134	0.551624	0.601927	0.651937	0.701551	0.750665	0.799177	0.846984	0.893985	0.940079	0.985164	1.02914	1.07191	1.11337	1.15342	1.19197	1.22893	1.26419	1.29768	1.32929	1.35894	1.38656	1.41206	1.43537	1.45643	1.47516	1.49152	1.50545	1.51691	1.52587	1.53229	1.53615	1.53745	



1.59666	1.59532	1.59128	1.58455	1.57515	1.56311	1.54846	1.53126	1.51154	1.48938	1.46483	1.43796	1.40885	1.37759	1.34424	1.30892	1.27169	1.23267	1.19195	1.14963	1.10581	1.06059	1.01408	0.966388	0.917617	0.867875	0.817272	0.765915	0.713915	0.661382	0.608427	0.555162	0.501698	0.448151	0.394632	0.341258	0.288144	0.235407	0.183165	0.131536	0.0806383	0.0305926	-0.0184812	-0.066463	-0.113233	-0.15867	-0.202656	-0.245074	-0.285806	-0.324738	-0.36176	-0.396763	-0.429641	-0.460296	-0.488632	-0.51456	-0.537997	-0.558866	-0.5771	-0.592636	-0.605424	-0.615418	-0.622587	-0.626904	-0.628355	-0.626934	-0.622648	-0.61551	-0.605545	-0.592787	-0.577279	-0.559075	-0.538233	-0.514823	-0.488921	-0.460611	-0.42998	-0.397125	-0.362144	-0.325144	-0.286231	-0.245518	-0.203118	-0.159148	-0.113726	-0.0669705	-0.0190014	0.030061	0.0800965	0.130985	0.182607	0.234843	0.287574	0.340684	0.394056	0.447573	0.501121	0.554585	0.607853	0.660812	0.713349	0.765355	0.816719	0.867331	0.917082	0.965864	1.01357	1.06009	1.10532	1.14916	1.1915	1.23224	1.27128	1.30852	1.34387	1.37723	1.40852	1.43765	1.46454	1.48912	1.51131	1.53105	1.54828	1.56295	1.57502	1.58445	1.59121	1.59528	1.59665	



1.66028	1.65887	1.65461	1.64751	1.6376	1.62491	1.60946	1.59131	1.57052	1.54713	1.52122	1.49285	1.46212	1.42909	1.39386	1.35653	1.31718	1.27592	1.23284	1.18807	1.14169	1.09383	1.04459	0.994083	0.942427	0.889736	0.836124	0.781709	0.726608	0.670941	0.614825	0.558381	0.50173	0.444994	0.388295	0.331757	0.275504	0.219661	0.164353	0.109707	0.0558501	0.00290931	-0.048988	-0.0997144	-0.149143	-0.197148	-0.243604	-0.288386	-0.331375	-0.37245	-0.411496	-0.4484	-0.483053	-0.515352	-0.545199	-0.572502	-0.597175	-0.619141	-0.638327	-0.654673	-0.668125	-0.678637	-0.686176	-0.690716	-0.692242	-0.690749	-0.686242	-0.678735	-0.668255	-0.654835	-0.63852	-0.619364	-0.597428	-0.572784	-0.545509	-0.51569	-0.483417	-0.448789	-0.411909	-0.372886	-0.331833	-0.288865	-0.244101	-0.197663	-0.149675	-0.100262	-0.0495494	0.0023353	0.0552649	0.109112	0.163749	0.21905	0.274888	0.331136	0.387672	0.444369	0.501105	0.557756	0.614203	0.670322	0.725995	0.781102	0.835525	0.889146	0.941848	0.993515	1.04403	1.09329	1.14117	1.18756	1.23235	1.27544	1.31673	1.3561	1.39346	1.42871	1.46176	1.49252	1.52091	1.54685	1.57026	1.59109	1.60926	1.62474	1.63746	1.64741	1.65453	1.65882	1.66027	



1.72858	1.72709	1.72259	1.7151	1.70464	1.69124	1.67493	1.65577	1.6338	1.60909	1.58172	1.55174	1.51925	1.48433	1.44708	1.40758	1.36594	1.32227	1.27668	1.22926	1.18015	1.12944	1.07727	1.02375	0.969004	0.91315	0.856314	0.798622	0.7402	0.681174	0.621673	0.561825	0.501761	0.441611	0.381506	0.32158	0.261965	0.202795	0.144204	0.0863272	0.0293	-0.0267425	-0.0816652	-0.135333	-0.187613	-0.23837	-0.287474	-0.334795	-0.380205	-0.42358	-0.464799	-0.503744	-0.540304	-0.57437	-0.605842	-0.634623	-0.660626	-0.683771	-0.703983	-0.7212	-0.735367	-0.746437	-0.754375	-0.759156	-0.760762	-0.759191	-0.754445	-0.746542	-0.735506	-0.721373	-0.704189	-0.684009	-0.660897	-0.634925	-0.606174	-0.574732	-0.540693	-0.504161	-0.465242	-0.424048	-0.380696	-0.335308	-0.288008	-0.238924	-0.188185	-0.135922	-0.0822695	-0.0273607	0.0286695	0.0856859	0.143553	0.202136	0.2613	0.32091	0.380833	0.440936	0.501085	0.56115	0.621001	0.680506	0.739537	0.797967	0.855667	0.912513	0.968378	1.02314	1.07667	1.12886	1.17958	1.22871	1.27615	1.32176	1.36546	1.40711	1.44663	1.48392	1.51886	1.55138	1.58138	1.60879	1.63353	1.65552	1.67472	1.69106	1.70449	1.71499	1.72251	1.72704	1.72856	



1.80182	1.80025	1.7955	1.78758	1.77653	1.76236	1.74513	1.72487	1.70164	1.67552	1.64656	1.61485	1.58048	1.54352	1.50409	1.46227	1.41818	1.37193	1.32362	1.27338	1.22132	1.16758	1.11226	1.05551	0.99745	0.938209	0.877921	0.81672	0.754742	0.692122	0.628997	0.565507	0.50179	0.437987	0.374239	0.310687	0.247474	0.184744	0.12264	0.0613056	0.000884858	-0.0584783	-0.11664	-0.173458	-0.228791	-0.282497	-0.334439	-0.38448	-0.432486	-0.478327	-0.521877	-0.563014	-0.601619	-0.637583	-0.670799	-0.701168	-0.728601	-0.753012	-0.774327	-0.792481	-0.807416	-0.819086	-0.827453	-0.832492	-0.834186	-0.832529	-0.827528	-0.819197	-0.807564	-0.792665	-0.774547	-0.753267	-0.72889	-0.701491	-0.671154	-0.637969	-0.602036	-0.56346	-0.522351	-0.478828	-0.433012	-0.38503	-0.335012	-0.283092	-0.229405	-0.174091	-0.117289	-0.0591421	0.000207537	0.0606163	0.121941	0.184036	0.246759	0.309966	0.373514	0.43726	0.501063	0.564781	0.628274	0.691402	0.754028	0.816014	0.877224	0.937522	0.996775	1.05485	1.11162	1.16695	1.22071	1.27279	1.32305	1.37138	1.41766	1.46177	1.50361	1.54308	1.58006	1.61446	1.6462	1.67519	1.70135	1.7246	1.74489	1.76216	1.77637	1.78746	1.79541	1.80019	1.8018	



1.8803	1.87863	1.87361	1.86524	1.85354	1.83856	1.82032	1.79889	1.77431	1.74666	1.71601	1.68244	1.64603	1.6069	1.56512	1.52082	1.47409	1.42507	1.37385	1.32058	1.26538	1.20837	1.14969	1.08948	1.02787	0.965009	0.901028	0.836073	0.770291	0.703827	0.636827	0.569442	0.501819	0.434109	0.366464	0.299036	0.231977	0.165439	0.0995777	0.0345449	-0.0295058	-0.0924213	-0.154049	-0.214239	-0.272839	-0.329703	-0.384683	-0.437637	-0.488424	-0.536908	-0.582956	-0.626441	-0.667241	-0.705239	-0.740327	-0.7724	-0.801366	-0.827138	-0.849637	-0.868796	-0.884557	-0.896871	-0.905699	-0.911015	-0.912803	-0.911055	-0.905779	-0.896989	-0.884715	-0.868993	-0.849871	-0.827409	-0.801674	-0.772744	-0.740705	-0.705652	-0.667686	-0.626918	-0.583463	-0.537443	-0.488987	-0.438225	-0.385296	-0.330338	-0.273496	-0.214915	-0.154744	-0.0931323	-0.0302315	0.0338062	0.0988278	0.16468	0.231209	0.298263	0.365687	0.433329	0.501038	0.568662	0.63605	0.703054	0.769525	0.835315	0.900279	0.964272	1.02715	1.08877	1.149	1.2077	1.26472	1.31995	1.37324	1.42448	1.47353	1.52028	1.56461	1.60642	1.64558	1.68202	1.71562	1.74631	1.77399	1.7986	1.82007	1.83834	1.85337	1.8651	1.87351	1.87857	1.88027	



1.96431	1.96255	1.95723	1.94837	1.93598	1.92012	1.90081	1.87811	1.85208	1.8228	1.79032	1.75475	1.71618	1.6747	1.63042	1.58344	1.5339	1.4819	1.42758	1.37106	1.31249	1.25199	1.18971	1.1258	1.0604	0.993655	0.925723	0.856756	0.786907	0.716333	0.645193	0.573643	0.501846	0.429962	0.358153	0.286582	0.215411	0.144805	0.0749274	0.00594114	-0.0619901	-0.128704	-0.194038	-0.257833	-0.319929	-0.38017	-0.438402	-0.494473	-0.548238	-0.599551	-0.648275	-0.694276	-0.737426	-0.777605	-0.814698	-0.848598	-0.879208	-0.906438	-0.930208	-0.950446	-0.967093	-0.980097	-0.98942	-0.995034	-0.996921	-0.995076	-0.989505	-0.980223	-0.96726	-0.950655	-0.930457	-0.906727	-0.879536	-0.848964	-0.8151	-0.778043	-0.7379	-0.694783	-0.648814	-0.600121	-0.548837	-0.495101	-0.439055	-0.380848	-0.32063	-0.258555	-0.19478	-0.129463	-0.0627656	0.00515156	0.0741255	0.143993	0.214591	0.285754	0.357321	0.429127	0.50101	0.572809	0.64436	0.715506	0.786086	0.855944	0.924921	0.992865	1.05962	1.12504	1.18897	1.25127	1.31178	1.37038	1.42692	1.48127	1.53329	1.58287	1.62987	1.67418	1.7157	1.75431	1.78991	1.82242	1.85174	1.87781	1.90054	1.91989	1.9358	1.94822	1.95712	1.96248	1.96428	



2.05418	2.05232	2.04669	2.0373	2.02418	2.00737	1.98691	1.96285	1.93527	1.90422	1.8698	1.83209	1.79119	1.74719	1.70022	1.65039	1.59783	1.54265	1.485	1.42501	1.36283	1.2986	1.23247	1.1646	1.09514	1.02426	0.952104	0.878848	0.804655	0.729691	0.654126	0.578129	0.501873	0.42553	0.349273	0.273276	0.197714	0.122762	0.0485931	-0.0246168	-0.0966944	-0.167467	-0.236762	-0.30441	-0.370243	-0.434095	-0.495804	-0.555211	-0.61216	-0.666501	-0.718088	-0.766782	-0.812449	-0.854962	-0.894203	-0.930061	-0.962433	-0.991225	-1.01636	-1.03775	-1.05535	-1.06909	-1.07894	-1.08488	-1.08687	-1.08492	-1.07903	-1.06923	-1.05552	-1.03797	-1.01662	-0.991532	-0.96278	-0.930449	-0.894631	-0.855428	-0.812952	-0.767321	-0.718661	-0.667107	-0.612798	-0.555878	-0.4965	-0.434817	-0.37099	-0.305179	-0.237552	-0.168276	-0.0975209	-0.0254585	0.0477381	0.121895	0.196839	0.272393	0.348385	0.424639	0.500981	0.577238	0.653237	0.728807	0.803778	0.877981	0.951248	1.02341	1.09431	1.16379	1.23168	1.29782	1.36208	1.42428	1.4843	1.54198	1.59718	1.64978	1.69964	1.74665	1.79067	1.83161	1.86936	1.90382	1.9349	1.96253	1.98663	2.00713	2.02398	2.03714	2.04657	2.05225	2.05416	



2.15028	2.1483	2.14233	2.13238	2.11847	2.10065	2.07895	2.05344	2.02419	1.99126	1.95475	1.91474	1.87135	1.82467	1.77482	1.72193	1.66613	1.60755	1.54634	1.48264	1.4166	1.34838	1.27814	1.20604	1.13225	1.05693	0.980272	0.902436	0.823602	0.74395	0.663661	0.582916	0.501899	0.420794	0.339789	0.259067	0.178816	0.0992225	0.0204726	-0.0572478	-0.133754	-0.208861	-0.282387	-0.354153	-0.423979	-0.49169	-0.557115	-0.620087	-0.680441	-0.738019	-0.792668	-0.844243	-0.892602	-0.937614	-0.979154	-1.01711	-1.05136	-1.08183	-1.10842	-1.13105	-1.14966	-1.1642	-1.17462	-1.1809	-1.18301	-1.18095	-1.17472	-1.16434	-1.14985	-1.13128	-1.1087	-1.08215	-1.05173	-1.01752	-0.979607	-0.938108	-0.893135	-0.844814	-0.793276	-0.738662	-0.681117	-0.620795	-0.557854	-0.492456	-0.424771	-0.35497	-0.283227	-0.209721	-0.134632	-0.0581428	0.0195634	0.0983012	0.177885	0.258128	0.338844	0.419846	0.500949	0.581966	0.662715	0.743009	0.822669	0.901512	0.97936	1.05604	1.13136	1.20517	1.27729	1.34755	1.4158	1.48186	1.54559	1.60683	1.66544	1.72128	1.7742	1.82408	1.8708	1.91423	1.95428	1.99083	2.0238	2.0531	2.07865	2.10039	2.11826	2.13221	2.14221	2.14823	2.15025	



2.25297	2.25087	2.24453	2.23398	2.21922	2.20031	2.1773	2.15023	2.11919	2.08425	2.0455	2.00304	1.95697	1.90741	1.85449	1.79833	1.73907	1.67686	1.61184	1.54417	1.47401	1.40152	1.32689	1.25027	1.17185	1.09181	1.01034	0.92761	0.843823	0.759167	0.673835	0.588021	0.501923	0.415738	0.329664	0.243899	0.158644	0.0740967	-0.00954356	-0.0920788	-0.173312	-0.253048	-0.331092	-0.407254	-0.481344	-0.553178	-0.622573	-0.689353	-0.753346	-0.814384	-0.872307	-0.926961	-0.978199	-1.02588	-1.06988	-1.11007	-1.14635	-1.17861	-1.20675	-1.23071	-1.25041	-1.2658	-1.27683	-1.28347	-1.2857	-1.28352	-1.27693	-1.26595	-1.25061	-1.23096	-1.20705	-1.17895	-1.14674	-1.11051	-1.07036	-1.0264	-0.978762	-0.927565	-0.87295	-0.815064	-0.754062	-0.690103	-0.623355	-0.553989	-0.482184	-0.408119	-0.331982	-0.253959	-0.174243	-0.0930277	-0.0105078	0.0731194	0.157656	0.242903	0.328661	0.414731	0.500915	0.587014	0.67283	0.758168	0.842832	0.926629	1.00937	1.09086	1.17091	1.24935	1.32599	1.40065	1.47316	1.54334	1.61104	1.67609	1.73834	1.79764	1.85383	1.90679	1.95639	2.0025	2.045	2.08379	2.11878	2.14987	2.17698	2.20004	2.219	2.2338	2.2444	2.25079	2.25293	



2.36265	2.36042	2.3537	2.34249	2.32683	2.30676	2.28233	2.2536	2.22065	2.18355	2.1424	2.09732	2.04839	1.99576	1.93955	1.87989	1.81694	1.75084	1.68175	1.60984	1.53528	1.45824	1.37891	1.29747	1.21411	1.12903	1.04241	0.954469	0.865396	0.7754	0.684687	0.593466	0.501947	0.41034	0.318858	0.227714	0.137119	0.0472863	-0.0415721	-0.129245	-0.215523	-0.300199	-0.383065	-0.46392	-0.542563	-0.618798	-0.692433	-0.76328	-0.831159	-0.895893	-0.957313	-1.01526	-1.06957	-1.12011	-1.16674	-1.20933	-1.24776	-1.28193	-1.31174	-1.33712	-1.35798	-1.37428	-1.38596	-1.39299	-1.39536	-1.39304	-1.38606	-1.37444	-1.35819	-1.33738	-1.31206	-1.28229	-1.24817	-1.20979	-1.16724	-1.12066	-1.07017	-1.0159	-0.957992	-0.896611	-0.831915	-0.764072	-0.693258	-0.619655	-0.54345	-0.464835	-0.384005	-0.301162	-0.216508	-0.130249	-0.0425918	0.0462525	0.136074	0.226659	0.317797	0.409275	0.500879	0.592399	0.683624	0.774342	0.864346	0.95343	1.04139	1.12802	1.21312	1.2965	1.37796	1.45731	1.53438	1.60897	1.68091	1.75003	1.81616	1.87916	1.93885	1.9951	2.04778	2.09674	2.14188	2.18307	2.22021	2.25321	2.28199	2.30647	2.32659	2.3423	2.35356	2.36033	2.36261	



2.47974	2.47738	2.47024	2.45834	2.44171	2.4204	2.39446	2.36395	2.32895	2.28954	2.24584	2.19794	2.14597	2.09005	2.03032	1.96693	1.90003	1.82978	1.75634	1.67991	1.60065	1.51875	1.43441	1.34782	1.25919	1.16873	1.07663	0.983116	0.888404	0.792712	0.696259	0.59927	0.501969	0.40458	0.307331	0.210447	0.114157	0.018687	-0.0757375	-0.168892	-0.260552	-0.350497	-0.438509	-0.524372	-0.607873	-0.688805	-0.766965	-0.842155	-0.914183	-0.982864	-1.04802	-1.10948	-1.16708	-1.22067	-1.2701	-1.31525	-1.35599	-1.39221	-1.4238	-1.45069	-1.4728	-1.49007	-1.50244	-1.50989	-1.5124	-1.50995	-1.50255	-1.49023	-1.47302	-1.45097	-1.42413	-1.39259	-1.35642	-1.31573	-1.27063	-1.22125	-1.1677	-1.11015	-1.04873	-0.983619	-0.914979	-0.842989	-0.767834	-0.689708	-0.608808	-0.525336	-0.4395	-0.351513	-0.26159	-0.16995	-0.076813	0.0175966	0.113055	0.209335	0.306211	0.403456	0.500842	0.598145	0.695137	0.791595	0.887296	0.982018	1.07554	1.16766	1.25815	1.3468	1.43341	1.51777	1.5997	1.67899	1.75546	1.82892	1.89921	1.96615	2.02959	2.08936	2.14532	2.19734	2.24528	2.28903	2.32848	2.36353	2.3941	2.42009	2.44146	2.45814	2.47009	2.47729	2.47971	



2.60472	2.60221	2.59462	2.58198	2.56432	2.54168	2.51411	2.4817	2.44451	2.40265	2.35621	2.30531	2.25008	2.19065	2.12717	2.05979	1.98867	1.91398	1.83591	1.75465	1.67037	1.58329	1.4936	1.40152	1.30727	1.21106	1.11311	1.01366	0.912936	0.811169	0.708597	0.605457	0.501989	0.398435	0.295035	0.192033	0.0896698	-0.0118124	-0.112173	-0.211172	-0.308573	-0.404139	-0.497639	-0.588844	-0.677528	-0.763473	-0.846461	-0.926285	-1.00274	-1.07563	-1.14478	-1.20999	-1.2711	-1.32794	-1.38038	-1.42826	-1.47146	-1.50986	-1.54336	-1.57187	-1.59531	-1.61361	-1.62673	-1.63462	-1.63728	-1.63468	-1.62684	-1.61378	-1.59554	-1.57216	-1.5437	-1.51026	-1.47191	-1.42876	-1.38093	-1.32855	-1.27175	-1.21069	-1.14553	-1.07643	-1.00358	-0.92716	-0.847374	-0.764421	-0.67851	-0.589857	-0.498681	-0.405207	-0.309664	-0.212285	-0.113304	-0.0129592	0.0885098	0.190863	0.293857	0.397252	0.500804	0.604272	0.707415	0.809993	0.911769	1.01251	1.11197	1.20993	1.30616	1.40044	1.49254	1.58226	1.66937	1.75368	1.83498	1.91309	1.98781	2.05897	2.12639	2.18992	2.2494	2.30467	2.35562	2.40211	2.44403	2.48127	2.51374	2.54135	2.56405	2.58177	2.59447	2.60211	2.60468	



2.73805	2.73538	2.72732	2.71389	2.69512	2.67106	2.64177	2.60732	2.5678	2.5233	2.47395	2.41984	2.36113	2.29795	2.23046	2.15882	2.0832	2.00379	1.92077	1.83434	1.74472	1.6521	1.55671	1.45878	1.35852	1.25619	1.15201	1.04623	0.939087	0.830844	0.721746	0.612049	0.502008	0.391881	0.281925	0.172399	0.063561	-0.0443307	-0.15102	-0.256251	-0.359772	-0.461332	-0.560685	-0.657587	-0.7518	-0.84309	-0.931229	-1.016	-1.09718	-1.17456	-1.24796	-1.31718	-1.38203	-1.44235	-1.49799	-1.54879	-1.59462	-1.63535	-1.67088	-1.70112	-1.72598	-1.74539	-1.7593	-1.76767	-1.77048	-1.76773	-1.75942	-1.74557	-1.72622	-1.70142	-1.67124	-1.63577	-1.59509	-1.54932	-1.49857	-1.44299	-1.38272	-1.31791	-1.24874	-1.1754	-1.09805	-1.01691	-0.932185	-0.844083	-0.752828	-0.658648	-0.561776	-0.462451	-0.360916	-0.257418	-0.152206	-0.0455333	0.0623444	0.171171	0.280689	0.390639	0.500764	0.610806	0.720506	0.82961	0.937863	1.04501	1.15081	1.25501	1.35736	1.45764	1.5556	1.65102	1.74367	1.83333	1.91979	2.00284	2.0823	2.15796	2.22964	2.29718	2.36041	2.41917	2.47333	2.52274	2.56729	2.60687	2.64137	2.67072	2.69484	2.71367	2.72716	2.73528	2.73801	



2.88027	2.87743	2.86886	2.85458	2.83463	2.80906	2.77792	2.7413	2.69928	2.65198	2.5995	2.54198	2.47955	2.41237	2.3406	2.26441	2.18399	2.09953	2.01124	1.91931	1.82398	1.72546	1.62399	1.51981	1.41316	1.30429	1.19346	1.08093	0.966959	0.851811	0.735759	0.619072	0.502025	0.384891	0.267947	0.151468	0.0357291	-0.0789944	-0.192429	-0.304304	-0.41435	-0.5223	-0.627892	-0.730868	-0.830975	-0.927966	-1.0216	-1.11164	-1.19786	-1.28004	-1.35797	-1.43146	-1.50031	-1.56434	-1.62339	-1.67731	-1.72594	-1.76917	-1.80687	-1.83895	-1.86532	-1.88591	-1.90067	-1.90955	-1.91254	-1.90962	-1.9008	-1.8861	-1.86557	-1.83926	-1.80724	-1.7696	-1.72643	-1.67786	-1.624	-1.56501	-1.50103	-1.43223	-1.35879	-1.28091	-1.19877	-1.11259	-1.0226	-0.929004	-0.83205	-0.731977	-0.629032	-0.523469	-0.415545	-0.305523	-0.193669	-0.0802517	0.0344571	0.150184	0.266654	0.383593	0.500724	0.617771	0.734461	0.850521	0.965678	1.07966	1.19221	1.30306	1.41195	1.51862	1.62283	1.72433	1.82288	1.91825	2.01021	2.09854	2.18305	2.26351	2.33974	2.41156	2.47879	2.54127	2.59885	2.65139	2.69875	2.74082	2.7775	2.8087	2.83434	2.85435	2.86869	2.87732	2.88022	



3.03191	3.0289	3.01979	3.00461	2.98339	2.9562	2.92309	2.88415	2.83947	2.78917	2.73336	2.67219	2.6058	2.53435	2.45801	2.37698	2.29144	2.20159	2.10767	2.00988	1.90846	1.80365	1.69569	1.58485	1.47139	1.35556	1.23764	1.11792	0.996658	0.874153	0.750688	0.626553	0.502039	0.377439	0.253048	0.129159	0.00606575	-0.115939	-0.236563	-0.355518	-0.472517	-0.587278	-0.699521	-0.808973	-0.915363	-1.01843	-1.11792	-1.21358	-1.30517	-1.39247	-1.47524	-1.55328	-1.62639	-1.69438	-1.75708	-1.81431	-1.86594	-1.91182	-1.95184	-1.98589	-2.01388	-2.03573	-2.05139	-2.06082	-2.06398	-2.06088	-2.05152	-2.03593	-2.01414	-1.98622	-1.95223	-1.91228	-1.86645	-1.81489	-1.75771	-1.69508	-1.62714	-1.55408	-1.47609	-1.39337	-1.30612	-1.21458	-1.11896	-1.01951	-0.916482	-0.810127	-0.700709	-0.588496	-0.473763	-0.356788	-0.237854	-0.117249	0.00474004	0.127821	0.251701	0.376086	0.500682	0.625197	0.749335	0.872807	0.995322	1.11659	1.23634	1.35427	1.47012	1.58361	1.69448	1.80246	1.90731	2.00876	2.10659	2.20056	2.29045	2.37604	2.45712	2.53351	2.60501	2.67146	2.73269	2.78855	2.83892	2.88365	2.92265	2.95583	2.98308	3.00436	3.01961	3.02878	3.03187	



3.19359	3.19038	3.18069	3.16454	3.14198	3.11306	3.07785	3.03644	2.98892	2.93542	2.87606	2.81099	2.74037	2.66436	2.58316	2.49695	2.40595	2.31037	2.21044	2.10639	1.99848	1.88696	1.7721	1.65416	1.53343	1.41018	1.28472	1.15732	1.0283	0.897955	0.766592	0.63452	0.50205	0.369495	0.237169	0.105385	-0.0255447	-0.155307	-0.283592	-0.410091	-0.534501	-0.65652	-0.775851	-0.892203	-1.00529	-1.11484	-1.22057	-1.32222	-1.41954	-1.51229	-1.60022	-1.68312	-1.76077	-1.83298	-1.89956	-1.96034	-2.01516	-2.06388	-2.10636	-2.14251	-2.17222	-2.19542	-2.21204	-2.22205	-2.22541	-2.22212	-2.21218	-2.19563	-2.17249	-2.14285	-2.10677	-2.06435	-2.01569	-1.96094	-1.90022	-1.8337	-1.76155	-1.68395	-1.6011	-1.51322	-1.42053	-1.32325	-1.22165	-1.11596	-1.00645	-0.893402	-0.777084	-0.657784	-0.535794	-0.41141	-0.284933	-0.156668	-0.0269217	0.103995	0.235769	0.368089	0.500641	0.63311	0.765186	0.896556	1.02691	1.15595	1.28336	1.40884	1.53211	1.65287	1.77084	1.88574	1.99729	2.10524	2.20932	2.3093	2.40492	2.49598	2.58223	2.66349	2.73955	2.81023	2.87536	2.93477	2.98834	3.03592	3.0774	3.11267	3.14166	3.16429	3.1805	3.19026	3.19354	



3.36591	3.3625	3.35219	3.33502	3.31102	3.28025	3.2428	3.19875	3.1482	3.09128	3.02814	2.95892	2.88378	2.80292	2.71653	2.62481	2.52798	2.42628	2.31995	2.20923	2.09441	1.97574	1.85351	1.72801	1.59953	1.46838	1.33487	1.1993	1.06201	0.92331	0.783532	0.643004	0.502058	0.361028	0.220248	0.0800524	-0.0592253	-0.197253	-0.333699	-0.468237	-0.600542	-0.730294	-0.857177	-0.980883	-1.10111	-1.21756	-1.32994	-1.43798	-1.5414	-1.63996	-1.73339	-1.82147	-1.90397	-1.98068	-2.0514	-2.11596	-2.17418	-2.22592	-2.27104	-2.30942	-2.34097	-2.3656	-2.38326	-2.39388	-2.39745	-2.39395	-2.3834	-2.36582	-2.34125	-2.30977	-2.27146	-2.2264	-2.17473	-2.11657	-2.05208	-1.98142	-1.90477	-1.82233	-1.73431	-1.64093	-1.54242	-1.43905	-1.33105	-1.21872	-1.10231	-0.982123	-0.858453	-0.731602	-0.60188	-0.469602	-0.335088	-0.198661	-0.0606508	0.0786134	0.218799	0.359572	0.500599	0.641544	0.782076	0.921861	1.06057	1.19788	1.33346	1.46699	1.59817	1.72667	1.8522	1.97447	2.09317	2.20804	2.31879	2.42517	2.52692	2.62379	2.71557	2.80202	2.88293	2.95813	3.02741	3.09062	3.1476	3.19821	3.24233	3.27985	3.31069	3.33475	3.352	3.36237	3.36586	



3.54956	3.54593	3.53496	3.51669	3.49116	3.45843	3.41858	3.37171	3.31794	3.25738	3.1902	3.11654	3.0366	2.95056	2.85863	2.76103	2.658	2.54977	2.43662	2.3188	2.19661	2.07032	1.94024	1.80668	1.66995	1.53037	1.38829	1.24402	1.09791	0.950315	0.801572	0.652036	0.502062	0.352004	0.202219	0.0530633	-0.0951076	-0.241939	-0.38708	-0.530181	-0.670897	-0.808888	-0.943817	-1.07536	-1.20319	-1.32699	-1.44646	-1.56131	-1.67124	-1.77598	-1.87528	-1.96888	-2.05654	-2.13804	-2.21318	-2.28176	-2.34361	-2.39857	-2.4465	-2.48727	-2.52078	-2.54694	-2.56569	-2.57697	-2.58076	-2.57704	-2.56583	-2.54716	-2.52107	-2.48763	-2.44693	-2.39907	-2.34418	-2.2824	-2.21388	-2.1388	-2.05736	-1.96976	-1.87622	-1.77698	-1.67229	-1.56241	-1.44761	-1.32818	-1.20442	-1.07664	-0.945132	-0.810236	-0.672277	-0.531589	-0.388512	-0.243392	-0.0965776	0.0515792	0.200724	0.350502	0.500557	0.650531	0.80007	0.94882	1.09643	1.24255	1.38683	1.52894	1.66854	1.8053	1.93889	2.069	2.19533	2.31757	2.43543	2.54863	2.6569	2.75999	2.85764	2.94963	3.03572	3.11573	3.18944	3.25669	3.31731	3.37116	3.4181	3.45802	3.49082	3.51642	3.53476	3.5458	3.54951	



3.74525	3.74138	3.72971	3.71027	3.68311	3.64828	3.60588	3.55601	3.49879	3.43435	3.36286	3.28449	3.19942	3.10786	3.01003	2.90616	2.79651	2.68133	2.56091	2.43552	2.30547	2.17106	2.03262	1.89047	1.74495	1.5964	1.44518	1.29164	1.13615	0.979075	0.820783	0.661653	0.502061	0.342388	0.183011	0.0243118	-0.133331	-0.289541	-0.443943	-0.596165	-0.74584	-0.892606	-1.03611	-1.17599	-1.31192	-1.44356	-1.57058	-1.69268	-1.80954	-1.92089	-2.02643	-2.12591	-2.21907	-2.30568	-2.38553	-2.4584	-2.52412	-2.58251	-2.63343	-2.67674	-2.71234	-2.74013	-2.76004	-2.77203	-2.77605	-2.7721	-2.76019	-2.74035	-2.71264	-2.67711	-2.63387	-2.58302	-2.5247	-2.45905	-2.38624	-2.30646	-2.21991	-2.12681	-2.02739	-1.92191	-1.81062	-1.69381	-1.57176	-1.44479	-1.31319	-1.1773	-1.03746	-0.893991	-0.747257	-0.59761	-0.445413	-0.291033	-0.134841	0.0227872	0.181476	0.340845	0.500515	0.660106	0.81924	0.977539	1.13463	1.29013	1.44369	1.59493	1.7435	1.88905	2.03123	2.16971	2.30416	2.43425	2.55968	2.68015	2.79538	2.90509	3.00901	3.10689	3.19851	3.28365	3.36209	3.43364	3.49815	3.55544	3.60538	3.64785	3.68275	3.70999	3.72951	3.74125	3.7452	



3.95374	3.94962	3.93721	3.91652	3.88761	3.85055	3.80543	3.75236	3.69146	3.62289	3.54681	3.4634	3.37286	3.27542	3.1713	3.06076	2.94406	2.82147	2.6933	2.55984	2.42142	2.27837	2.13102	1.97972	1.82483	1.66673	1.50578	1.34236	1.17687	1.0097	0.841239	0.67189	0.502056	0.332141	0.162549	-0.00631447	-0.174046	-0.340243	-0.504508	-0.666445	-0.825662	-0.981775	-1.1344	-1.28318	-1.42774	-1.56772	-1.70279	-1.83261	-1.95686	-2.07523	-2.18743	-2.29317	-2.39219	-2.48425	-2.56911	-2.64656	-2.71639	-2.77844	-2.83255	-2.87857	-2.9164	-2.94592	-2.96708	-2.97981	-2.98408	-2.97989	-2.96723	-2.94615	-2.9167	-2.87895	-2.833	-2.77897	-2.71699	-2.64722	-2.56984	-2.48505	-2.39306	-2.29409	-2.18841	-2.07627	-1.95796	-1.83376	-1.704	-1.56898	-1.42904	-1.28452	-1.13579	-0.983191	-0.827111	-0.667922	-0.506012	-0.341769	-0.17559	-0.00787391	0.160978	0.330562	0.500473	0.670307	0.83966	1.00813	1.17531	1.34082	1.50425	1.66522	1.82335	1.97827	2.1296	2.27699	2.42008	2.55854	2.69204	2.82027	2.9429	3.05966	3.17026	3.27443	3.37194	3.46254	3.54601	3.62216	3.6908	3.75177	3.80492	3.85011	3.88725	3.91623	3.937	3.94949	3.95368	



4.17585	4.17147	4.15825	4.13623	4.10546	4.06602	4.018	3.96151	3.8967	3.82372	3.74275	3.65397	3.55762	3.4539	3.34308	3.22543	3.10121	2.97073	2.83431	2.69226	2.54492	2.39265	2.23581	2.07476	1.9099	1.74162	1.57031	1.39637	1.22024	1.04231	0.863018	0.682786	0.502044	0.321222	0.140752	-0.0389352	-0.21741	-0.394244	-0.569012	-0.741294	-0.910674	-1.07674	-1.23909	-1.39734	-1.55108	-1.69996	-1.84359	-1.98164	-2.11375	-2.23961	-2.3589	-2.47131	-2.57658	-2.67444	-2.76464	-2.84696	-2.92118	-2.98713	-3.04463	-3.09354	-3.13374	-3.16512	-3.1876	-3.20113	-3.20567	-3.2012	-3.18775	-3.16535	-3.13405	-3.09393	-3.04509	-2.98766	-2.92179	-2.84763	-2.76539	-2.67525	-2.57746	-2.47226	-2.3599	-2.24067	-2.11488	-1.98281	-1.84482	-1.70123	-1.5524	-1.3987	-1.2405	-1.07818	-0.912148	-0.742798	-0.570543	-0.395797	-0.218982	-0.040523	0.139153	0.319615	0.500433	0.681174	0.861409	1.04071	1.21865	1.3948	1.56875	1.74008	1.9084	2.07329	2.23436	2.39124	2.54355	2.69093	2.83303	2.9695	3.10003	3.2243	3.34202	3.4529	3.55667	3.6531	3.74194	3.82298	3.89604	3.96092	4.01748	4.06557	4.10509	4.13594	4.15803	4.17133	4.17579	



4.41244	4.40777	4.3937	4.37026	4.33751	4.29553	4.24442	4.1843	4.11532	4.03764	3.95145	3.85696	3.7544	3.644	3.52604	3.40081	3.26858	3.1297	2.98448	2.83327	2.67644	2.51435	2.3474	2.17598	2.0005	1.82137	1.63902	1.45389	1.26641	1.07703	0.886204	0.694383	0.502026	0.30959	0.117536	-0.0736779	-0.263593	-0.451753	-0.637706	-0.821005	-1.00121	-1.17787	-1.35058	-1.5189	-1.68244	-1.84078	-1.99354	-2.14035	-2.28084	-2.41467	-2.54151	-2.66103	-2.77295	-2.87699	-2.97288	-3.06038	-3.13929	-3.20938	-3.2705	-3.32249	-3.36521	-3.39856	-3.42245	-3.43683	-3.44165	-3.43691	-3.42261	-3.3988	-3.36552	-3.32288	-3.27097	-3.20992	-3.1399	-3.06107	-2.97363	-2.87781	-2.77384	-2.66199	-2.54252	-2.41575	-2.28198	-2.14154	-1.99478	-1.84207	-1.68378	-1.52029	-1.352	-1.17933	-1.0027	-0.822529	-0.639257	-0.453326	-0.265186	-0.0752864	0.115915	0.307962	0.500393	0.69275	0.884574	1.07541	1.2648	1.45229	1.63744	1.81981	1.99897	2.17448	2.34594	2.51293	2.67505	2.83193	2.98318	3.12845	3.26739	3.39967	3.52497	3.64298	3.75344	3.85607	3.95063	4.03689	4.11464	4.1837	4.24389	4.29508	4.33714	4.36997	4.39348	4.40763	4.41238	



4.66443	4.65946	4.64448	4.61953	4.58467	4.53999	4.48558	4.42159	4.34816	4.26547	4.17373	4.07315	3.96397	3.84646	3.7209	3.58758	3.44683	3.29899	3.1444	2.98344	2.81649	2.64395	2.46623	2.28376	2.09696	1.90628	1.71218	1.51512	1.31557	1.11399	0.910887	0.706726	0.502	0.297197	0.092808	-0.110679	-0.312775	-0.512995	-0.710858	-0.905888	-1.09761	-1.28557	-1.4693	-1.64836	-1.82231	-1.99074	-2.15322	-2.30935	-2.45877	-2.60109	-2.73596	-2.86306	-2.98206	-3.09268	-3.19463	-3.28766	-3.37154	-3.44606	-3.51104	-3.5663	-3.61171	-3.64716	-3.67256	-3.68783	-3.69296	-3.68791	-3.67271	-3.6474	-3.61202	-3.56669	-3.5115	-3.44661	-3.37216	-3.28835	-3.19539	-3.09351	-2.98296	-2.86402	-2.73699	-2.60217	-2.45991	-2.31055	-2.15447	-1.99204	-1.82366	-1.64975	-1.47073	-1.28704	-1.09912	-0.907422	-0.71242	-0.51458	-0.31438	-0.112299	0.0911754	0.295557	0.500355	0.70508	0.909245	1.11236	1.31394	1.51351	1.71059	1.90472	2.09542	2.28225	2.46476	2.64252	2.8151	2.98209	3.1431	3.29773	3.44563	3.58643	3.71981	3.84543	3.96301	4.07225	4.1729	4.26472	4.34748	4.42098	4.48505	4.53953	4.5843	4.61923	4.64426	4.65932	4.66437	



4.93281	4.92752	4.91157	4.88502	4.84791	4.80034	4.74242	4.6743	4.59613	4.50811	4.41045	4.30338	4.18716	4.06206	3.9284	3.78648	3.63665	3.47926	3.3147	3.14335	2.96563	2.78196	2.59277	2.39852	2.19967	1.9967	1.79008	1.58032	1.3679	1.15335	0.937162	0.719861	0.501965	0.283995	0.066472	-0.150082	-0.365149	-0.57821	-0.788754	-0.996273	-1.20027	-1.40024	-1.59571	-1.7862	-1.97125	-2.15041	-2.32324	-2.48931	-2.64822	-2.79958	-2.94302	-3.07818	-3.20473	-3.32235	-3.43076	-3.52967	-3.61886	-3.69809	-3.76716	-3.82591	-3.87419	-3.91187	-3.93887	-3.95511	-3.96056	-3.95519	-3.93903	-3.91211	-3.8745	-3.8263	-3.76763	-3.69863	-3.61947	-3.53036	-3.43151	-3.32318	-3.20562	-3.07914	-2.94405	-2.80067	-2.64937	-2.49051	-2.32449	-2.15171	-1.9726	-1.7876	-1.59714	-1.40171	-1.20177	-0.997809	-0.790317	-0.579797	-0.366755	-0.151705	0.0648373	0.282352	0.500318	0.718213	0.935517	1.15171	1.36628	1.57871	1.78849	1.99513	2.19813	2.39701	2.59129	2.78051	2.96423	3.142	3.31339	3.478	3.63544	3.78533	3.92731	4.06104	4.18619	4.30248	4.40962	4.50736	4.59545	4.67369	4.74189	4.79988	4.84753	4.88471	4.91135	4.92738	4.93275	



5.21863	5.213	5.19602	5.16775	5.12824	5.0776	5.01594	4.94342	4.86021	4.76651	4.66254	4.54856	4.42483	4.29166	4.14936	3.99828	3.83877	3.67122	3.49603	3.31362	3.12443	2.92889	2.72749	2.52071	2.30903	2.09296	1.87302	1.64973	1.42362	1.19524	0.96513	0.733839	0.50192	0.26993	0.0384241	-0.192043	-0.420919	-0.647652	-0.871697	-1.09251	-1.30957	-1.52234	-1.73031	-1.93297	-2.12984	-2.32042	-2.50427	-2.68092	-2.84995	-3.01093	-3.16349	-3.30723	-3.44181	-3.56689	-3.68217	-3.78735	-3.88219	-3.96643	-4.03987	-4.10234	-4.15367	-4.19373	-4.22243	-4.2397	-4.24548	-4.23978	-4.22259	-4.19397	-4.15398	-4.10273	-4.04034	-3.96697	-3.8828	-3.78804	-3.68292	-3.56772	-3.4427	-3.30819	-3.16451	-3.01201	-2.85108	-2.68211	-2.50551	-2.32172	-2.13118	-1.93436	-1.73173	-1.5238	-1.31107	-1.09404	-0.873251	-0.649229	-0.422516	-0.193656	0.0367988	0.268297	0.500282	0.7322	0.963494	1.19361	1.422	1.64812	1.87143	2.0914	2.30749	2.5192	2.72602	2.92746	3.12303	3.31227	3.49473	3.66997	3.83757	3.99713	4.14828	4.29064	4.42387	4.54766	4.66172	4.76575	4.85953	4.94281	5.01541	5.07714	5.12786	5.16745	5.1958	5.21286	5.21857	



5.52301	5.51701	5.49893	5.46883	5.42677	5.37286	5.30722	5.23001	5.14142	5.04167	4.93098	4.80963	4.67791	4.53614	4.38465	4.2238	4.05399	3.87562	3.68912	3.49492	3.2935	3.08534	2.87094	2.6508	2.42546	2.19545	1.96131	1.72362	1.48294	1.23984	0.994899	0.748712	0.501865	0.254948	0.00855394	-0.236726	-0.480303	-0.721592	-0.960011	-1.19499	-1.42595	-1.65234	-1.87362	-2.08924	-2.29868	-2.50143	-2.69701	-2.88492	-3.06472	-3.23596	-3.39822	-3.5511	-3.69423	-3.82726	-3.94985	-4.06171	-4.16255	-4.25213	-4.33023	-4.39665	-4.45123	-4.49383	-4.52434	-4.5427	-4.54885	-4.54277	-4.5245	-4.49406	-4.45153	-4.39703	-4.33069	-4.25266	-4.16315	-4.06238	-3.95059	-3.82807	-3.69511	-3.55204	-3.39922	-3.23702	-3.06584	-2.8861	-2.69823	-2.50271	-2.3	-2.0906	-1.87502	-1.65378	-1.42742	-1.19649	-0.961543	-0.723148	-0.481879	-0.238317	0.00695098	0.253337	0.500249	0.747096	0.993286	1.23823	1.48134	1.72204	1.95975	2.19391	2.42394	2.64932	2.86949	3.08393	3.29213	3.49359	3.68783	3.87439	4.05281	4.22268	4.38358	4.53513	4.67697	4.80875	4.93017	5.04092	5.14075	5.22941	5.30669	5.37241	5.4264	5.46853	5.49872	5.51687	5.52295	



5.84714	5.84074	5.8215	5.78945	5.74467	5.68726	5.61738	5.53518	5.44087	5.33467	5.21683	5.08763	4.9474	4.79646	4.63518	4.46394	4.28315	4.09325	3.8947	3.68795	3.47352	3.25192	3.02366	2.78931	2.54942	2.30456	2.05532	1.80229	1.54608	1.28731	1.02658	0.764539	0.501797	0.238988	-0.023256	-0.284306	-0.543535	-0.80032	-1.05404	-1.30409	-1.54986	-1.79075	-2.02619	-2.25561	-2.47844	-2.69415	-2.90221	-3.10212	-3.29338	-3.47553	-3.64812	-3.81074	-3.96297	-4.10445	-4.23484	-4.3538	-4.46104	-4.55631	-4.63936	-4.70999	-4.76802	-4.81332	-4.84577	-4.86528	-4.87182	-4.86536	-4.84592	-4.81355	-4.76832	-4.71036	-4.6398	-4.55682	-4.46163	-4.35445	-4.23556	-4.10524	-3.96383	-3.81165	-3.6491	-3.47656	-3.29447	-3.10326	-2.90341	-2.6954	-2.47973	-2.25694	-2.02757	-1.79216	-1.5513	-1.30556	-1.05554	-0.80184	-0.545074	-0.285861	-0.0248223	0.237414	0.500218	0.762959	1.02501	1.28574	1.54452	1.80074	2.05379	2.30305	2.54794	2.78786	3.02224	3.25053	3.47218	3.68665	3.89344	4.09205	4.282	4.46284	4.63413	4.79547	4.94648	5.08677	5.21603	5.33394	5.44021	5.5346	5.61687	5.68682	5.7443	5.78916	5.82128	5.84061	5.84708	



6.19228	6.18547	6.16498	6.13085	6.08317	6.02206	5.94765	5.86014	5.75973	5.64665	5.52119	5.38365	5.23435	5.07365	4.90194	4.71962	4.52715	4.32498	4.11358	3.89348	3.66519	3.42926	3.18626	2.93677	2.68139	2.42072	2.15539	1.88603	1.6133	1.33784	1.06031	0.781379	0.501714	0.221987	-0.0571312	-0.33497	-0.610862	-0.884143	-1.15416	-1.42025	-1.68178	-1.93811	-2.18863	-2.43273	-2.66982	-2.89932	-3.12067	-3.33334	-3.53681	-3.73058	-3.91417	-4.08714	-4.24907	-4.39956	-4.53823	-4.66475	-4.77881	-4.88013	-4.96845	-5.04357	-5.10528	-5.15345	-5.18795	-5.2087	-5.21565	-5.20878	-5.1881	-5.15367	-5.10557	-5.04393	-4.96888	-4.88063	-4.77938	-4.66539	-4.53893	-4.40032	-4.2499	-4.08803	-3.91512	-3.73158	-3.53787	-3.33445	-3.12183	-2.90052	-2.67107	-2.43402	-2.18996	-1.93947	-1.68317	-1.42167	-1.1556	-0.885612	-0.61235	-0.336473	-0.0586448	0.220466	0.500188	0.779852	1.05879	1.33632	1.61179	1.88454	2.15391	2.41926	2.67996	2.93537	3.18489	3.42793	3.66389	3.89222	4.11237	4.32381	4.52603	4.71856	4.90092	5.07269	5.23345	5.38281	5.52042	5.64595	5.75909	5.85957	5.94716	6.02163	6.08282	6.13057	6.16477	6.18534	6.19223	



6.5598	6.55255	6.53072	6.49438	6.44362	6.37855	6.29933	6.20615	6.09924	5.97885	5.84528	5.69883	5.53987	5.36878	5.18596	4.99186	4.78694	4.57169	4.34663	4.11229	3.86925	3.61807	3.35937	3.09376	2.82188	2.54438	2.26192	1.97518	1.68485	1.39162	1.0962	0.799296	0.501616	0.203877	-0.0932053	-0.388918	-0.682548	-0.973391	-1.26075	-1.54392	-1.82223	-2.095	-2.36157	-2.6213	-2.87357	-3.11775	-3.35325	-3.57951	-3.79596	-4.0021	-4.1974	-4.3814	-4.55365	-4.71371	-4.86122	-4.99579	-5.1171	-5.22486	-5.3188	-5.39868	-5.46432	-5.51554	-5.55223	-5.5743	-5.58168	-5.57436	-5.55237	-5.51575	-5.46459	-5.39902	-5.31921	-5.22534	-5.11764	-4.99639	-4.86188	-4.71444	-4.55443	-4.38225	-4.1983	-4.00305	-3.79697	-3.58056	-3.35435	-3.11889	-2.87476	-2.62253	-2.36284	-2.09629	-1.82355	-1.54527	-1.26212	-0.974791	-0.683966	-0.39035	-0.0946483	0.202427	0.500161	0.797841	1.09475	1.39018	1.68342	1.97376	2.26051	2.54299	2.82052	3.09243	3.35806	3.6168	3.86801	4.11109	4.34547	4.57058	4.78587	4.99084	5.185	5.36787	5.53902	5.69804	5.84454	5.97818	6.09863	6.20561	6.29886	6.37814	6.44328	6.49412	6.53053	6.55242	6.55975	



6.95114	6.94341	6.92017	6.88147	6.82742	6.75813	6.67379	6.57458	6.46075	6.33257	6.19035	6.03442	5.86518	5.68302	5.48837	5.28171	5.06354	4.83436	4.59475	4.34526	4.0865	3.81909	3.54367	3.2609	2.97145	2.67603	2.37533	2.07008	1.76102	1.44888	1.13441	0.818361	0.501501	0.184586	-0.13162	-0.44636	-0.758875	-1.06841	-1.37423	-1.67558	-1.97175	-2.26202	-2.54568	-2.82206	-3.09047	-3.35028	-3.60084	-3.84156	-4.07185	-4.29115	-4.49891	-4.69465	-4.87788	-5.04815	-5.20504	-5.34819	-5.47722	-5.59183	-5.69174	-5.77671	-5.84651	-5.90099	-5.94001	-5.96347	-5.97132	-5.96354	-5.94014	-5.90119	-5.84677	-5.77703	-5.69213	-5.59228	-5.47773	-5.34875	-5.20567	-5.04883	-4.87862	-4.69544	-4.49976	-4.29204	-4.07279	-3.84255	-3.60188	-3.35135	-3.09158	-2.82321	-2.54687	-2.26323	-1.973	-1.67685	-1.37552	-1.06973	-0.760204	-0.447703	-0.132973	0.183226	0.500137	0.816996	1.13304	1.44752	1.75967	2.06875	2.37401	2.67473	2.97017	3.25964	3.54244	3.8179	4.08534	4.34414	4.59366	4.83332	5.06254	5.28076	5.48747	5.68216	5.86438	6.03368	6.18966	6.33194	6.46018	6.57407	6.67334	6.75775	6.8271	6.88122	6.91998	6.94329	6.95109	



7.36782	7.35959	7.33484	7.29364	7.23608	7.16231	7.0725	6.96686	6.84566	6.70918	6.55776	6.39174	6.21154	6.01759	5.81035	5.59032	5.35803	5.11403	4.85892	4.59329	4.3178	4.0331	3.73988	3.43883	3.13068	2.81617	2.49606	2.17111	1.8421	1.50982	1.17506	0.838645	0.501366	0.164038	-0.172529	-0.507524	-0.840141	-1.16958	-1.49505	-1.81576	-2.13094	-2.43983	-2.74168	-3.03577	-3.32138	-3.59782	-3.86442	-4.12053	-4.36554	-4.59885	-4.81988	-5.02811	-5.22303	-5.40415	-5.57105	-5.72331	-5.86056	-5.98247	-6.08874	-6.17911	-6.25336	-6.3113	-6.3528	-6.37775	-6.38609	-6.37781	-6.35291	-6.31148	-6.25359	-6.1794	-6.08909	-5.98288	-5.86103	-5.72383	-5.57162	-5.40478	-5.2237	-5.02884	-4.82066	-4.59967	-4.36641	-4.12144	-3.86537	-3.5988	-3.3224	-3.03683	-2.74277	-2.44095	-2.13208	-1.81692	-1.49623	-1.17078	-0.841361	-0.508755	-0.17377	0.162789	0.500114	0.837392	1.17381	1.50857	1.84086	2.16988	2.49485	2.81498	3.12951	3.43768	3.73875	4.032	4.31673	4.59226	4.85792	5.11307	5.35711	5.58944	5.80952	6.01681	6.21081	6.39106	6.55712	6.70861	6.84514	6.9664	7.07209	7.16196	7.23579	7.29341	7.33467	7.35948	7.36777	



7.8115	7.80272	7.77637	7.73249	7.67121	7.59266	7.49703	7.38455	7.2555	7.11018	6.94895	6.77219	6.58033	6.37382	6.15316	5.91889	5.67157	5.41178	5.14016	4.85736	4.56405	4.26094	3.94876	3.62826	3.3002	2.96537	2.62458	2.27865	1.9284	1.57468	1.21834	0.860226	0.501209	0.142148	-0.216092	-0.572649	-0.926667	-1.27729	-1.62368	-1.96499	-2.30041	-2.62913	-2.95034	-3.26328	-3.56719	-3.86134	-4.145	-4.4175	-4.67818	-4.9264	-5.16155	-5.38308	-5.59043	-5.78312	-5.96066	-6.12263	-6.26862	-6.3983	-6.51133	-6.60745	-6.68642	-6.74805	-6.79219	-6.81872	-6.82759	-6.81878	-6.79229	-6.74821	-6.68664	-6.60772	-6.51165	-6.39866	-6.26904	-6.12309	-5.96117	-5.78367	-5.59104	-5.38372	-5.16224	-4.92713	-4.67895	-4.41831	-4.14585	-3.86222	-3.5681	-3.26422	-2.95131	-2.63012	-2.30143	-1.96603	-1.62474	-1.27836	-0.927753	-0.573747	-0.217198	0.141036	0.500093	0.859109	1.21722	1.57357	1.9273	2.27756	2.6235	2.96431	3.29915	3.62723	3.94776	4.25996	4.5631	4.85644	5.13927	5.41093	5.67075	5.91811	6.15242	6.37312	6.57967	6.77158	6.94839	7.10967	7.25503	7.38414	7.49666	7.59234	7.67095	7.73229	7.77622	7.80263	7.81146	



8.28391	8.27456	8.2465	8.19977	8.13451	8.05087	7.94905	7.82928	7.69187	7.53715	7.36547	7.17726	6.97297	6.7531	6.51816	6.26872	6.00539	5.7288	5.4396	5.1385	4.82622	4.50351	4.17114	3.82992	3.48066	3.1242	2.7614	2.39312	2.02027	1.64372	1.26439	0.883186	0.501027	0.118831	-0.262482	-0.641994	-1.01879	-1.39197	-1.76062	-2.12387	-2.48083	-2.83065	-3.17247	-3.50548	-3.82887	-4.14186	-4.44369	-4.73363	-5.01098	-5.27507	-5.52526	-5.76093	-5.98153	-6.18651	-6.37538	-6.54768	-6.70298	-6.84092	-6.96116	-7.0634	-7.1474	-7.21295	-7.25989	-7.28811	-7.29754	-7.28816	-7.25998	-7.21308	-7.14758	-7.06363	-6.96143	-6.84123	-6.70334	-6.54807	-6.37582	-6.18699	-5.98204	-5.76149	-5.52584	-5.27569	-5.01164	-4.73432	-4.44441	-4.14261	-3.82965	-3.50629	-3.1733	-2.8315	-2.4817	-2.12476	-1.76153	-1.39289	-1.01972	-0.642932	-0.263427	0.117881	0.500074	0.882232	1.26344	1.64277	2.01933	2.39219	2.76047	3.12329	3.47976	3.82904	4.17028	4.50267	4.82541	5.13771	5.43884	5.72806	6.00469	6.26806	6.51752	6.7525	6.97241	7.17674	7.36499	7.53671	7.69148	7.82893	7.94874	8.0506	8.13429	8.1996	8.24637	8.27448	8.28387	



8.78692	8.77696	8.74707	8.69732	8.62783	8.53876	8.43034	8.30281	8.1565	7.99175	7.80895	7.60855	7.39104	7.15692	6.90677	6.64119	6.36081	6.06631	5.7584	5.43782	5.10534	4.76175	4.40789	4.04461	3.67277	3.29328	2.90704	2.51499	2.11806	1.71721	1.3134	0.907615	0.500819	0.0939933	-0.311882	-0.715831	-1.11688	-1.51406	-1.90642	-2.29302	-2.67291	-3.04519	-3.40895	-3.76332	-4.10744	-4.44049	-4.76165	-5.07015	-5.36525	-5.64623	-5.91241	-6.16315	-6.39783	-6.6159	-6.81683	-7.00012	-7.16533	-7.31206	-7.43996	-7.54872	-7.63807	-7.70779	-7.75772	-7.78773	-7.79775	-7.78776	-7.75779	-7.7079	-7.63821	-7.5489	-7.44018	-7.31231	-7.16561	-7.00043	-6.81718	-6.61628	-6.39825	-6.16359	-5.91288	-5.64673	-5.36577	-5.0707	-4.76223	-4.44109	-4.10806	-3.76396	-3.40961	-3.04587	-2.6736	-2.29373	-1.90715	-1.5148	-1.11762	-0.716582	-0.312639	0.0932324	0.500056	0.906852	1.31264	1.71645	2.1173	2.51424	2.9063	3.29255	3.67206	4.04391	4.40721	4.76108	5.10469	5.43719	5.75779	6.06572	6.36025	6.64065	6.90626	7.15644	7.39059	7.60814	7.80857	7.99139	8.15618	8.30253	8.43009	8.53855	8.62765	8.69718	8.74697	8.77689	8.78689	



9.32251	9.3119	9.28006	9.22708	9.15308	9.05824	8.94279	8.807	8.65121	8.47578	8.28114	8.06776	7.83616	7.58688	7.32053	7.03775	6.73922	6.42566	6.09782	5.75649	5.4025	5.03669	4.65994	4.27317	3.8773	3.47328	3.06209	2.64471	2.22215	1.79543	1.36557	0.933606	0.50058	0.0675345	-0.364489	-0.794451	-1.22132	-1.64405	-2.06165	-2.47309	-2.87739	-3.27358	-3.66069	-4.03779	-4.40398	-4.75838	-5.10011	-5.42837	-5.74236	-6.04131	-6.32451	-6.59128	-6.84096	-7.07296	-7.28671	-7.4817	-7.65745	-7.81355	-7.9496	-8.06529	-8.16033	-8.23449	-8.28759	-8.31951	-8.33017	-8.31954	-8.28765	-8.23457	-8.16043	-8.06541	-7.94975	-7.81372	-7.65765	-7.48192	-7.28696	-7.07323	-6.84126	-6.59159	-6.32485	-6.04167	-5.74273	-5.42876	-5.10052	-4.7588	-4.40443	-4.03825	-3.66116	-3.27406	-2.87789	-2.47359	-2.06216	-1.64457	-1.22184	-0.794985	-0.365027	0.0669937	0.500038	0.933063	1.36503	1.79489	2.22161	2.64418	3.06156	3.47276	3.87679	4.27267	4.65946	5.03621	5.40203	5.75604	6.09738	6.42524	6.73882	7.03737	7.32017	7.58654	7.83584	8.06747	8.28087	8.47553	8.65098	8.8068	8.94261	9.05809	9.15296	9.22698	9.27999	9.31185	9.32249	



9.89278	9.88148	9.84758	9.79116	9.71236	9.61137	9.48843	9.34384	9.17795	8.99115	8.7839	8.5567	8.31009	8.04466	7.76106	7.45997	7.14211	6.80825	6.45919	6.09577	5.71887	5.3294	4.92828	4.5165	4.09503	3.6649	3.22714	2.7828	2.33295	1.87869	1.42109	0.961258	0.500309	0.0393489	-0.420512	-0.878166	-1.33251	-1.78245	-2.22691	-2.6648	-3.09508	-3.51671	-3.92868	-4.32998	-4.71966	-5.09677	-5.46041	-5.80969	-6.14378	-6.46186	-6.76318	-7.047	-7.31264	-7.55946	-7.78686	-7.9943	-8.18126	-8.34732	-8.49205	-8.61511	-8.71621	-8.79509	-8.85158	-8.88553	-8.89686	-8.88554	-8.8516	-8.79513	-8.71626	-8.61518	-8.49213	-8.34741	-8.18137	-7.99442	-7.78699	-7.5596	-7.3128	-7.04717	-6.76336	-6.46205	-6.14397	-5.8099	-5.46062	-5.097	-4.7199	-4.33023	-3.92893	-3.51697	-3.09535	-2.66507	-2.22718	-1.78273	-1.33279	-0.87845	-0.420798	0.0390608	0.50002	0.960968	1.4208	1.8784	2.33267	2.78252	3.22686	3.66463	4.09476	4.51623	4.92802	5.32914	5.71862	6.09553	6.45896	6.80802	7.1419	7.45976	7.76087	8.04448	8.30992	8.55654	8.78376	8.99102	9.17783	9.34373	9.48833	9.61129	9.71229	9.7911	9.84754	9.88145	9.89277	



10.5	10.488	10.4518	10.3918	10.3079	10.2003	10.0694	9.91544	9.7388	9.53989	9.31921	9.07729	8.8147	8.53208	8.2301	7.90951	7.57107	7.21559	6.84393	6.45699	6.0557	5.64103	5.21397	4.77555	4.32683	3.8689	3.40285	2.9298	2.4509	1.9673	1.48017	0.990677	0.5	0.00932326	-0.480171	-0.967305	-1.4509	-1.9298	-2.40285	-2.8689	-3.32683	-3.77555	-4.21397	-4.64103	-5.0557	-5.45699	-5.84393	-6.21559	-6.57107	-6.90951	-7.2301	-7.53208	-7.8147	-8.07729	-8.31921	-8.53989	-8.7388	-8.91544	-9.0694	-9.20031	-9.30785	-9.39177	-9.45185	-9.48795	-9.5	-9.48795	-9.45185	-9.39177	-9.30785	-9.20031	-9.0694	-8.91544	-8.7388	-8.53989	-8.31921	-8.07729	-7.8147	-7.53208	-7.2301	-6.90951	-6.57107	-6.21559	-5.84393	-5.45699	-5.0557	-4.64103	-4.21397	-3.77555	-3.32683	-2.8689	-2.40285	-1.9298	-1.4509	-0.967305	-0.480171	0.00932326	0.5	0.990677	1.48017	1.9673	2.4509	2.9298	3.40285	3.8689	4.32683	4.77555	5.21397	5.64103	6.0557	6.45699	6.84393	7.21559	7.57107	7.90951	8.2301	8.53208	8.8147	9.07729	9.31921	9.53989	9.7388	9.91544	10.0694	10.2003	10.3079	10.3918	10.4518	10.488	10.5	



