1.06888
1.20726
1.34563
1.48401
1.62238
1.76076
1.89913
2.0375
2.17587
2.31425
2.45262
2.591
2.72937
2.86774
3.00611
3.14449
3.28286
3.42124
3.55961
3.69798
3.83635
3.97473
4.1131
4.25148
4.38985
4.52822
4.6666
4.80497
4.94334
5.08172
5.22009
5.35847
5.49684
5.63521
5.77358
5.91196
6.05034
6.18871
6.32708
6.46545
6.60382
6.7422
6.88057
7.01895
7.15732
7.29569
7.43407
7.57244
7.71082
7.84919
7.98756
8.12593
8.26431
8.40268
8.54105
8.67943
8.81781
8.95618
9.09455
9.23292
9.37129
9.50967
9.64805
9.78642
1.06751
1.20553
1.34355
1.48157
1.61959
1.75762
1.89564
2.03366
2.17168
2.3097
2.44772
2.58574
2.72377
2.86178
2.99981
3.13783
3.27585
3.41387
3.5519
3.68992
3.82794
3.96596
4.10398
4.242
4.38003
4.51804
4.65607
4.79409
4.93211
5.07013
5.20816
5.34618
5.4842
5.62222
5.76024
5.89826
6.03629
6.17431
6.31233
6.45035
6.58837
6.72639
6.86442
7.00243
7.14046
7.27848
7.4165
7.55453
7.69255
7.83056
7.96859
8.10661
8.24463
8.38265
8.52067
8.6587
8.79672
8.93474
9.07276
9.21078
9.3488
9.48682
9.62485
9.76287
1.06475
1.20207
1.33939
1.47671
1.61402
1.75135
1.88866
2.02598
2.1633
2.30062
2.43793
2.57526
2.71257
2.84989
2.98721
3.12453
3.26185
3.39917
3.53649
3.6738
3.81113
3.94844
4.08576
4.22308
4.3604
4.49772
4.63504
4.77236
4.90968
5.04699
5.18431
5.32163
5.45895
5.59627
5.73359
5.8709
6.00822
6.14554
6.28286
6.42018
6.55749
6.69481
6.83213
6.96945
7.10677
7.24409
7.38141
7.51873
7.65605
7.79337
7.93069
8.06801
8.20532
8.34264
8.47996
8.61728
8.7546
8.89192
9.02924
9.16655
9.30387
9.44119
9.57851
9.71583
1.06063
1.19689
1.33316
1.46942
1.60569
1.74196
1.87822
2.01449
2.15076
2.28702
2.42329
2.55955
2.69582
2.83209
2.96835
3.10462
3.24089
3.37715
3.51342
3.64969
3.78595
3.92222
4.05849
4.19475
4.33102
4.46729
4.60355
4.73982
4.87608
5.01235
5.14862
5.28489
5.42115
5.55742
5.69368
5.82995
5.96622
6.10248
6.23875
6.37501
6.51128
6.64755
6.78381
6.92008
7.05635
7.19261
7.32888
7.46514
7.60141
7.73768
7.87394
8.01021
8.14648
8.28275
8.41901
8.55528
8.69155
8.82781
8.96408
9.10034
9.23661
9.37288
9.50914
9.64541
1.05514
1.19001
1.32487
1.45974
1.59461
1.72947
1.86434
1.99921
2.13408
2.26894
2.40381
2.53868
2.67355
2.80841
2.94328
3.07815
3.21302
3.34788
3.48275
3.61762
3.75249
3.88735
4.02222
4.15709
4.29195
4.42682
4.56169
4.69656
4.83142
4.96629
5.10116
5.23602
5.37089
5.50576
5.64063
5.7755
5.91036
6.04523
6.1801
6.31497
6.44983
6.5847
6.71957
6.85444
6.9893
7.12417
7.25903
7.3939
7.52877
7.66364
7.7985
7.93337
8.06824
8.20311
8.33798
8.47284
8.60771
8.74258
8.87744
9.01231
9.14718
9.28205
9.41691
9.55178
1.04831
1.18143
1.31455
1.44768
1.5808
1.71393
1.84705
1.98018
2.11331
2.24643
2.37955
2.51268
2.64581
2.77893
2.91205
3.04518
3.1783
3.31143
3.44455
3.57768
3.7108
3.84393
3.97705
4.11018
4.2433
4.37643
4.50955
4.64268
4.7758
4.90893
5.04205
5.17517
5.3083
5.44143
5.57455
5.70768
5.8408
5.97392
6.10705
6.24018
6.3733
6.50643
6.63955
6.77267
6.9058
7.03892
7.17205
7.30517
7.4383
7.57142
7.70455
7.83767
7.9708
8.10392
8.23705
8.37017
8.5033
8.63642
8.76954
8.90267
9.0358
9.16892
9.30205
9.43517
1.04014
1.17119
1.30223
1.43327
1.56431
1.69536
1.8264
1.95745
2.08849
2.21953
2.35057
2.48162
2.61266
2.7437
2.87474
3.00579
3.13683
3.26788
3.39892
3.52996
3.661
3.79205
3.92309
4.05413
4.18518
4.31622
4.44726
4.57831
4.70935
4.84039
4.97143
5.10248
5.23352
5.36457
5.49561
5.62665
5.75769
5.88874
6.01978
6.15082
6.28187
6.41291
6.54395
6.67499
6.80604
6.93708
7.06813
7.19917
7.33021
7.46125
7.5923
7.72334
7.85439
7.98543
8.11647
8.24751
8.37856
8.5096
8.64064
8.77168
8.90273
9.03377
9.16482
9.29586
1.03067
1.1593
1.28793
1.41655
1.54518
1.67381
1.80243
1.93106
2.05969
2.18831
2.31694
2.44557
2.57419
2.70282
2.83145
2.96007
3.08871
3.21733
3.34596
3.47458
3.60321
3.73184
3.86047
3.98909
4.11772
4.24635
4.37497
4.5036
4.63223
4.76085
4.88948
5.01811
5.14674
5.27536
5.40399
5.53262
5.66125
5.78988
5.9185
6.04712
6.17576
6.30438
6.43301
6.56164
6.69026
6.81889
6.94752
7.07615
7.20477
7.3334
7.46203
7.59065
7.71928
7.84791
7.97653
8.10516
8.23379
8.36242
8.49104
8.61967
8.7483
8.87692
9.00555
9.13418
1.01991
1.14579
1.27167
1.39755
1.52344
1.64932
1.7752
1.90109
2.02697
2.15286
2.27874
2.40462
2.5305
2.65638
2.78226
2.90815
3.03403
3.15992
3.2858
3.41168
3.53756
3.66345
3.78933
3.91521
4.0411
4.16698
4.29286
4.41874
4.54462
4.67051
4.79639
4.92227
5.04816
5.17404
5.29992
5.42581
5.55169
5.67757
5.80345
5.92933
6.05522
6.1811
6.30698
6.43287
6.55875
6.68463
6.81051
6.9364
7.06228
7.18816
7.31405
7.43993
7.56581
7.69169
7.81757
7.94346
8.06934
8.19523
8.32111
8.44699
8.57288
8.69876
8.82464
8.95052
1.00788
1.1307
1.25352
1.37633
1.49915
1.62197
1.74478
1.8676
1.99042
2.11324
2.23605
2.35887
2.48168
2.6045
2.72732
2.85013
2.97295
3.09577
3.21858
3.3414
3.46422
3.58704
3.70985
3.83267
3.95548
4.0783
4.20112
4.32393
4.44675
4.56956
4.69238
4.8152
4.93802
5.06083
5.18365
5.30647
5.42928
5.5521
5.67491
5.79773
5.92055
6.04336
6.16618
6.289
6.41182
6.53463
6.65745
6.78026
6.90308
7.0259
7.14872
7.27153
7.39434
7.51716
7.63998
7.7628
7.88561
8.00843
8.13125
8.25407
8.37688
8.4997
8.62251
8.74533
0.994629
1.11406
1.2335
1.35294
1.47238
1.59181
1.71125
1.83068
1.95012
2.06956
2.18899
2.30843
2.42786
2.5473
2.66674
2.78617
2.9056
3.02504
3.14448
3.26392
3.38335
3.50278
3.62222
3.74166
3.86109
3.98053
4.09996
4.2194
4.33884
4.45827
4.57771
4.69714
4.81658
4.93602
5.05546
5.17489
5.29432
5.41376
5.5332
5.65264
5.77207
5.8915
6.01094
6.13038
6.24981
6.36925
6.48868
6.60812
6.72756
6.847
6.96643
7.08587
7.2053
7.32474
7.44418
7.56361
7.68305
7.80248
7.92192
8.04136
8.16079
8.28023
8.39966
8.5191
0.980172
1.09592
1.21167
1.32743
1.44317
1.55892
1.67467
1.79042
1.90617
2.02192
2.13767
2.25341
2.36916
2.48492
2.60067
2.71641
2.83216
2.94791
3.06366
3.17941
3.29516
3.41091
3.52666
3.6424
3.75815
3.8739
3.98965
4.1054
4.22115
4.3369
4.45265
4.5684
4.68415
4.7999
4.91565
5.03139
5.14714
5.26289
5.37864
5.49439
5.61014
5.72589
5.84163
5.95738
6.07314
6.18888
6.30463
6.42038
6.53614
6.65189
6.76764
6.88338
6.99913
7.11488
7.23063
7.34638
7.46213
7.57788
7.69363
7.80938
7.92512
8.04087
8.15662
8.27237
0.96455
1.07631
1.18808
1.29985
1.41161
1.52338
1.63514
1.74691
1.85867
1.97044
2.0822
2.19397
2.30573
2.4175
2.52926
2.64103
2.75279
2.86456
2.97632
3.08809
3.19985
3.31162
3.42338
3.53514
3.64691
3.75867
3.87044
3.9822
4.09397
4.20573
4.3175
4.42926
4.54103
4.65279
4.76456
4.87632
4.98809
5.09985
5.21162
5.32338
5.43515
5.54691
5.65868
5.77044
5.88221
5.99397
6.10574
6.2175
6.32927
6.44103
6.5528
6.66456
6.77633
6.88809
6.99986
7.11162
7.22339
7.33515
7.44692
7.55868
7.67045
7.78221
7.89398
8.00574
0.9478
1.05529
1.16279
1.27028
1.37777
1.48526
1.59276
1.70025
1.80774
1.91524
2.02273
2.13022
2.23772
2.34521
2.4527
2.5602
2.66769
2.77518
2.88267
2.99017
3.09766
3.20516
3.31265
3.42013
3.52763
3.63512
3.74261
3.85011
3.9576
4.0651
4.17259
4.28008
4.38757
4.49507
4.60256
4.71005
4.81755
4.92504
5.03253
5.14003
5.24752
5.35501
5.4625
5.57
5.67749
5.78498
5.89248
5.99997
6.10746
6.21495
6.32245
6.42994
6.53743
6.64492
6.75242
6.85991
6.9674
7.0749
7.18239
7.28988
7.39737
7.50487
7.61236
7.71985
0.929962
1.03291
1.13585
1.23879
1.34174
1.44468
1.54762
1.65056
1.75351
1.85645
1.9594
2.06234
2.16528
2.26823
2.37117
2.47411
2.57706
2.68
2.78294
2.88589
2.98883
3.09178
3.19472
3.29766
3.4006
3.50355
3.60649
3.70943
3.81238
3.91532
4.01826
4.12121
4.22415
4.3271
4.43004
4.53298
4.63592
4.73887
4.84181
4.94475
5.0477
5.15064
5.25358
5.35653
5.45947
5.56241
5.66536
5.7683
5.87124
5.97419
6.07713
6.18008
6.28302
6.38596
6.48891
6.59185
6.69479
6.79773
6.90068
7.00362
7.10656
7.20951
7.31245
7.4154
0.911078
1.00921
1.10733
1.20546
1.30359
1.40171
1.49984
1.59797
1.6961
1.79422
1.89235
1.99048
2.08861
2.18673
2.28486
2.38299
2.48112
2.57924
2.67737
2.7755
2.87363
2.97175
3.06988
3.16801
3.26613
3.36426
3.46239
3.56052
3.65864
3.75677
3.8549
3.95303
4.05116
4.14928
4.24741
4.34554
4.44366
4.54179
4.63992
4.73804
4.83617
4.9343
5.03243
5.13055
5.22868
5.32681
5.42493
5.52306
5.62119
5.71932
5.81745
5.91558
6.0137
6.11183
6.20996
6.30808
6.40621
6.50434
6.60247
6.70059
6.79872
6.89685
6.99497
7.0931
0.891194
0.984251
1.07731
1.17037
1.26342
1.35647
1.44953
1.54259
1.63565
1.7287
1.82176
1.91482
2.00787
2.10093
2.19398
2.28704
2.3801
2.47316
2.56621
2.65926
2.75232
2.84538
2.93844
3.03149
3.12455
3.21761
3.31066
3.40372
3.49677
3.58983
3.68289
3.77595
3.869
3.96206
4.05511
4.14817
4.24123
4.33428
4.42734
4.5204
4.61345
4.70651
4.79956
4.89262
4.98568
5.07873
5.17179
5.26485
5.35791
5.45096
5.54401
5.63707
5.73013
5.82319
5.91624
6.0093
6.10236
6.19541
6.28847
6.38152
6.47458
6.56764
6.66069
6.75375
0.870359
0.958103
1.04585
1.13359
1.22133
1.30907
1.39682
1.48456
1.5723
1.66004
1.74779
1.83553
1.92327
2.01101
2.09876
2.1865
2.27424
2.36199
2.44973
2.53747
2.62521
2.71296
2.8007
2.88844
2.97619
3.06393
3.15167
3.23941
3.32715
3.4149
3.50264
3.59039
3.67813
3.76587
3.85361
3.94135
4.0291
4.11684
4.20458
4.29233
4.38007
4.46781
4.55555
4.6433
4.73104
4.81878
4.90653
4.99427
5.08201
5.16975
5.2575
5.34524
5.43298
5.52073
5.60847
5.69621
5.78396
5.8717
5.95944
6.04718
6.13492
6.22267
6.31041
6.39816
0.848623
0.930822
1.01302
1.09522
1.17742
1.25962
1.34182
1.42401
1.50622
1.58841
1.67061
1.75282
1.83501
1.91721
1.99941
2.08161
2.16381
2.24601
2.32821
2.41041
2.4926
2.5748
2.657
2.7392
2.8214
2.9036
2.9858
3.068
3.1502
3.2324
3.3146
3.3968
3.47899
3.5612
3.64339
3.72559
3.80779
3.88999
3.97219
4.05439
4.13659
4.21879
4.30099
4.38319
4.46539
4.54758
4.62978
4.71198
4.79418
4.87638
4.95858
5.04078
5.12298
5.20518
5.28737
5.36958
5.45178
5.53398
5.61618
5.69837
5.78057
5.86277
5.94497
6.02717
0.826037
0.902476
0.978914
1.05535
1.1318
1.20823
1.28467
1.36111
1.43755
1.51399
1.59043
1.66687
1.7433
1.81974
1.89618
1.97262
2.04906
2.1255
2.20194
2.27838
2.35482
2.43125
2.50769
2.58413
2.66057
2.73701
2.81345
2.88989
2.96633
3.04277
3.11921
3.19565
3.27209
3.34852
3.42496
3.5014
3.57784
3.65428
3.73072
3.80716
3.8836
3.96004
4.03648
4.11292
4.18936
4.26579
4.34223
4.41867
4.49511
4.57155
4.64799
4.72443
4.80087
4.87731
4.95374
5.03018
5.10662
5.18306
5.2595
5.33594
5.41238
5.48882
5.56526
5.6417
0.802656
0.873132
0.943609
1.01408
1.08456
1.15504
1.22551
1.29599
1.36647
1.43694
1.50742
1.5779
1.64837
1.71885
1.78932
1.8598
1.93028
2.00075
2.07123
2.14171
2.21218
2.28266
2.35313
2.42361
2.49409
2.56456
2.63503
2.70551
2.77599
2.84647
2.91694
2.98742
3.0579
3.12837
3.19885
3.26932
3.3398
3.41028
3.48075
3.55123
3.6217
3.69218
3.76266
3.83314
3.90361
3.97409
4.04456
4.11504
4.18551
4.25599
4.32647
4.39694
4.46742
4.53789
4.60837
4.67885
4.74932
4.8198
4.89028
4.96075
5.03123
5.10171
5.17218
5.24266
0.778537
0.842862
0.907187
0.971511
1.03584
1.10016
1.16449
1.22881
1.29314
1.35746
1.42179
1.48612
1.55044
1.61476
1.67909
1.74341
1.80774
1.87207
1.93639
2.00071
2.06504
2.12936
2.19369
2.25802
2.32234
2.38666
2.45099
2.51531
2.57964
2.64397
2.70829
2.77261
2.83694
2.90126
2.96559
3.02992
3.09424
3.15857
3.22289
3.28721
3.35154
3.41587
3.48019
3.54452
3.60884
3.67317
3.73749
3.80182
3.86614
3.93047
3.99479
4.05912
4.12344
4.18776
4.25209
4.31642
4.38074
4.44507
4.50939
4.57372
4.63804
4.70237
4.76669
4.83102
0.753738
0.811739
0.869739
0.927739
0.98574
1.04374
1.10174
1.15974
1.21774
1.27574
1.33374
1.39175
1.44974
1.50774
1.56574
1.62374
1.68175
1.73975
1.79775
1.85574
1.91375
1.97175
2.02975
2.08775
2.14575
2.20375
2.26175
2.31975
2.37775
2.43575
2.49375
2.55175
2.60975
2.66775
2.72575
2.78376
2.84176
2.89976
2.95776
3.01575
3.07375
3.13176
3.18976
3.24776
3.30576
3.36376
3.42176
3.47976
3.53776
3.59576
3.65376
3.71176
3.76976
3.82776
3.88576
3.94376
4.00176
4.05976
4.11776
4.17576
4.23377
4.29176
4.34977
4.40777
0.728318
0.779836
0.831354
0.882871
0.934389
0.985907
1.03742
1.08894
1.14046
1.19198
1.24349
1.29501
1.34653
1.39805
1.44956
1.50108
1.5526
1.60412
1.65563
1.70715
1.75867
1.81019
1.8617
1.91322
1.96474
2.01625
2.06777
2.11929
2.17081
2.22233
2.27385
2.32536
2.37688
2.4284
2.47991
2.53144
2.58295
2.63447
2.68599
2.7375
2.78902
2.84054
2.89206
2.94357
2.99509
3.04661
3.09813
3.14964
3.20116
3.25268
3.3042
3.35571
3.40723
3.45875
3.51027
3.56179
3.6133
3.66482
3.71633
3.76786
3.81937
3.87089
3.92241
3.97393
0.702339
0.747231
0.792124
0.837015
0.881907
0.926799
0.971691
1.01658
1.06148
1.10637
1.15126
1.19615
1.24104
1.28593
1.33083
1.37572
1.42061
1.46551
1.5104
1.55529
1.60018
1.64507
1.68997
1.73486
1.77975
1.82464
1.86953
1.91443
1.95932
2.00421
2.0491
2.09399
2.13888
2.18378
2.22867
2.27356
2.31846
2.36335
2.40823
2.45313
2.49802
2.54291
2.58781
2.6327
2.67759
2.72248
2.76737
2.81226
2.85716
2.90205
2.94694
2.99183
3.03672
3.08162
3.12651
3.1714
3.21629
3.26118
3.30608
3.35097
3.39586
3.44076
3.48565
3.53054
0.675863
0.714003
0.752143
0.790283
0.828423
0.866563
0.904702
0.942842
0.980983
1.01912
1.05726
1.0954
1.13354
1.17168
1.20982
1.24796
1.2861
1.32424
1.36238
1.40052
1.43866
1.4768
1.51494
1.55308
1.59122
1.62936
1.6675
1.70564
1.74378
1.78192
1.82006
1.8582
1.89634
1.93448
1.97262
2.01076
2.0489
2.08704
2.12518
2.16332
2.20146
2.2396
2.27774
2.31588
2.35402
2.39216
2.43029
2.46844
2.50658
2.54471
2.58285
2.62099
2.65913
2.69727
2.73542
2.77355
2.81169
2.84983
2.88797
2.92611
2.96426
3.00239
3.04053
3.07867
0.648955
0.680232
0.711509
0.742786
0.774064
0.805341
0.836618
0.867895
0.899172
0.93045
0.961728
0.993005
1.02428
1.05556
1.08683
1.11811
1.14939
1.18067
1.21195
1.24322
1.2745
1.30578
1.33706
1.36833
1.39961
1.43089
1.46216
1.49344
1.52472
1.55599
1.58727
1.61855
1.64982
1.6811
1.71238
1.74365
1.77493
1.80621
1.83749
1.86876
1.90004
1.93132
1.9626
1.99387
2.02515
2.05643
2.08771
2.11899
2.15026
2.18154
2.21282
2.24409
2.27537
2.30665
2.33793
2.3692
2.40048
2.43176
2.46303
2.49431
2.52559
2.55686
2.58814
2.61942
0.621678
0.645998
0.670319
0.69464
0.71896
0.743281
0.767602
0.791923
0.816244
0.840564
0.864885
0.889206
0.913527
0.937846
0.962168
0.986491
1.01081
1.03513
1.05945
1.08377
1.10809
1.13241
1.15674
1.18106
1.20538
1.2297
1.25402
1.27834
1.30266
1.32698
1.3513
1.37562
1.39994
1.42426
1.44858
1.4729
1.49722
1.52154
1.54586
1.57019
1.59451
1.61883
1.64314
1.66747
1.69179
1.71611
1.74043
1.76475
1.78907
1.81339
1.83771
1.86204
1.88636
1.91067
1.93499
1.95931
1.98364
2.00796
2.03228
2.0566
2.08092
2.10524
2.12956
2.15388
0.594099
0.611386
0.628673
0.64596
0.663247
0.680534
0.697822
0.715109
0.732396
0.749683
0.76697
0.784257
0.801544
0.818831
0.836118
0.853405
0.870692
0.887979
0.905266
0.922554
0.939842
0.957128
0.974415
0.991701
1.00899
1.02627
1.04356
1.06085
1.07814
1.09543
1.11271
1.13
1.14729
1.16457
1.18186
1.19915
1.21643
1.23372
1.25101
1.2683
1.28558
1.30287
1.32016
1.33744
1.35473
1.37201
1.3893
1.40659
1.42388
1.44117
1.45845
1.47574
1.49303
1.51031
1.5276
1.54489
1.56218
1.57946
1.59675
1.61404
1.63132
1.64861
1.6659
1.68318
0.566283
0.576477
0.58667
0.596863
0.607057
0.61725
0.627443
0.637637
0.64783
0.658023
0.668216
0.67841
0.688603
0.698796
0.70899
0.719183
0.729376
0.739569
0.749763
0.759956
0.770149
0.780342
0.790535
0.800729
0.810923
0.821116
0.831309
0.841502
0.851695
0.861888
0.872082
0.882274
0.892468
0.902662
0.912854
0.923048
0.933242
0.943434
0.953629
0.963823
0.974015
0.984209
0.994403
1.00459
1.01479
1.02498
1.03517
1.04537
1.05556
1.06575
1.07595
1.08614
1.09634
1.10653
1.11672
1.12692
1.13711
1.1473
1.15749
1.16769
1.17788
1.18807
1.19827
1.20846
0.538299
0.541355
0.544412
0.547468
0.550525
0.553581
0.556638
0.559694
0.56275
0.565807
0.568863
0.57192
0.574976
0.578032
0.581089
0.584145
0.587201
0.590258
0.593314
0.596371
0.599427
0.602483
0.60554
0.608596
0.611653
0.614709
0.617765
0.620822
0.623878
0.626934
0.629991
0.633047
0.636104
0.63916
0.642217
0.645273
0.648329
0.651386
0.654442
0.657499
0.660555
0.663612
0.666668
0.669724
0.67278
0.675837
0.678893
0.68195
0.685006
0.688062
0.691119
0.694175
0.697232
0.700288
0.703345
0.706401
0.709457
0.712514
0.71557
0.718626
0.721683
0.724739
0.727796
0.730852
0.510214
0.506107
0.502001
0.497895
0.493788
0.489681
0.485575
0.481469
0.477362
0.473256
0.46915
0.465043
0.460937
0.456831
0.452724
0.448618
0.444511
0.440405
0.436299
0.432192
0.428086
0.423979
0.419873
0.415766
0.41166
0.407554
0.403447
0.399341
0.395235
0.391128
0.387022
0.382916
0.378809
0.374703
0.370596
0.36649
0.362383
0.358277
0.354171
0.350064
0.345958
0.341852
0.337745
0.333639
0.329532
0.325426
0.321319
0.317213
0.313107
0.309
0.304894
0.300788
0.296681
0.292575
0.288468
0.284362
0.280256
0.276149
0.272043
0.267937
0.26383
0.259724
0.255618
0.251511
0.482094
0.470817
0.459539
0.448261
0.436983
0.425705
0.414427
0.403149
0.391871
0.380594
0.369316
0.358038
0.34676
0.335483
0.324205
0.312927
0.301649
0.290371
0.279093
0.267816
0.256538
0.24526
0.233983
0.222704
0.211426
0.200149
0.188871
0.177593
0.166315
0.155038
0.14376
0.132482
0.121204
0.109926
0.0986482
0.0873705
0.0760927
0.0648149
0.0535373
0.0422595
0.0309817
0.019704
0.008426
-0.002852
-0.01413
-0.0254078
-0.0366855
-0.0479633
-0.059241
-0.0705187
-0.0817965
-0.0930743
-0.104352
-0.11563
-0.126908
-0.138186
-0.149463
-0.160741
-0.172019
-0.183297
-0.194575
-0.205852
-0.21713
-0.228408
0.454009
0.435568
0.417127
0.398687
0.380246
0.361805
0.343365
0.324924
0.306483
0.288043
0.269602
0.251162
0.232721
0.214281
0.19584
0.177399
0.158959
0.140518
0.122078
0.103637
0.0851965
0.066756
0.0483154
0.0298745
0.0114339
-0.00700652
-0.0254472
-0.0438877
-0.0623282
-0.0807689
-0.0992095
-0.11765
-0.136091
-0.154532
-0.172972
-0.191413
-0.209853
-0.228294
-0.246734
-0.265175
-0.283615
-0.302056
-0.320497
-0.338938
-0.357378
-0.375819
-0.394259
-0.4127
-0.43114
-0.449581
-0.468021
-0.486462
-0.504903
-0.523343
-0.541784
-0.560224
-0.578665
-0.597106
-0.615546
-0.633987
-0.652428
-0.670868
-0.689309
-0.70775
0.426024
0.400447
0.374869
0.349292
0.323714
0.298137
0.272559
0.246982
0.221404
0.195827
0.170249
0.144672
0.119094
0.093517
0.0679394
0.0423619
0.0167844
-0.0087931
-0.0343705
-0.0599479
-0.0855255
-0.111103
-0.13668
-0.162258
-0.187836
-0.213413
-0.23899
-0.264568
-0.290145
-0.315723
-0.3413
-0.366878
-0.392455
-0.418033
-0.44361
-0.469188
-0.494765
-0.520343
-0.54592
-0.571498
-0.597075
-0.622653
-0.648231
-0.673808
-0.699385
-0.724963
-0.75054
-0.776118
-0.801695
-0.827272
-0.852851
-0.87843
-0.904006
-0.929582
-0.955161
-0.980737
-1.00631
-1.03189
-1.05747
-1.08305
-1.10862
-1.1342
-1.15978
-1.18536
0.398209
0.365538
0.332867
0.300195
0.267524
0.234853
0.202181
0.16951
0.136839
0.104168
0.0714962
0.0388248
0.00615355
-0.0265177
-0.0591889
-0.0918603
-0.124532
-0.157203
-0.189874
-0.222546
-0.255217
-0.287888
-0.320559
-0.353231
-0.385902
-0.418573
-0.451245
-0.483916
-0.516587
-0.549259
-0.58193
-0.614601
-0.647272
-0.679944
-0.712615
-0.745286
-0.777957
-0.810629
-0.8433
-0.875972
-0.908643
-0.941314
-0.973985
-1.00666
-1.03933
-1.072
-1.10467
-1.13734
-1.17001
-1.20268
-1.23536
-1.26803
-1.3007
-1.33337
-1.36604
-1.39871
-1.43138
-1.46406
-1.49673
-1.5294
-1.56207
-1.59474
-1.62741
-1.66008
0.37063
0.330925
0.29122
0.251515
0.21181
0.172105
0.1324
0.0926956
0.0529906
0.0132856
-0.0264193
-0.0661243
-0.105829
-0.145534
-0.185239
-0.224944
-0.264649
-0.304354
-0.344059
-0.383764
-0.423469
-0.463174
-0.502879
-0.542583
-0.582288
-0.621993
-0.661698
-0.701403
-0.741108
-0.780813
-0.820518
-0.860224
-0.899929
-0.939634
-0.979339
-1.01904
-1.05875
-1.09845
-1.13816
-1.17786
-1.21757
-1.25727
-1.29698
-1.33668
-1.37639
-1.41609
-1.45579
-1.4955
-1.53521
-1.57491
-1.61462
-1.65432
-1.69403
-1.73373
-1.77344
-1.81314
-1.85285
-1.89255
-1.93225
-1.97196
-2.01166
-2.05137
-2.09107
-2.13078
0.343353
0.296691
0.25003
0.203369
0.156707
0.110046
0.0633843
0.016723
-0.0299384
-0.0765998
-0.123261
-0.169923
-0.216584
-0.263245
-0.309907
-0.356569
-0.40323
-0.449891
-0.496553
-0.543214
-0.589876
-0.636537
-0.683198
-0.72986
-0.776522
-0.823183
-0.869844
-0.916504
-0.963165
-1.00983
-1.05649
-1.10315
-1.14981
-1.19647
-1.24313
-1.28979
-1.33646
-1.38312
-1.42978
-1.47644
-1.5231
-1.56977
-1.61643
-1.66309
-1.70975
-1.75641
-1.80307
-1.84973
-1.8964
-1.94306
-1.98972
-2.03638
-2.08304
-2.1297
-2.17637
-2.22303
-2.26969
-2.31635
-2.36301
-2.40967
-2.45633
-2.50299
-2.54966
-2.59632
0.316444
0.26292
0.209396
0.155872
0.102348
0.048824
-0.00470007
-0.0582242
-0.111748
-0.165272
-0.218796
-0.272321
-0.325845
-0.379368
-0.432892
-0.486416
-0.53994
-0.593465
-0.646989
-0.700513
-0.754037
-0.807561
-0.861085
-0.914609
-0.968133
-1.02166
-1.07518
-1.1287
-1.18223
-1.23575
-1.28928
-1.3428
-1.39633
-1.44985
-1.50337
-1.5569
-1.61042
-1.66395
-1.71747
-1.771
-1.82452
-1.87804
-1.93157
-1.98509
-2.03862
-2.09214
-2.14566
-2.19919
-2.25271
-2.30624
-2.35976
-2.41329
-2.46681
-2.52033
-2.57386
-2.62738
-2.6809
-2.73443
-2.78795
-2.84147
-2.895
-2.94852
-3.00205
-3.05557
0.289968
0.229692
0.169416
0.10914
0.0488634
-0.0114129
-0.0716892
-0.131966
-0.192242
-0.252518
-0.312794
-0.373071
-0.433347
-0.493623
-0.553899
-0.614175
-0.674452
-0.734728
-0.795005
-0.855281
-0.915557
-0.975833
-1.03611
-1.09639
-1.15666
-1.21694
-1.27722
-1.33749
-1.39777
-1.45804
-1.51832
-1.5786
-1.63887
-1.69915
-1.75943
-1.8197
-1.87998
-1.94026
-2.00053
-2.06081
-2.12108
-2.18136
-2.24164
-2.30191
-2.36219
-2.42246
-2.48274
-2.54302
-2.60329
-2.66357
-2.72385
-2.78412
-2.8444
-2.90468
-2.96495
-3.02522
-3.0855
-3.14578
-3.20605
-3.26633
-3.32661
-3.38688
-3.44716
-3.50743
0.263989
0.197088
0.130186
0.063284
-0.00361781
-0.0705196
-0.137422
-0.204324
-0.271225
-0.338127
-0.405028
-0.471931
-0.538832
-0.605734
-0.672636
-0.739538
-0.80644
-0.873342
-0.940242
-1.00715
-1.07405
-1.14095
-1.20785
-1.27475
-1.34165
-1.40856
-1.47546
-1.54236
-1.60926
-1.67616
-1.74307
-1.80997
-1.87687
-1.94377
-2.01067
-2.07757
-2.14448
-2.21138
-2.27828
-2.34518
-2.41208
-2.47899
-2.54589
-2.61279
-2.67969
-2.74659
-2.8135
-2.88039
-2.9473
-3.0142
-3.0811
-3.148
-3.2149
-3.28181
-3.34871
-3.41561
-3.48251
-3.54942
-3.61632
-3.68322
-3.75012
-3.81702
-3.88392
-3.95082
0.23857
0.165185
0.0918005
0.0184155
-0.0549692
-0.128354
-0.201739
-0.275124
-0.348508
-0.421893
-0.495277
-0.568662
-0.642047
-0.715431
-0.788816
-0.862201
-0.935585
-1.00897
-1.08235
-1.15574
-1.22913
-1.30251
-1.3759
-1.44928
-1.52266
-1.59605
-1.66943
-1.74282
-1.8162
-1.88958
-1.96297
-2.03636
-2.10974
-2.18313
-2.25651
-2.3299
-2.40328
-2.47666
-2.55005
-2.62343
-2.69682
-2.77021
-2.84359
-2.91697
-2.99036
-3.06374
-3.13713
-3.21051
-3.2839
-3.35728
-3.43066
-3.50405
-3.57743
-3.65082
-3.72421
-3.79759
-3.87098
-3.94436
-4.01774
-4.09113
-4.16451
-4.2379
-4.31128
-4.38466
0.21377
0.134061
0.0543519
-0.0253576
-0.105067
-0.184776
-0.264486
-0.344195
-0.423905
-0.503614
-0.583323
-0.663032
-0.742742
-0.822451
-0.902161
-0.981869
-1.06158
-1.14129
-1.22099
-1.3007
-1.38041
-1.46013
-1.53984
-1.61955
-1.69926
-1.77897
-1.85868
-1.93838
-2.01809
-2.0978
-2.17751
-2.25722
-2.33693
-2.41664
-2.49635
-2.57606
-2.65577
-2.73547
-2.81519
-2.8949
-2.97461
-3.05431
-3.13402
-3.21373
-3.29344
-3.37315
-3.45286
-3.53257
-3.61228
-3.69199
-3.7717
-3.85141
-3.93111
-4.01082
-4.09053
-4.17025
-4.24995
-4.32966
-4.40937
-4.48908
-4.56879
-4.6485
-4.72821
-4.80791
0.189651
0.103791
0.0179305
-0.0679299
-0.15379
-0.239651
-0.325511
-0.411372
-0.497232
-0.583093
-0.668953
-0.754814
-0.840674
-0.926536
-1.0124
-1.09826
-1.18411
-1.26998
-1.35583
-1.4417
-1.52756
-1.61342
-1.69928
-1.78514
-1.871
-1.95687
-2.04272
-2.12858
-2.21444
-2.30031
-2.38617
-2.47202
-2.55788
-2.64375
-2.72961
-2.81546
-2.90132
-2.98719
-3.07305
-3.15891
-3.24477
-3.33063
-3.41649
-3.50235
-3.58821
-3.67407
-3.75993
-3.84579
-3.93165
-4.01751
-4.10338
-4.18923
-4.27509
-4.36095
-4.44681
-4.53268
-4.61854
-4.7044
-4.79026
-4.87611
-4.96197
-5.04783
-5.1337
-5.21956
0.166271
0.0744475
-0.0173757
-0.109199
-0.201022
-0.292846
-0.384669
-0.476492
-0.568315
-0.660139
-0.751962
-0.843786
-0.93561
-1.02743
-1.11926
-1.21108
-1.3029
-1.39473
-1.48655
-1.57837
-1.6702
-1.76202
-1.85384
-1.94566
-2.03749
-2.12931
-2.22114
-2.31296
-2.40478
-2.4966
-2.58843
-2.68025
-2.77207
-2.8639
-2.95572
-3.04754
-3.13937
-3.23119
-3.32302
-3.41484
-3.50666
-3.59849
-3.69031
-3.78213
-3.87396
-3.96578
-4.0576
-4.14942
-4.24124
-4.33307
-4.4249
-4.51672
-4.60854
-4.70036
-4.79219
-4.88401
-4.97583
-5.06766
-5.15948
-5.2513
-5.34312
-5.43495
-5.52678
-5.6186
0.143685
0.0461015
-0.0514818
-0.149065
-0.246649
-0.344232
-0.441816
-0.539399
-0.636983
-0.734566
-0.83215
-0.929733
-1.02732
-1.1249
-1.22248
-1.32006
-1.41765
-1.51524
-1.61282
-1.7104
-1.80799
-1.90557
-2.00315
-2.10073
-2.19832
-2.2959
-2.39349
-2.49107
-2.58865
-2.68624
-2.78382
-2.8814
-2.97898
-3.07657
-3.17415
-3.27174
-3.36932
-3.4669
-3.56449
-3.66207
-3.75965
-3.85724
-3.95482
-4.0524
-4.14999
-4.24757
-4.34516
-4.44274
-4.54032
-4.6379
-4.73549
-4.83307
-4.93065
-5.02824
-5.12582
-5.22341
-5.32099
-5.41857
-5.51616
-5.61374
-5.71132
-5.8089
-5.90649
-6.00407
0.121948
0.0188214
-0.0843058
-0.187433
-0.29056
-0.393687
-0.496814
-0.599941
-0.703068
-0.806195
-0.909322
-1.01245
-1.11558
-1.2187
-1.32183
-1.42495
-1.52808
-1.63121
-1.73434
-1.83747
-1.94059
-2.04372
-2.14685
-2.24997
-2.3531
-2.45623
-2.55936
-2.66248
-2.76561
-2.86874
-2.97186
-3.07499
-3.17812
-3.28124
-3.38437
-3.4875
-3.59063
-3.69375
-3.79688
-3.90001
-4.00313
-4.10626
-4.20939
-4.31252
-4.41564
-4.51877
-4.6219
-4.72502
-4.82815
-4.93128
-5.0344
-5.13753
-5.24066
-5.34378
-5.44691
-5.55004
-5.65317
-5.75629
-5.85942
-5.96255
-6.06567
-6.1688
-6.27193
-6.37506
0.101113
-0.00732755
-0.115768
-0.224209
-0.33265
-0.441091
-0.549532
-0.657972
-0.766413
-0.874854
-0.983294
-1.09174
-1.20018
-1.30861
-1.41705
-1.5255
-1.63394
-1.74238
-1.85082
-1.95926
-2.0677
-2.17614
-2.28458
-2.39302
-2.50146
-2.6099
-2.71834
-2.82679
-2.93523
-3.04367
-3.15211
-3.26055
-3.36899
-3.47743
-3.58587
-3.69431
-3.80276
-3.9112
-4.01964
-4.12808
-4.23652
-4.34496
-4.4534
-4.56184
-4.67028
-4.77872
-4.88716
-4.9956
-5.10404
-5.21248
-5.32092
-5.42937
-5.5378
-5.64624
-5.75469
-5.86313
-5.97157
-6.08001
-6.18845
-6.29689
-6.40533
-6.51377
-6.62221
-6.73065
0.0812296
-0.0322822
-0.145794
-0.259305
-0.372817
-0.486329
-0.59984
-0.713352
-0.826864
-0.940377
-1.05389
-1.1674
-1.28091
-1.39442
-1.50793
-1.62145
-1.73496
-1.84847
-1.96198
-2.07549
-2.189
-2.30251
-2.41603
-2.52954
-2.64305
-2.75656
-2.87007
-2.98359
-3.0971
-3.21061
-3.32412
-3.43763
-3.55114
-3.66465
-3.77817
-3.89168
-4.00519
-4.11871
-4.23222
-4.34573
-4.45924
-4.57275
-4.68626
-4.79978
-4.91329
-5.02679
-5.14031
-5.25382
-5.36733
-5.48084
-5.59436
-5.70787
-5.82138
-5.93489
-6.0484
-6.16192
-6.27543
-6.38894
-6.50245
-6.61596
-6.72947
-6.84299
-6.9565
-7.07001
0.0623456
-0.0559821
-0.17431
-0.292637
-0.410965
-0.529293
-0.647621
-0.765949
-0.884276
-1.0026
-1.12093
-1.23926
-1.35759
-1.47591
-1.59424
-1.71257
-1.83089
-1.94922
-2.06755
-2.18588
-2.30421
-2.42254
-2.54087
-2.65919
-2.77752
-2.89585
-3.01417
-3.1325
-3.25083
-3.36916
-3.48748
-3.60581
-3.72414
-3.84247
-3.9608
-4.07912
-4.19745
-4.31578
-4.43411
-4.55244
-4.67077
-4.78909
-4.90742
-5.02575
-5.14408
-5.2624
-5.38073
-5.49906
-5.61738
-5.73571
-5.85404
-5.97237
-6.0907
-6.20903
-6.32735
-6.44568
-6.56401
-6.68234
-6.80067
-6.91899
-7.03732
-7.15565
-7.27398
-7.3923
0.0445069
-0.0783704
-0.201248
-0.324125
-0.447002
-0.56988
-0.692757
-0.815634
-0.938511
-1.06139
-1.18426
-1.30714
-1.43002
-1.5529
-1.67577
-1.79865
-1.92153
-2.04441
-2.16729
-2.29016
-2.41304
-2.53592
-2.65879
-2.78167
-2.90455
-3.02743
-3.1503
-3.27318
-3.39606
-3.51893
-3.64181
-3.76469
-3.88756
-4.01044
-4.13332
-4.2562
-4.37908
-4.50195
-4.62483
-4.74771
-4.87058
-4.99346
-5.11634
-5.23922
-5.36209
-5.48497
-5.60785
-5.73073
-5.8536
-5.97648
-6.09935
-6.22223
-6.34511
-6.46799
-6.59087
-6.71374
-6.83662
-6.9595
-7.08237
-7.20525
-7.32813
-7.45101
-7.57388
-7.69676
0.027756
-0.0993933
-0.226543
-0.353692
-0.480841
-0.60799
-0.73514
-0.862289
-0.989439
-1.11659
-1.24374
-1.37089
-1.49803
-1.62519
-1.75233
-1.87948
-2.00663
-2.13378
-2.26093
-2.38808
-2.51523
-2.64238
-2.76953
-2.89668
-3.02383
-3.15098
-3.27813
-3.40528
-3.53243
-3.65957
-3.78672
-3.91387
-4.04102
-4.16817
-4.29532
-4.42247
-4.54962
-4.67677
-4.80392
-4.93107
-5.05822
-5.18536
-5.31252
-5.43967
-5.56681
-5.69396
-5.82111
-5.94826
-6.07541
-6.20256
-6.32971
-6.45686
-6.58401
-6.71116
-6.8383
-6.96546
-7.09261
-7.21975
-7.3469
-7.47405
-7.6012
-7.72835
-7.8555
-7.98265
0.0121337
-0.119
-0.250133
-0.381267
-0.5124
-0.643534
-0.774667
-0.905801
-1.03694
-1.16807
-1.2992
-1.43034
-1.56147
-1.6926
-1.82373
-1.95487
-2.086
-2.21714
-2.34827
-2.4794
-2.61054
-2.74167
-2.8728
-3.00394
-3.13507
-3.26621
-3.39734
-3.52847
-3.65961
-3.79074
-3.92187
-4.05301
-4.18414
-4.31528
-4.44641
-4.57754
-4.70868
-4.83981
-4.97094
-5.10207
-5.23321
-5.36434
-5.49547
-5.62661
-5.75774
-5.88888
-6.02001
-6.15114
-6.28228
-6.41341
-6.54455
-6.67568
-6.80681
-6.93795
-7.06908
-7.20021
-7.33134
-7.46248
-7.59361
-7.72475
-7.85588
-7.98701
-8.11814
-8.24928
-0.0023227
-0.137143
-0.271964
-0.406784
-0.541604
-0.676425
-0.811245
-0.946066
-1.08089
-1.21571
-1.35052
-1.48534
-1.62017
-1.75499
-1.88981
-2.02463
-2.15945
-2.29427
-2.42909
-2.56391
-2.69873
-2.83355
-2.96837
-3.10319
-3.23801
-3.37283
-3.50766
-3.64247
-3.77729
-3.91211
-4.04694
-4.18176
-4.31658
-4.4514
-4.58622
-4.72104
-4.85586
-4.99068
-5.1255
-5.26032
-5.39514
-5.52996
-5.66478
-5.7996
-5.93442
-6.06924
-6.20406
-6.33888
-6.4737
-6.60853
-6.74335
-6.87816
-7.01298
-7.1478
-7.28262
-7.41744
-7.55227
-7.68709
-7.82191
-7.95673
-8.09155
-8.22637
-8.36119
-8.49601
-0.0155782
-0.153779
-0.29198
-0.430181
-0.568382
-0.706583
-0.844784
-0.982985
-1.12119
-1.25939
-1.39759
-1.53579
-1.67399
-1.81219
-1.95039
-2.08859
-2.22679
-2.365
-2.50319
-2.6414
-2.7796
-2.9178
-3.056
-3.1942
-3.3324
-3.47061
-3.60881
-3.747
-3.8852
-4.0234
-4.16161
-4.29981
-4.43801
-4.57621
-4.71441
-4.85261
-4.99082
-5.12902
-5.26722
-5.40542
-5.54362
-5.68182
-5.82002
-5.95822
-6.09642
-6.23462
-6.37282
-6.51103
-6.64922
-6.78743
-6.92563
-7.06383
-7.20203
-7.34023
-7.47843
-7.61663
-7.75484
-7.89303
-8.03123
-8.16944
-8.30764
-8.44584
-8.58404
-8.72224
-0.0276009
-0.168868
-0.310135
-0.451403
-0.59267
-0.733937
-0.875204
-1.01647
-1.15774
-1.29901
-1.44027
-1.58154
-1.72281
-1.86407
-2.00534
-2.14661
-2.28787
-2.42914
-2.57041
-2.71167
-2.85294
-2.99421
-3.13548
-3.27675
-3.41801
-3.55928
-3.70055
-3.84181
-3.98308
-4.12435
-4.26561
-4.40688
-4.54815
-4.68942
-4.83068
-4.97195
-5.11322
-5.25449
-5.39576
-5.53702
-5.67829
-5.81956
-5.96082
-6.10209
-6.24336
-6.38462
-6.52589
-6.66716
-6.80842
-6.94969
-7.09096
-7.23223
-7.3735
-7.51476
-7.65603
-7.7973
-7.93856
-8.07983
-8.2211
-8.36236
-8.50363
-8.6449
-8.78617
-8.92744
-0.038362
-0.182374
-0.326385
-0.470397
-0.614408
-0.758419
-0.902431
-1.04644
-1.19046
-1.33447
-1.47848
-1.62249
-1.7665
-1.91051
-2.05452
-2.19854
-2.34255
-2.48656
-2.63057
-2.77458
-2.91859
-3.0626
-3.20662
-3.35063
-3.49464
-3.63865
-3.78266
-3.92667
-4.07068
-4.2147
-4.35871
-4.50272
-4.64673
-4.79074
-4.93475
-5.07877
-5.22278
-5.36679
-5.51081
-5.65481
-5.79883
-5.94284
-6.08685
-6.23086
-6.37487
-6.51888
-6.66289
-6.80691
-6.95091
-7.09493
-7.23894
-7.38295
-7.52697
-7.67098
-7.81499
-7.959
-8.10301
-8.24702
-8.39104
-8.53504
-8.67905
-8.82307
-8.96708
-9.1111
-0.0478351
-0.194263
-0.34069
-0.487117
-0.633545
-0.779973
-0.9264
-1.07283
-1.21925
-1.36568
-1.51211
-1.65854
-1.80496
-1.95139
-2.09782
-2.24425
-2.39068
-2.53711
-2.68353
-2.82996
-2.97638
-3.12282
-3.26924
-3.41567
-3.5621
-3.70853
-3.85495
-4.00138
-4.14781
-4.29423
-4.44066
-4.58709
-4.73352
-4.87994
-5.02637
-5.1728
-5.31923
-5.46566
-5.61208
-5.75851
-5.90494
-6.05137
-6.1978
-6.34422
-6.49065
-6.63707
-6.7835
-6.92993
-7.07636
-7.22279
-7.36922
-7.51564
-7.66207
-7.8085
-7.95493
-8.10135
-8.24778
-8.39421
-8.54064
-8.68706
-8.83349
-8.97992
-9.12635
-9.27277
-0.0559977
-0.204507
-0.353017
-0.501526
-0.650035
-0.798544
-0.947055
-1.09556
-1.24407
-1.39258
-1.54109
-1.6896
-1.83811
-1.98662
-2.13513
-2.28364
-2.43215
-2.58066
-2.72917
-2.87767
-3.02618
-3.1747
-3.3232
-3.47171
-3.62023
-3.76873
-3.91724
-4.06575
-4.21426
-4.36277
-4.51128
-4.65979
-4.8083
-4.9568
-5.10532
-5.25383
-5.40234
-5.55084
-5.69935
-5.84786
-5.99637
-6.14488
-6.29339
-6.4419
-6.59041
-6.73892
-6.88743
-7.03594
-7.18444
-7.33296
-7.48147
-7.62997
-7.77848
-7.92699
-8.07551
-8.22401
-8.37252
-8.52103
-8.66954
-8.81805
-8.96656
-9.11507
-9.26358
-9.41209
-0.0628301
-0.213082
-0.363334
-0.513586
-0.663838
-0.81409
-0.964343
-1.11459
-1.26484
-1.4151
-1.56535
-1.7156
-1.86585
-2.0161
-2.16636
-2.31661
-2.46686
-2.61711
-2.76736
-2.91762
-3.06787
-3.21812
-3.36837
-3.51862
-3.66888
-3.81913
-3.96938
-4.11963
-4.26988
-4.42014
-4.57039
-4.72064
-4.87089
-5.02114
-5.1714
-5.32165
-5.4719
-5.62215
-5.7724
-5.92265
-6.0729
-6.22316
-6.37341
-6.52366
-6.67391
-6.82416
-6.97442
-7.12467
-7.27492
-7.42517
-7.57543
-7.72568
-7.87593
-8.02618
-8.17643
-8.32669
-8.47694
-8.62719
-8.77744
-8.92769
-9.07794
-9.22819
-9.37844
-9.5287
-0.0683157
-0.219967
-0.371618
-0.523269
-0.67492
-0.826571
-0.978223
-1.12987
-1.28152
-1.43317
-1.58483
-1.73648
-1.88813
-2.03978
-2.19143
-2.34308
-2.49473
-2.64638
-2.79803
-2.94968
-3.10134
-3.25299
-3.40464
-3.55629
-3.70794
-3.85959
-4.01124
-4.16289
-4.31455
-4.4662
-4.61785
-4.7695
-4.92115
-5.0728
-5.22445
-5.3761
-5.52775
-5.6794
-5.83105
-5.9827
-6.13435
-6.28601
-6.43766
-6.58931
-6.74096
-6.89261
-7.04426
-7.19591
-7.34756
-7.49921
-7.65086
-7.80252
-7.95417
-8.10582
-8.25747
-8.40912
-8.56077
-8.71242
-8.86407
-9.01572
-9.16737
-9.31902
-9.47067
-9.62233
-0.0724419
-0.225145
-0.377848
-0.530552
-0.683255
-0.835958
-0.988662
-1.14136
-1.29407
-1.44677
-1.59947
-1.75218
-1.90488
-2.05759
-2.21029
-2.36299
-2.5157
-2.6684
-2.8211
-2.97381
-3.12651
-3.27921
-3.43191
-3.58462
-3.73732
-3.89002
-4.04273
-4.19543
-4.34814
-4.50084
-4.65354
-4.80624
-4.95895
-5.11165
-5.26435
-5.41706
-5.56976
-5.72246
-5.87516
-6.02787
-6.18058
-6.33328
-6.48598
-6.63868
-6.79139
-6.94409
-7.09679
-7.2495
-7.4022
-7.5549
-7.7076
-7.86031
-8.01301
-8.16572
-8.31842
-8.47112
-8.62383
-8.77653
-8.92923
-9.08193
-9.23464
-9.38734
-9.54005
-9.69275
-0.0751983
-0.228604
-0.38201
-0.535417
-0.688823
-0.842229
-0.995636
-1.14904
-1.30245
-1.45585
-1.60926
-1.76267
-1.91607
-2.06948
-2.22289
-2.37629
-2.5297
-2.6831
-2.83651
-2.98992
-3.14332
-3.29673
-3.45013
-3.60354
-3.75695
-3.91035
-4.06376
-4.21717
-4.37057
-4.52398
-4.67738
-4.83079
-4.9842
-5.1376
-5.29101
-5.44441
-5.59782
-5.75123
-5.90463
-6.05804
-6.21145
-6.36485
-6.51826
-6.67166
-6.82507
-6.97848
-7.13188
-7.28529
-7.4387
-7.5921
-7.74551
-7.89891
-8.05232
-8.20573
-8.35913
-8.51254
-8.66595
-8.81935
-8.97276
-9.12616
-9.27957
-9.43298
-9.58638
-9.73979
-0.0765779
-0.230336
-0.384094
-0.537852
-0.691611
-0.845369
-0.999126
-1.15289
-1.30664
-1.4604
-1.61416
-1.76792
-1.92168
-2.07544
-2.22919
-2.38295
-2.53671
-2.69046
-2.84422
-2.99798
-3.15174
-3.3055
-3.45926
-3.61301
-3.76677
-3.92053
-4.07429
-4.22805
-4.38181
-4.53556
-4.68932
-4.84308
-4.99684
-5.1506
-5.30436
-5.45811
-5.61187
-5.76563
-5.91938
-6.07315
-6.2269
-6.38066
-6.53442
-6.68817
-6.84193
-6.99569
-7.14945
-7.30321
-7.45697
-7.61072
-7.76448
-7.91824
-8.072
-8.22576
-8.37951
-8.53327
-8.68703
-8.84079
-8.99455
-9.1483
-9.30206
-9.45582
-9.60958
-9.76334
-0.0765779
-0.230336
-0.384094
-0.537852
-0.691611
-0.845369
-0.999126
-1.15289
-1.30664
-1.4604
-1.61416
-1.76792
-1.92168
-2.07544
-2.22919
-2.38295
-2.53671
-2.69046
-2.84422
-2.99798
-3.15174
-3.3055
-3.45926
-3.61301
-3.76677
-3.92053
-4.07429
-4.22805
-4.38181
-4.53556
-4.68932
-4.84308
-4.99684
-5.1506
-5.30436
-5.45811
-5.61187
-5.76563
-5.91938
-6.07315
-6.2269
-6.38066
-6.53442
-6.68817
-6.84193
-6.99569
-7.14945
-7.30321
-7.45697
-7.61072
-7.76448
-7.91824
-8.072
-8.22576
-8.37951
-8.53327
-8.68703
-8.84079
-8.99455
-9.14831
-9.30207
-9.45583
-9.60959
-9.76334
-0.0751983
-0.228604
-0.382011
-0.535417
-0.688823
-0.842229
-0.995636
-1.14904
-1.30245
-1.45585
-1.60926
-1.76267
-1.91607
-2.06948
-2.22289
-2.37629
-2.5297
-2.6831
-2.83651
-2.98992
-3.14332
-3.29673
-3.45014
-3.60354
-3.75695
-3.91036
-4.06376
-4.21717
-4.37057
-4.52398
-4.67739
-4.83079
-4.9842
-5.1376
-5.29101
-5.44442
-5.59782
-5.75123
-5.90463
-6.05804
-6.21145
-6.36485
-6.51826
-6.67167
-6.82507
-6.97848
-7.13189
-7.28529
-7.4387
-7.5921
-7.74551
-7.89892
-8.05232
-8.20573
-8.35913
-8.51254
-8.66595
-8.81936
-8.97276
-9.12617
-9.27958
-9.43298
-9.58639
-9.7398
-0.0724422
-0.225146
-0.377849
-0.530552
-0.683255
-0.835959
-0.988663
-1.14136
-1.29407
-1.44677
-1.59948
-1.75218
-1.90488
-2.05759
-2.21029
-2.36299
-2.5157
-2.6684
-2.8211
-2.97381
-3.12651
-3.27921
-3.43192
-3.58462
-3.73732
-3.89003
-4.04273
-4.19543
-4.34814
-4.50084
-4.65354
-4.80625
-4.95895
-5.11165
-5.26436
-5.41706
-5.56976
-5.72246
-5.87517
-6.02787
-6.18058
-6.33328
-6.48598
-6.63869
-6.79139
-6.94409
-7.0968
-7.2495
-7.40221
-7.55491
-7.70761
-7.86031
-8.01302
-8.16572
-8.31842
-8.47113
-8.62383
-8.77653
-8.92924
-9.08194
-9.23465
-9.38735
-9.54005
-9.69275
-0.0683162
-0.219967
-0.371618
-0.523269
-0.67492
-0.826571
-0.978223
-1.12987
-1.28152
-1.43317
-1.58483
-1.73648
-1.88813
-2.03978
-2.19143
-2.34308
-2.49474
-2.64639
-2.79804
-2.94968
-3.10134
-3.25299
-3.40464
-3.55629
-3.70794
-3.8596
-4.01125
-4.16289
-4.31455
-4.4662
-4.61785
-4.7695
-4.92115
-5.0728
-5.22445
-5.37611
-5.52776
-5.67941
-5.83106
-5.98271
-6.13436
-6.28602
-6.43766
-6.58931
-6.74097
-6.89262
-7.04427
-7.19592
-7.34757
-7.49922
-7.65087
-7.80252
-7.95417
-8.10582
-8.25748
-8.40913
-8.56078
-8.71243
-8.86408
-9.01573
-9.16738
-9.31904
-9.47069
-9.62234
-0.0628303
-0.213082
-0.363334
-0.513586
-0.663838
-0.81409
-0.964343
-1.1146
-1.26485
-1.4151
-1.56535
-1.7156
-1.86586
-2.01611
-2.16636
-2.31661
-2.46687
-2.61712
-2.76737
-2.91762
-3.06787
-3.21812
-3.36838
-3.51863
-3.66888
-3.81913
-3.96938
-4.11963
-4.26989
-4.42014
-4.57039
-4.72065
-4.87089
-5.02115
-5.1714
-5.32165
-5.47191
-5.62216
-5.77241
-5.92266
-6.07291
-6.22317
-6.37342
-6.52367
-6.67392
-6.82417
-6.97443
-7.12468
-7.27493
-7.42518
-7.57544
-7.72569
-7.87594
-8.02619
-8.17644
-8.32669
-8.47694
-8.6272
-8.77745
-8.9277
-9.07795
-9.2282
-9.37846
-9.52871
-0.0559977
-0.204507
-0.353017
-0.501526
-0.650036
-0.798546
-0.947055
-1.09557
-1.24408
-1.39258
-1.54109
-1.6896
-1.83811
-1.98662
-2.13513
-2.28364
-2.43215
-2.58066
-2.72917
-2.87768
-3.02619
-3.1747
-3.32321
-3.47172
-3.62023
-3.76874
-3.91725
-4.06576
-4.21427
-4.36278
-4.51128
-4.65979
-4.8083
-4.95682
-5.10532
-5.25383
-5.40235
-5.55085
-5.69936
-5.84787
-5.99638
-6.14489
-6.2934
-6.44191
-6.59042
-6.73893
-6.88744
-7.03595
-7.18445
-7.33297
-7.48148
-7.62998
-7.77849
-7.927
-8.07551
-8.22402
-8.37253
-8.52105
-8.66955
-8.81806
-8.96657
-9.11508
-9.26359
-9.4121
-0.0478351
-0.194263
-0.340691
-0.487118
-0.633547
-0.779975
-0.926402
-1.07283
-1.21926
-1.36569
-1.51211
-1.65854
-1.80497
-1.9514
-2.09782
-2.24425
-2.39068
-2.53711
-2.68353
-2.82996
-2.97639
-3.12282
-3.26925
-3.41568
-3.5621
-3.70853
-3.85496
-4.00139
-4.14781
-4.29424
-4.44067
-4.5871
-4.73353
-4.87995
-5.02638
-5.17281
-5.31924
-5.46567
-5.61209
-5.75852
-5.90495
-6.05138
-6.19781
-6.34423
-6.49066
-6.63709
-6.78352
-6.92994
-7.07637
-7.2228
-7.36923
-7.51565
-7.66208
-7.80851
-7.95494
-8.10137
-8.2478
-8.39422
-8.54065
-8.68708
-8.83351
-8.97993
-9.12636
-9.27279
-0.038362
-0.182374
-0.326386
-0.470397
-0.614409
-0.758421
-0.902433
-1.04644
-1.19046
-1.33447
-1.47848
-1.62249
-1.7665
-1.91051
-2.05453
-2.19854
-2.34256
-2.48657
-2.63058
-2.77459
-2.9186
-3.06261
-3.20662
-3.35063
-3.49465
-3.63866
-3.78267
-3.92668
-4.07069
-4.2147
-4.35872
-4.50273
-4.64674
-4.79075
-4.93477
-5.07878
-5.22279
-5.3668
-5.51082
-5.65482
-5.79884
-5.94285
-6.08686
-6.23087
-6.37489
-6.5189
-6.66291
-6.80692
-6.95093
-7.09494
-7.23895
-7.38296
-7.52698
-7.67099
-7.81501
-7.95902
-8.10303
-8.24704
-8.39105
-8.53506
-8.67908
-8.82309
-8.9671
-9.11111
-0.0276011
-0.168869
-0.310136
-0.451404
-0.592671
-0.733939
-0.875206
-1.01648
-1.15774
-1.29901
-1.44027
-1.58154
-1.72281
-1.86408
-2.00535
-2.14662
-2.28788
-2.42915
-2.57042
-2.71169
-2.85295
-2.99422
-3.13548
-3.27675
-3.41802
-3.55929
-3.70056
-3.84182
-3.98309
-4.12436
-4.26563
-4.40689
-4.54816
-4.68943
-4.8307
-4.97197
-5.11323
-5.2545
-5.39577
-5.53703
-5.6783
-5.81957
-5.96084
-6.10211
-6.24337
-6.38464
-6.52591
-6.66718
-6.80844
-6.94971
-7.09098
-7.23224
-7.37351
-7.51478
-7.65605
-7.79732
-7.93858
-8.07985
-8.22112
-8.36239
-8.50365
-8.64492
-8.78618
-8.92745
-0.0155784
-0.15378
-0.291981
-0.430183
-0.568384
-0.706585
-0.844787
-0.982989
-1.12119
-1.25939
-1.39759
-1.53579
-1.67399
-1.81219
-1.95039
-2.0886
-2.2268
-2.365
-2.50321
-2.6414
-2.7796
-2.9178
-3.05601
-3.19421
-3.33241
-3.47062
-3.60882
-3.74701
-3.88521
-4.02342
-4.16162
-4.29982
-4.43802
-4.57622
-4.71443
-4.85263
-4.99083
-5.12903
-5.26723
-5.40543
-5.54364
-5.68184
-5.82004
-5.95824
-6.09644
-6.23464
-6.37284
-6.51104
-6.64925
-6.78745
-6.92565
-7.06385
-7.20205
-7.34025
-7.47845
-7.61665
-7.75486
-7.89306
-8.03126
-8.16946
-8.30766
-8.44586
-8.58406
-8.72227
-0.0023229
-0.137144
-0.271964
-0.406785
-0.541606
-0.676427
-0.811248
-0.946068
-1.08089
-1.21571
-1.35053
-1.48535
-1.62017
-1.75499
-1.88981
-2.02463
-2.15945
-2.29428
-2.4291
-2.56392
-2.69873
-2.83356
-2.96838
-3.1032
-3.23802
-3.37284
-3.50767
-3.64249
-3.77731
-3.91212
-4.04695
-4.18177
-4.31659
-4.45141
-4.58623
-4.72105
-4.85587
-4.99069
-5.12551
-5.26033
-5.39515
-5.52998
-5.6648
-5.79962
-5.93444
-6.06926
-6.20408
-6.3389
-6.47372
-6.60855
-6.74337
-6.87818
-7.013
-7.14783
-7.28264
-7.41747
-7.55229
-7.68711
-7.82193
-7.95675
-8.09157
-8.22639
-8.36121
-8.49604
0.0121335
-0.119001
-0.250134
-0.381269
-0.512403
-0.643537
-0.77467
-0.905804
-1.03694
-1.16807
-1.29921
-1.43034
-1.56148
-1.69261
-1.82374
-1.95488
-2.08601
-2.21715
-2.34828
-2.47941
-2.61055
-2.74168
-2.87282
-3.00395
-3.13508
-3.26622
-3.39735
-3.52849
-3.65962
-3.79075
-3.92189
-4.05302
-4.18416
-4.31529
-4.44642
-4.57756
-4.70869
-4.83982
-4.97096
-5.10209
-5.23322
-5.36436
-5.49549
-5.62663
-5.75776
-5.8889
-6.02003
-6.15116
-6.2823
-6.41343
-6.54457
-6.6757
-6.80683
-6.93797
-7.0691
-7.20024
-7.33137
-7.4625
-7.59363
-7.72477
-7.85591
-7.98704
-8.11817
-8.24931
0.0277558
-0.0993941
-0.226544
-0.353694
-0.480843
-0.607993
-0.735143
-0.862292
-0.989441
-1.11659
-1.24374
-1.37089
-1.49804
-1.62519
-1.75234
-1.87949
-2.00664
-2.13379
-2.26094
-2.38809
-2.51524
-2.64239
-2.76954
-2.89669
-3.02384
-3.15099
-3.27814
-3.40529
-3.53244
-3.65959
-3.78674
-3.91389
-4.04104
-4.16819
-4.29534
-4.42249
-4.54964
-4.67678
-4.80394
-4.93109
-5.05824
-5.18538
-5.31254
-5.43969
-5.56683
-5.69398
-5.82113
-5.94828
-6.07543
-6.20258
-6.32973
-6.45688
-6.58403
-6.71118
-6.83833
-6.96548
-7.09263
-7.21978
-7.34693
-7.47408
-7.60123
-7.72838
-7.85553
-7.98268
0.0445066
-0.0783712
-0.201249
-0.324127
-0.447005
-0.569882
-0.69276
-0.815638
-0.938515
-1.06139
-1.18427
-1.30715
-1.43003
-1.5529
-1.67578
-1.79866
-1.92154
-2.04441
-2.16729
-2.29017
-2.41305
-2.53593
-2.65881
-2.78168
-2.90456
-3.02744
-3.15031
-3.27319
-3.39607
-3.51895
-3.64183
-3.76471
-3.88758
-4.01046
-4.13334
-4.25621
-4.37909
-4.50197
-4.62485
-4.74773
-4.8706
-4.99348
-5.11636
-5.23924
-5.36211
-5.48499
-5.60787
-5.73075
-5.85363
-5.9765
-6.09938
-6.22226
-6.34514
-6.46801
-6.59089
-6.71377
-6.83665
-6.95953
-7.0824
-7.20528
-7.32816
-7.45104
-7.57392
-7.69679
0.0623454
-0.0559829
-0.174311
-0.29264
-0.410968
-0.529296
-0.647625
-0.765953
-0.884281
-1.00261
-1.12094
-1.23927
-1.3576
-1.47592
-1.59425
-1.71258
-1.8309
-1.94923
-2.06756
-2.1859
-2.30422
-2.42255
-2.54088
-2.65921
-2.77753
-2.89586
-3.01419
-3.13252
-3.25085
-3.36918
-3.4875
-3.60583
-3.72416
-3.84249
-3.96082
-4.07914
-4.19747
-4.3158
-4.43413
-4.55246
-4.67079
-4.78911
-4.90744
-5.02577
-5.1441
-5.26242
-5.38076
-5.49909
-5.61741
-5.73574
-5.85407
-5.9724
-6.09073
-6.20905
-6.32738
-6.44571
-6.56404
-6.68237
-6.8007
-6.91903
-7.03735
-7.15568
-7.27401
-7.39233
0.0812294
-0.032283
-0.145795
-0.259308
-0.37282
-0.486332
-0.599845
-0.713357
-0.826869
-0.940381
-1.05389
-1.16741
-1.28092
-1.39443
-1.50794
-1.62146
-1.73497
-1.84848
-1.96199
-2.07551
-2.18902
-2.30253
-2.41604
-2.52955
-2.64306
-2.75658
-2.87009
-2.9836
-3.09712
-3.21063
-3.32414
-3.43765
-3.55116
-3.66467
-3.77819
-3.8917
-4.00521
-4.11872
-4.23224
-4.34575
-4.45926
-4.57277
-4.68629
-4.7998
-4.91331
-5.02682
-5.14034
-5.25385
-5.36736
-5.48088
-5.59439
-5.7079
-5.82141
-5.93492
-6.04843
-6.16195
-6.27546
-6.38897
-6.50248
-6.616
-6.72951
-6.84302
-6.95653
-7.07004
0.101113
-0.00732845
-0.11577
-0.224211
-0.332653
-0.441094
-0.549535
-0.657977
-0.766418
-0.874859
-0.9833
-1.09174
-1.20018
-1.30863
-1.41706
-1.52551
-1.63395
-1.74239
-1.85083
-1.95927
-2.06771
-2.17616
-2.2846
-2.39304
-2.50148
-2.60992
-2.71836
-2.8268
-2.93525
-3.04369
-3.15213
-3.26057
-3.36901
-3.47745
-3.58589
-3.69433
-3.80278
-3.91122
-4.01966
-4.1281
-4.23654
-4.34498
-4.45342
-4.56186
-4.67031
-4.77875
-4.88719
-4.99563
-5.10407
-5.21251
-5.32095
-5.42939
-5.53784
-5.64627
-5.75472
-5.86316
-5.9716
-6.08004
-6.18849
-6.29693
-6.40537
-6.51381
-6.62225
-6.73069
0.121948
0.0188204
-0.0843072
-0.187435
-0.290563
-0.39369
-0.496818
-0.599946
-0.703073
-0.806201
-0.909329
-1.01246
-1.11559
-1.21871
-1.32184
-1.42496
-1.52809
-1.63122
-1.73435
-1.83748
-1.94061
-2.04373
-2.14686
-2.24999
-2.35312
-2.45624
-2.55937
-2.6625
-2.76563
-2.86876
-2.97188
-3.07501
-3.17814
-3.28126
-3.38439
-3.48752
-3.59065
-3.69377
-3.7969
-3.90003
-4.00316
-4.10629
-4.20941
-4.31254
-4.41567
-4.5188
-4.62193
-4.72505
-4.82818
-4.93131
-5.03443
-5.13756
-5.24069
-5.34382
-5.44694
-5.55007
-5.6532
-5.75633
-5.85946
-5.96258
-6.06571
-6.16884
-6.27197
-6.3751
0.143685
0.0461007
-0.0514835
-0.149068
-0.246652
-0.344236
-0.44182
-0.539404
-0.636988
-0.734572
-0.832156
-0.929741
-1.02732
-1.12491
-1.22249
-1.32007
-1.41766
-1.51525
-1.61283
-1.71041
-1.808
-1.90558
-2.00316
-2.10075
-2.19834
-2.29592
-2.3935
-2.49109
-2.58867
-2.68625
-2.78384
-2.88142
-2.979
-3.07659
-3.17418
-3.27176
-3.36934
-3.46693
-3.56451
-3.66209
-3.75968
-3.85726
-3.95485
-4.05243
-4.15001
-4.2476
-4.34519
-4.44277
-4.54035
-4.63793
-4.73552
-4.83311
-4.93069
-5.02827
-5.12586
-5.22344
-5.32102
-5.41861
-5.51619
-5.61378
-5.71136
-5.80894
-5.90653
-6.00411
0.166271
0.0744465
-0.0173774
-0.109201
-0.201025
-0.292849
-0.384674
-0.476498
-0.568321
-0.660145
-0.751969
-0.843793
-0.935616
-1.02744
-1.11927
-1.21109
-1.30291
-1.39474
-1.48656
-1.57838
-1.67021
-1.76204
-1.85386
-1.94568
-2.03751
-2.12933
-2.22115
-2.31298
-2.4048
-2.49662
-2.58845
-2.68027
-2.77209
-2.86392
-2.95575
-3.04757
-3.13939
-3.23122
-3.32304
-3.41486
-3.50669
-3.59851
-3.69034
-3.78216
-3.87398
-3.96581
-4.05763
-4.14945
-4.24128
-4.3331
-4.42493
-4.51675
-4.60857
-4.7004
-4.79223
-4.88405
-4.97587
-5.0677
-5.15952
-5.25134
-5.34317
-5.43499
-5.52682
-5.61864
0.189651
0.10379
0.0179288
-0.0679324
-0.153794
-0.239655
-0.325516
-0.411377
-0.497238
-0.583099
-0.66896
-0.754822
-0.840683
-0.926545
-1.01241
-1.09827
-1.18413
-1.26999
-1.35585
-1.44171
-1.52757
-1.61344
-1.69929
-1.78515
-1.87102
-1.95687
-2.04274
-2.1286
-2.21446
-2.30032
-2.38619
-2.47205
-2.5579
-2.64377
-2.72963
-2.81549
-2.90135
-2.98721
-3.07307
-3.15894
-3.2448
-3.33066
-3.41652
-3.50238
-3.58824
-3.6741
-3.75996
-3.84582
-3.93168
-4.01755
-4.10341
-4.18927
-4.27513
-4.36099
-4.44685
-4.53271
-4.61857
-4.70443
-4.7903
-4.87616
-4.96202
-5.04788
-5.13375
-5.2196
0.21377
0.13406
0.05435
-0.0253601
-0.10507
-0.18478
-0.26449
-0.3442
-0.42391
-0.503621
-0.583331
-0.663041
-0.742751
-0.822461
-0.902171
-0.981882
-1.06159
-1.1413
-1.22101
-1.30072
-1.38043
-1.46014
-1.53985
-1.61956
-1.69927
-1.77898
-1.85869
-1.9384
-2.01811
-2.09782
-2.17753
-2.25724
-2.33695
-2.41666
-2.49637
-2.57608
-2.65579
-2.7355
-2.81521
-2.89492
-2.97464
-3.05435
-3.13406
-3.21376
-3.29347
-3.37318
-3.45289
-3.5326
-3.61231
-3.69202
-3.77173
-3.85145
-3.93115
-4.01086
-4.09057
-4.17028
-4.24999
-4.3297
-4.40941
-4.48912
-4.56883
-4.64854
-4.72826
-4.80797
0.238569
0.165184
0.0917984
0.018413
-0.0549725
-0.128358
-0.201743
-0.275129
-0.348514
-0.4219
-0.495285
-0.568671
-0.642056
-0.715441
-0.788827
-0.862212
-0.935599
-1.00898
-1.08237
-1.15575
-1.22914
-1.30252
-1.37591
-1.4493
-1.52268
-1.59607
-1.66945
-1.74284
-1.81622
-1.88961
-1.963
-2.03638
-2.10976
-2.18315
-2.25653
-2.32992
-2.40331
-2.47669
-2.55008
-2.62346
-2.69685
-2.77024
-2.84362
-2.91701
-2.99039
-3.06377
-3.13716
-3.21055
-3.28393
-3.35732
-3.4307
-3.50409
-3.57747
-3.65086
-3.72425
-3.79763
-3.87102
-3.9444
-4.01778
-4.09117
-4.16456
-4.23794
-4.31133
-4.38471
0.263989
0.197086
0.130184
0.0632814
-0.00362117
-0.0705236
-0.137426
-0.204329
-0.271231
-0.338134
-0.405037
-0.471939
-0.538842
-0.605744
-0.672647
-0.739549
-0.806452
-0.873354
-0.940257
-1.00716
-1.07406
-1.14096
-1.20787
-1.27477
-1.34167
-1.40857
-1.47548
-1.54238
-1.60928
-1.67618
-1.74309
-1.80999
-1.87689
-1.94379
-2.0107
-2.0776
-2.1445
-2.2114
-2.27831
-2.34521
-2.41211
-2.47901
-2.54592
-2.61282
-2.67972
-2.74663
-2.81353
-2.88043
-2.94734
-3.01424
-3.08114
-3.14804
-3.21494
-3.28185
-3.34875
-3.41565
-3.48255
-3.54945
-3.61636
-3.68326
-3.75016
-3.81707
-3.88397
-3.95087
0.289968
0.229691
0.169414
0.109137
0.0488601
-0.0114171
-0.0716941
-0.131971
-0.192248
-0.252525
-0.312802
-0.373079
-0.433356
-0.493633
-0.553911
-0.614187
-0.674464
-0.734741
-0.795019
-0.855296
-0.915571
-0.975849
-1.03613
-1.0964
-1.15668
-1.21696
-1.27724
-1.33751
-1.39779
-1.45807
-1.51834
-1.57862
-1.6389
-1.69918
-1.75945
-1.81973
-1.88001
-1.94028
-2.00056
-2.06084
-2.12111
-2.18139
-2.24167
-2.30194
-2.36222
-2.4225
-2.48278
-2.54305
-2.60333
-2.66361
-2.72388
-2.78416
-2.84444
-2.90472
-2.96499
-3.02527
-3.08555
-3.14582
-3.2061
-3.26638
-3.32665
-3.38693
-3.44721
-3.50748
0.316444
0.262919
0.209394
0.155869
0.102345
0.0488197
-0.00470511
-0.05823
-0.111755
-0.16528
-0.218804
-0.272329
-0.325854
-0.379379
-0.432904
-0.486429
-0.539954
-0.593478
-0.647003
-0.700528
-0.754053
-0.807578
-0.861103
-0.914628
-0.968152
-1.02168
-1.0752
-1.12873
-1.18225
-1.23578
-1.2893
-1.34282
-1.39635
-1.44987
-1.5034
-1.55693
-1.61045
-1.66398
-1.7175
-1.77103
-1.82455
-1.87807
-1.9316
-1.98512
-2.03865
-2.09217
-2.1457
-2.19922
-2.25275
-2.30627
-2.3598
-2.41332
-2.46685
-2.52037
-2.5739
-2.62742
-2.68095
-2.73447
-2.788
-2.84152
-2.89505
-2.94857
-3.00209
-3.05562
0.343353
0.296691
0.250028
0.203366
0.156704
0.110042
0.0633794
0.0167171
-0.0299451
-0.0766073
-0.123269
-0.169932
-0.216594
-0.263256
-0.309919
-0.356581
-0.403243
-0.449905
-0.496567
-0.54323
-0.589892
-0.636554
-0.683216
-0.729878
-0.77654
-0.823202
-0.869865
-0.916528
-0.963192
-1.00985
-1.05651
-1.10317
-1.14984
-1.1965
-1.24316
-1.28982
-1.33649
-1.38315
-1.42981
-1.47647
-1.52313
-1.5698
-1.61646
-1.66312
-1.70978
-1.75645
-1.80311
-1.84977
-1.89643
-1.9431
-1.98976
-2.03642
-2.08308
-2.12974
-2.1764
-2.22307
-2.26973
-2.31639
-2.36306
-2.40972
-2.45638
-2.50305
-2.54971
-2.59637
0.37063
0.330924
0.291218
0.251512
0.211806
0.172101
0.132395
0.0926894
0.0529837
0.013278
-0.0264277
-0.0661333
-0.105839
-0.145545
-0.18525
-0.224956
-0.264662
-0.304368
-0.344074
-0.383779
-0.423485
-0.463191
-0.502896
-0.542602
-0.582308
-0.622013
-0.661719
-0.701425
-0.741131
-0.780837
-0.820542
-0.860248
-0.899954
-0.93966
-0.979365
-1.01907
-1.05878
-1.09848
-1.13819
-1.17789
-1.2176
-1.2573
-1.29701
-1.33672
-1.37642
-1.41613
-1.45584
-1.49554
-1.53525
-1.57495
-1.61466
-1.65436
-1.69407
-1.73377
-1.77348
-1.81319
-1.85289
-1.8926
-1.9323
-1.97201
-2.01171
-2.05142
-2.09113
-2.13083
0.398209
0.365537
0.332864
0.300192
0.26752
0.234848
0.202176
0.169504
0.136832
0.10416
0.0714877
0.0388155
0.0061435
-0.0265285
-0.0592005
-0.0918728
-0.124545
-0.157217
-0.189889
-0.222562
-0.255233
-0.287905
-0.320578
-0.35325
-0.385922
-0.418594
-0.451266
-0.483938
-0.51661
-0.549282
-0.581954
-0.614626
-0.647298
-0.679971
-0.712643
-0.745315
-0.777987
-0.810659
-0.843331
-0.876003
-0.908674
-0.941346
-0.97402
-1.00669
-1.03936
-1.07204
-1.10471
-1.13738
-1.17005
-1.20272
-1.2354
-1.26807
-1.30074
-1.33341
-1.36608
-1.39876
-1.43143
-1.4641
-1.49677
-1.52944
-1.56212
-1.59479
-1.62746
-1.66013
0.426024
0.400445
0.374867
0.349289
0.32371
0.298132
0.272554
0.246976
0.221397
0.195819
0.170241
0.144663
0.119084
0.0935061
0.0679277
0.0423493
0.016771
-0.00880725
-0.0343857
-0.0599641
-0.0855423
-0.111121
-0.136699
-0.162277
-0.187855
-0.213433
-0.239012
-0.26459
-0.290169
-0.315747
-0.341325
-0.366903
-0.392482
-0.41806
-0.443638
-0.469217
-0.494795
-0.520374
-0.545952
-0.57153
-0.597108
-0.622687
-0.648265
-0.673843
-0.699421
-0.725
-0.750578
-0.776156
-0.801734
-0.827312
-0.852891
-0.87847
-0.904049
-0.929626
-0.955203
-0.980782
-1.00636
-1.03194
-1.05752
-1.08309
-1.10867
-1.13425
-1.15983
-1.18541
0.454008
0.435566
0.417125
0.398684
0.380242
0.361801
0.34336
0.324918
0.306476
0.288035
0.269594
0.251152
0.232711
0.21427
0.195828
0.177387
0.158945
0.140504
0.122063
0.103621
0.0851797
0.0667385
0.048297
0.0298555
0.0114142
-0.00702715
-0.0254687
-0.0439102
-0.0623516
-0.080793
-0.0992344
-0.117676
-0.136117
-0.154559
-0.173
-0.191442
-0.209883
-0.228324
-0.246766
-0.265207
-0.283649
-0.30209
-0.320532
-0.338973
-0.357414
-0.375855
-0.394297
-0.412738
-0.43118
-0.449621
-0.468062
-0.486504
-0.504946
-0.523387
-0.541828
-0.56027
-0.578711
-0.597152
-0.615594
-0.634035
-0.652477
-0.670918
-0.68936
-0.707801
0.482094
0.470815
0.459536
0.448258
0.436979
0.4257
0.414422
0.403144
0.391865
0.380586
0.369307
0.358029
0.34675
0.335471
0.324193
0.312914
0.301636
0.290357
0.279078
0.2678
0.256521
0.245243
0.233964
0.222685
0.211407
0.200128
0.188849
0.177571
0.166292
0.155013
0.143735
0.132456
0.121178
0.109899
0.0986204
0.0873418
0.0760631
0.0647844
0.0535058
0.042227
0.0309482
0.0196697
0.008391
-0.00288775
-0.014166
-0.0254445
-0.0367233
-0.0480018
-0.0592805
-0.0705593
-0.0818378
-0.0931165
-0.104395
-0.115674
-0.126952
-0.138231
-0.149509
-0.160788
-0.172067
-0.183345
-0.194624
-0.205903
-0.217181
-0.22846
0.510213
0.506106
0.501999
0.497892
0.493784
0.489677
0.48557
0.481463
0.477356
0.473248
0.469141
0.465034
0.460927
0.45682
0.452712
0.448605
0.444498
0.44039
0.436283
0.432176
0.428069
0.423962
0.419855
0.415748
0.41164
0.407533
0.403426
0.399318
0.395211
0.391104
0.386997
0.38289
0.378783
0.374675
0.370568
0.366461
0.362354
0.358246
0.354139
0.350032
0.345925
0.341818
0.33771
0.333603
0.329496
0.325389
0.321282
0.317175
0.313067
0.30896
0.304853
0.300746
0.296639
0.292531
0.288424
0.284317
0.28021
0.276103
0.271995
0.267888
0.263781
0.259674
0.255566
0.251459
0.538299
0.541355
0.54441
0.547466
0.550521
0.553577
0.556632
0.559688
0.562743
0.565799
0.568855
0.57191
0.574966
0.578022
0.581077
0.584132
0.587188
0.590244
0.593299
0.596355
0.599411
0.602466
0.605522
0.608577
0.611633
0.614688
0.617744
0.620799
0.623855
0.626911
0.629966
0.633022
0.636077
0.639133
0.642189
0.645244
0.6483
0.651355
0.654411
0.657466
0.660522
0.663577
0.666633
0.669689
0.672744
0.6758
0.678856
0.681911
0.684967
0.688022
0.691078
0.694134
0.697189
0.700245
0.7033
0.706356
0.709412
0.712467
0.715522
0.718578
0.721634
0.724689
0.727745
0.730801
0.566283
0.576476
0.586668
0.59686
0.607053
0.617245
0.627438
0.63763
0.647823
0.658015
0.668208
0.6784
0.688593
0.698785
0.708978
0.71917
0.729363
0.739555
0.749747
0.75994
0.770133
0.780325
0.790518
0.80071
0.810902
0.821095
0.831287
0.84148
0.851672
0.861865
0.872057
0.88225
0.892442
0.902634
0.912828
0.923021
0.933213
0.943404
0.953595
0.963789
0.973983
0.984174
0.994366
1.00456
1.01475
1.02494
1.03514
1.04533
1.05552
1.06572
1.07591
1.0861
1.09629
1.10649
1.11668
1.12687
1.13706
1.14726
1.15745
1.16764
1.17783
1.18802
1.19822
1.20841
0.594098
0.611385
0.628671
0.645957
0.663243
0.68053
0.697816
0.715102
0.732389
0.749675
0.766961
0.784247
0.801534
0.81882
0.836106
0.853392
0.870679
0.887965
0.905251
0.922538
0.939824
0.95711
0.974396
0.991682
1.00897
1.02625
1.04354
1.06083
1.07811
1.0954
1.11268
1.12997
1.14726
1.16454
1.18183
1.19912
1.21641
1.23369
1.25098
1.26827
1.28555
1.30284
1.32012
1.33741
1.3547
1.37198
1.38927
1.40655
1.42384
1.44113
1.45841
1.4757
1.49299
1.51027
1.52756
1.54484
1.56213
1.57942
1.5967
1.61399
1.63127
1.64856
1.66585
1.68313
0.621678
0.645997
0.670318
0.694637
0.718957
0.743277
0.767597
0.791917
0.816237
0.840557
0.864877
0.889197
0.913517
0.937835
0.962154
0.986474
1.01079
1.03511
1.05944
1.08376
1.10808
1.1324
1.15672
1.18104
1.20535
1.22967
1.254
1.27832
1.30263
1.32695
1.35127
1.37559
1.39992
1.42423
1.44855
1.47287
1.49719
1.52152
1.54584
1.57015
1.59447
1.61879
1.64311
1.66743
1.69175
1.71608
1.7404
1.76472
1.78904
1.81336
1.83768
1.862
1.88632
1.91064
1.93496
1.95928
1.98359
2.00791
2.03223
2.05655
2.08087
2.10519
2.12951
2.15383
0.648955
0.680231
0.711507
0.742784
0.77406
0.805336
0.836613
0.867889
0.899166
0.930442
0.961719
0.992995
1.02427
1.05555
1.08682
1.1181
1.14937
1.18065
1.21193
1.24321
1.27448
1.30576
1.33704
1.36831
1.39959
1.43087
1.46214
1.49342
1.5247
1.55597
1.58725
1.61852
1.6498
1.68108
1.71235
1.74363
1.7749
1.80618
1.83746
1.86873
1.90001
1.93129
1.96256
1.99384
2.02512
2.05639
2.08767
2.11895
2.15022
2.1815
2.21278
2.24405
2.27533
2.30661
2.33788
2.36916
2.40043
2.43171
2.46299
2.49426
2.52554
2.55681
2.58809
2.61937
0.675863
0.714003
0.752141
0.79028
0.828419
0.866558
0.904697
0.942836
0.980975
1.01911
1.05725
1.09539
1.13353
1.17167
1.20981
1.24795
1.28609
1.32423
1.36237
1.40051
1.43865
1.47678
1.51492
1.55306
1.5912
1.62934
1.66748
1.70562
1.74376
1.7819
1.82003
1.85817
1.89631
1.93445
1.97259
2.01073
2.04887
2.08701
2.12515
2.16329
2.20143
2.23957
2.2777
2.31584
2.35398
2.39212
2.43026
2.4684
2.50654
2.54468
2.58282
2.62095
2.6591
2.69724
2.73537
2.77351
2.81165
2.84979
2.88793
2.92607
2.96421
3.00235
3.04048
3.07862
0.702339
0.74723
0.792121
0.837013
0.881904
0.926795
0.971688
1.01658
1.06147
1.10636
1.15125
1.19614
1.24103
1.28592
1.33082
1.37571
1.4206
1.46549
1.51038
1.55528
1.60017
1.64505
1.68995
1.73484
1.77973
1.82462
1.86951
1.9144
1.9593
2.00418
2.04907
2.09397
2.13886
2.18375
2.22864
2.27353
2.31843
2.36332
2.40821
2.4531
2.49799
2.54288
2.58777
2.63266
2.67756
2.72245
2.76734
2.81223
2.85712
2.90201
2.94691
2.9918
3.03669
3.08158
3.12647
3.17136
3.21625
3.26114
3.30603
3.35092
3.39582
3.44071
3.4856
3.53049
0.728318
0.779835
0.831352
0.882868
0.934385
0.985901
1.03742
1.08894
1.14045
1.19197
1.24349
1.295
1.34652
1.39803
1.44955
1.50107
1.55259
1.6041
1.65562
1.70714
1.75866
1.81017
1.86169
1.9132
1.96472
2.01624
2.06775
2.11927
2.17079
2.2223
2.27382
2.32534
2.37686
2.42837
2.47989
2.5314
2.58293
2.63444
2.68596
2.73747
2.78899
2.84051
2.89202
2.94354
2.99506
3.04658
3.09809
3.14961
3.20113
3.25264
3.30416
3.35567
3.40719
3.45871
3.51023
3.56174
3.61326
3.66478
3.7163
3.76781
3.81933
3.87084
3.92236
3.97388
0.753737
0.811737
0.869737
0.927737
0.985738
1.04374
1.10173
1.15973
1.21774
1.27574
1.33373
1.39173
1.44973
1.50773
1.56573
1.62373
1.68173
1.73973
1.79773
1.85573
1.91373
1.97173
2.02973
2.08773
2.14573
2.20373
2.26173
2.31973
2.37773
2.43573
2.49373
2.55173
2.60973
2.66773
2.72573
2.78373
2.84173
2.89973
2.95773
3.01573
3.07373
3.13173
3.18973
3.24772
3.30572
3.36373
3.42173
3.47973
3.53773
3.59572
3.65372
3.71172
3.76972
3.82772
3.88572
3.94372
4.00172
4.05972
4.11772
4.17572
4.23372
4.29172
4.34972
4.40772
0.778537
0.842861
0.907186
0.97151
1.03584
1.10016
1.16448
1.22881
1.29313
1.35746
1.42178
1.4861
1.55043
1.61475
1.67908
1.7434
1.80772
1.87205
1.93638
2.0007
2.06502
2.12935
2.19367
2.258
2.32232
2.38665
2.45097
2.51529
2.57962
2.64394
2.70827
2.77259
2.83692
2.90124
2.96557
3.02989
3.09422
3.15854
3.22286
3.28719
3.35151
3.41584
3.48016
3.54448
3.60881
3.67313
3.73746
3.80178
3.86611
3.93043
3.99476
4.05908
4.1234
4.18773
4.25205
4.31638
4.3807
4.44502
4.50935
4.57368
4.638
4.70232
4.76665
4.83097
0.802656
0.873131
0.943607
1.01408
1.08456
1.15503
1.22551
1.29598
1.36646
1.43694
1.50741
1.57789
1.64836
1.71884
1.78931
1.85979
1.93026
2.00074
2.07122
2.14169
2.21217
2.28264
2.35312
2.4236
2.49407
2.56455
2.63502
2.70549
2.77597
2.84645
2.91692
2.9874
3.05787
3.12835
3.19882
3.2693
3.33978
3.41025
3.48072
3.5512
3.62168
3.69215
3.76263
3.8331
3.90358
3.97405
4.04453
4.11501
4.18548
4.25596
4.32643
4.39691
4.46738
4.53786
4.60833
4.67881
4.74928
4.81976
4.89024
4.96071
5.03119
5.10166
5.17214
5.24261
0.826036
0.902475
0.978913
1.05535
1.13179
1.20823
1.28467
1.36111
1.43754
1.51398
1.59042
1.66686
1.7433
1.81973
1.89617
1.97261
2.04905
2.12549
2.20193
2.27837
2.3548
2.43124
2.50768
2.58412
2.66056
2.737
2.81343
2.88987
2.96631
3.04275
3.11919
3.19563
3.27206
3.3485
3.42494
3.50138
3.57782
3.65426
3.73069
3.80713
3.88357
3.96001
4.03645
4.11289
4.18933
4.26576
4.3422
4.41864
4.49508
4.57151
4.64795
4.72439
4.80083
4.87727
4.95371
5.03015
5.10659
5.18302
5.25946
5.3359
5.41234
5.48878
5.56521
5.64165
0.848623
0.930821
1.01302
1.09522
1.17741
1.25961
1.34181
1.42401
1.50621
1.58841
1.67061
1.75281
1.835
1.9172
1.9994
2.0816
2.1638
2.246
2.3282
2.4104
2.4926
2.57479
2.65699
2.73919
2.82139
2.90359
2.98578
3.06798
3.15018
3.23238
3.31458
3.39678
3.47897
3.56117
3.64337
3.72557
3.80777
3.88997
3.97217
4.05436
4.13656
4.21877
4.30096
4.38316
4.46536
4.54756
4.62976
4.71195
4.79415
4.87635
4.95855
5.04075
5.12295
5.20514
5.28734
5.36954
5.45174
5.53394
5.61614
5.69834
5.78053
5.86273
5.94493
6.02713
0.870359
0.958102
1.04584
1.13359
1.22133
1.30907
1.39681
1.48456
1.5723
1.66004
1.74778
1.83552
1.92326
2.011
2.09875
2.18649
2.27423
2.36198
2.44972
2.53746
2.6252
2.71294
2.80069
2.88843
2.97617
3.06391
3.15166
3.2394
3.32714
3.41488
3.50262
3.59036
3.67811
3.76585
3.85359
3.94133
4.02908
4.11682
4.20456
4.2923
4.38004
4.46779
4.55553
4.64327
4.73101
4.81875
4.9065
4.99424
5.08198
5.16972
5.25747
5.34521
5.43295
5.52069
5.60843
5.69617
5.78392
5.87166
5.9594
6.04715
6.13488
6.22263
6.31037
6.39812
0.891194
0.984251
1.0773
1.17036
1.26342
1.35647
1.44953
1.54259
1.63564
1.7287
1.82175
1.91481
2.00786
2.10092
2.19398
2.28703
2.38009
2.47315
2.5662
2.65925
2.75231
2.84537
2.93843
3.03148
3.12453
3.21759
3.31065
3.4037
3.49676
3.58981
3.68287
3.77592
3.86898
3.96204
4.05509
4.14815
4.2412
4.33426
4.42732
4.52037
4.61343
4.70648
4.79954
4.8926
4.98565
5.07871
5.17176
5.26482
5.35787
5.45093
5.54399
5.63704
5.7301
5.82316
5.91621
6.00926
6.10232
6.19538
6.28843
6.38149
6.47454
6.5676
6.66066
6.75371
0.911078
1.00921
1.10733
1.20546
1.30359
1.40171
1.49984
1.59797
1.69609
1.79422
1.89235
1.99048
2.0886
2.18673
2.28485
2.38298
2.48111
2.57923
2.67736
2.77549
2.87361
2.97174
3.06987
3.168
3.26612
3.36425
3.46238
3.5605
3.65863
3.75676
3.85488
3.95301
4.05114
4.14926
4.24739
4.34552
4.44365
4.54177
4.6399
4.73803
4.83615
4.93428
5.03241
5.13053
5.22866
5.32678
5.42491
5.52304
5.62116
5.71929
5.81742
5.91555
6.01367
6.1118
6.20993
6.30805
6.40618
6.50431
6.60243
6.70056
6.79869
6.89681
6.99494
7.09307
0.929962
1.03291
1.13585
1.23879
1.34173
1.44468
1.54762
1.65056
1.75351
1.85645
1.95939
2.06234
2.16528
2.26822
2.37116
2.47411
2.57705
2.67999
2.78293
2.88588
2.98882
3.09176
3.19471
3.29765
3.40059
3.50353
3.60648
3.70942
3.81236
3.91531
4.01825
4.12119
4.22414
4.32708
4.43002
4.53296
4.63591
4.73885
4.84179
4.94474
5.04768
5.15062
5.25356
5.35651
5.45945
5.56239
5.66533
5.76828
5.87122
5.97416
6.07711
6.18005
6.28299
6.38593
6.48888
6.59182
6.69476
6.79771
6.90065
7.00359
7.10653
7.20948
7.31242
7.41536
0.9478
1.05529
1.16279
1.27028
1.37777
1.48526
1.59275
1.70025
1.80774
1.91523
2.02272
2.13021
2.23771
2.3452
2.45269
2.56019
2.66768
2.77517
2.88266
2.99016
3.09765
3.20514
3.31263
3.42013
3.52762
3.63511
3.7426
3.8501
3.95759
4.06508
4.17258
4.28007
4.38756
4.49505
4.60254
4.71003
4.81753
4.92502
5.03251
5.14
5.2475
5.35499
5.46248
5.56998
5.67747
5.78496
5.89245
5.99994
6.10743
6.21493
6.32242
6.42991
6.53741
6.6449
6.75239
6.85988
6.96737
7.07487
7.18236
7.28985
7.39734
7.50484
7.61233
7.71982
0.96455
1.07631
1.18808
1.29984
1.41161
1.52337
1.63514
1.7469
1.85867
1.97043
2.08219
2.19396
2.30572
2.41749
2.52925
2.64102
2.75278
2.86455
2.97631
3.08808
3.19984
3.31161
3.42337
3.53513
3.6469
3.75866
3.87043
3.98219
4.09396
4.20572
4.31749
4.42925
4.54102
4.65278
4.76454
4.87631
4.98807
5.09984
5.2116
5.32337
5.43513
5.54689
5.65866
5.77042
5.88219
5.99395
6.10571
6.21748
6.32924
6.44101
6.55277
6.66454
6.7763
6.88807
6.99983
7.1116
7.22336
7.33512
7.44689
7.55865
7.67042
7.78218
7.89395
8.00571
0.980172
1.09592
1.21167
1.32742
1.44317
1.55891
1.67467
1.79042
1.90616
2.02191
2.13766
2.25341
2.36916
2.48491
2.60066
2.7164
2.83215
2.9479
3.06365
3.1794
3.29515
3.41089
3.52665
3.6424
3.75815
3.87389
3.98964
4.10539
4.22114
4.33689
4.45263
4.56839
4.68414
4.79988
4.91563
5.03138
5.14713
5.26288
5.37863
5.49437
5.61012
5.72587
5.84162
5.95737
6.07311
6.18886
6.30461
6.42036
6.53611
6.65186
6.76761
6.88335
6.9991
7.11485
7.2306
7.34635
7.4621
7.57785
7.6936
7.80935
7.9251
8.04085
8.1566
8.27234
0.994629
1.11406
1.2335
1.35294
1.47237
1.59181
1.71125
1.83068
1.95012
2.06955
2.18899
2.30842
2.42786
2.54729
2.66673
2.78616
2.9056
3.02503
3.14447
3.26391
3.38334
3.50277
3.62221
3.74165
3.86109
3.98052
4.09995
4.21939
4.33883
4.45826
4.5777
4.69713
4.81657
4.93601
5.05544
5.17487
5.29431
5.41374
5.53318
5.65262
5.77206
5.89149
6.01093
6.13036
6.2498
6.36923
6.48867
6.6081
6.72754
6.84698
6.96641
7.08584
7.20528
7.32472
7.44415
7.56359
7.68302
7.80246
7.9219
8.04133
8.16077
8.2802
8.39964
8.51907
1.00788
1.1307
1.25352
1.37633
1.49915
1.62197
1.74478
1.8676
1.99042
2.11323
2.23605
2.35886
2.48168
2.6045
2.72731
2.85013
2.97295
3.09576
3.21858
3.34139
3.46421
3.58702
3.70984
3.83266
3.95548
4.07829
4.20111
4.32392
4.44674
4.56956
4.69237
4.81519
4.938
5.06082
5.18364
5.30645
5.42927
5.55208
5.6749
5.79772
5.92053
6.04335
6.16617
6.28899
6.4118
6.53461
6.65743
6.78025
6.90306
7.02588
7.1487
7.27151
7.39433
7.51715
7.63996
7.76278
7.88559
8.00841
8.13122
8.25404
8.37686
8.49968
8.62249
8.74531
1.01991
1.14579
1.27167
1.39755
1.52344
1.64932
1.7752
1.90109
2.02697
2.15285
2.27873
2.40461
2.5305
2.65638
2.78226
2.90814
3.03403
3.15991
3.28579
3.41167
3.53756
3.66344
3.78932
3.91521
4.04109
4.16697
4.29285
4.41873
4.54461
4.6705
4.79638
4.92226
5.04815
5.17403
5.29991
5.42579
5.55167
5.67756
5.80344
5.92932
6.0552
6.18109
6.30697
6.43286
6.55874
6.68462
6.8105
6.93638
7.06226
7.18815
7.31403
7.43991
7.56579
7.69168
7.81756
7.94344
8.06932
8.1952
8.32109
8.44697
8.57286
8.69874
8.82462
8.9505
1.03067
1.1593
1.28793
1.41655
1.54518
1.67381
1.80243
1.93106
2.05968
2.18831
2.31694
2.44556
2.57419
2.70282
2.83144
2.96007
3.0887
3.21732
3.34595
3.47458
3.6032
3.73183
3.86046
3.98909
4.11771
4.24634
4.37496
4.50359
4.63222
4.76085
4.88947
5.0181
5.14673
5.27535
5.40398
5.53261
5.66123
5.78987
5.91849
6.04711
6.17574
6.30437
6.433
6.56162
6.69025
6.81888
6.9475
7.07613
7.20476
7.33338
7.46201
7.59064
7.71926
7.84789
7.97652
8.10514
8.23377
8.3624
8.49102
8.61965
8.74828
8.8769
9.00553
9.13416
1.04014
1.17119
1.30223
1.43327
1.56431
1.69536
1.8264
1.95744
2.08848
2.21953
2.35057
2.48162
2.61265
2.7437
2.87474
3.00579
3.13683
3.26787
3.39891
3.52996
3.661
3.79204
3.92308
4.05413
4.18517
4.31621
4.44726
4.5783
4.70934
4.84038
4.97143
5.10247
5.23352
5.36456
5.4956
5.62664
5.75769
5.88873
6.01977
6.15081
6.28186
6.4129
6.54394
6.67498
6.80603
6.93707
7.06811
7.19915
7.3302
7.46124
7.59229
7.72333
7.85437
7.98541
8.11646
8.2475
8.37854
8.50958
8.64063
8.77167
8.90271
9.03376
9.1648
9.29584
1.04831
1.18143
1.31455
1.44768
1.5808
1.71393
1.84705
1.98018
2.1133
2.24643
2.37955
2.51268
2.6458
2.77892
2.91205
3.04518
3.1783
3.31143
3.44455
3.57767
3.7108
3.84392
3.97705
4.11017
4.2433
4.37642
4.50955
4.64267
4.77579
4.90892
5.04204
5.17517
5.3083
5.44142
5.57454
5.70767
5.84079
5.97392
6.10704
6.24017
6.37329
6.50642
6.63954
6.77266
6.90579
7.03892
7.17204
7.30516
7.43829
7.57141
7.70454
7.83766
7.97078
8.10391
8.23704
8.37016
8.50329
8.63641
8.76953
8.90266
9.03578
9.16891
9.30203
9.43516
1.05514
1.19001
1.32487
1.45974
1.5946
1.72947
1.86434
1.99921
2.13408
2.26894
2.40381
2.53868
2.67354
2.80841
2.94328
3.07815
3.21301
3.34788
3.48275
3.61761
3.75248
3.88735
4.02222
4.15709
4.29195
4.42682
4.56168
4.69655
4.83142
4.96628
5.10115
5.23602
5.37089
5.50575
5.64062
5.77549
5.91036
6.04523
6.18009
6.31496
6.44983
6.58469
6.71956
6.85443
6.98929
7.12416
7.25903
7.3939
7.52876
7.66363
7.7985
7.93336
8.06823
8.2031
8.33797
8.47284
8.6077
8.74257
8.87743
9.0123
9.14717
9.28204
9.41691
9.55177
1.06063
1.19689
1.33316
1.46942
1.60569
1.74196
1.87822
2.01449
2.15075
2.28702
2.42329
2.55955
2.69582
2.83209
2.96835
3.10462
3.24088
3.37715
3.51342
3.64968
3.78595
3.92222
4.05848
4.19475
4.33102
4.46728
4.60355
4.73981
4.87608
5.01234
5.14861
5.28488
5.42114
5.55741
5.69368
5.82994
5.96621
6.10248
6.23874
6.37501
6.51128
6.64754
6.78381
6.92008
7.05634
7.19261
7.32887
7.46514
7.60141
7.73767
7.87394
8.0102
8.14647
8.28274
8.419
8.55527
8.69154
8.8278
8.96407
9.10034
9.2366
9.37287
9.50914
9.6454
1.06475
1.20207
1.33939
1.47671
1.61402
1.75135
1.88866
2.02598
2.1633
2.30062
2.43793
2.57525
2.71257
2.84989
2.98721
3.12453
3.26185
3.39917
3.53649
3.6738
3.81112
3.94844
4.08576
4.22308
4.3604
4.49772
4.63504
4.77235
4.90967
5.04699
5.18431
5.32163
5.45895
5.59626
5.73358
5.8709
6.00822
6.14554
6.28286
6.42018
6.55749
6.69481
6.83213
6.96945
7.10677
7.24409
7.38141
7.51872
7.65604
7.79336
7.93068
8.06799
8.20531
8.34263
8.47995
8.61727
8.75459
8.89191
9.02923
9.16655
9.30387
9.44119
9.57851
9.71582
1.06751
1.20553
1.34355
1.48157
1.61959
1.75761
1.89564
2.03366
2.17168
2.3097
2.44772
2.58574
2.72376
2.86178
2.99981
3.13783
3.27585
3.41387
3.5519
3.68992
3.82794
3.96596
4.10398
4.242
4.38002
4.51804
4.65606
4.79409
4.93211
5.07013
5.20815
5.34618
5.4842
5.62222
5.76024
5.89826
6.03628
6.1743
6.31232
6.45035
6.58837
6.72639
6.86441
7.00243
7.14046
7.27848
7.4165
7.55452
7.69254
7.83056
7.96858
8.1066
8.24463
8.38265
8.52067
8.65869
8.79671
8.93474
9.07276
9.21078
9.3488
9.48682
9.62485
9.76287
1.06888
1.20726
1.34563
1.48401
1.62238
1.76075
1.89913
2.0375
2.17587
2.31425
2.45262
2.591
2.72937
2.86774
3.00611
3.14448
3.28286
3.42124
3.55961
3.69798
3.83635
3.97473
4.1131
4.25148
4.38985
4.52822
4.66659
4.80497
4.94334
5.08172
5.22009
5.35847
5.49684
5.63521
5.77358
5.91196
6.05033
6.1887
6.32708
6.46545
6.60382
6.7422
6.88057
7.01895
7.15732
7.29569
7.43406
7.57244
7.71081
7.84919
7.98756
8.12593
8.26431
8.40268
8.54105
8.67943
8.8178
8.95618
9.09455
9.23292
9.37129
9.50967
9.64805
9.78642
