-0.00193
-0.00570377
-0.00947755
-0.0132513
-0.0170251
-0.0207988
-0.0245726
-0.0283464
-0.0321202
-0.0358939
-0.0396677
-0.0434415
-0.0472152
-0.0509891
-0.0547627
-0.0585365
-0.0623102
-0.066084
-0.0698578
-0.0736315
-0.0774055
-0.0811793
-0.084953
-0.0887267
-0.0925005
-0.0962742
-0.100048
-0.103822
-0.107595
-0.111369
-0.115143
-0.118917
-0.122691
-0.126464
-0.130238
-0.134012
-0.137786
-0.14156
-0.145333
-0.149107
-0.152881
-0.156654
-0.160428
-0.164202
-0.167976
-0.17175
-0.175523
-0.179297
-0.183071
-0.186845
-0.190619
-0.194392
-0.198166
-0.20194
-0.205714
-0.209487
-0.213261
-0.217035
-0.220809
-0.224583
-0.228356
-0.23213
-0.235904
-0.239677
-0.00587065
-0.0171815
-0.0284925
-0.0398033
-0.0511142
-0.0624251
-0.0737361
-0.0850469
-0.0963577
-0.107669
-0.11898
-0.13029
-0.141601
-0.152912
-0.164223
-0.175534
-0.186845
-0.198156
-0.209467
-0.220778
-0.232088
-0.243399
-0.25471
-0.266021
-0.277332
-0.288643
-0.299954
-0.311265
-0.322576
-0.333887
-0.345197
-0.356508
-0.367819
-0.37913
-0.390441
-0.401752
-0.413063
-0.424374
-0.435685
-0.446996
-0.458306
-0.469618
-0.480928
-0.492239
-0.50355
-0.514861
-0.526172
-0.537483
-0.548794
-0.560105
-0.571415
-0.582726
-0.594037
-0.605348
-0.616659
-0.62797
-0.639281
-0.650592
-0.661903
-0.673214
-0.684524
-0.695836
-0.707146
-0.718457
-0.00996719
-0.0287853
-0.0476035
-0.0664216
-0.0852397
-0.104058
-0.122876
-0.141694
-0.160512
-0.17933
-0.198149
-0.216966
-0.235784
-0.254603
-0.273421
-0.292239
-0.311057
-0.329875
-0.348694
-0.367512
-0.38633
-0.405148
-0.423966
-0.442784
-0.461602
-0.480421
-0.499239
-0.518057
-0.536875
-0.555693
-0.574511
-0.593329
-0.612148
-0.630966
-0.649784
-0.668602
-0.68742
-0.706239
-0.725057
-0.743875
-0.762693
-0.781511
-0.800329
-0.819147
-0.837965
-0.856784
-0.875603
-0.894421
-0.913238
-0.932055
-0.950875
-0.969694
-0.988511
-1.00733
-1.02615
-1.04497
-1.06378
-1.0826
-1.10142
-1.12024
-1.13906
-1.15788
-1.17669
-1.19551
-0.0142083
-0.0404857
-0.0667631
-0.0930405
-0.119318
-0.145595
-0.171873
-0.19815
-0.224428
-0.250705
-0.276982
-0.30326
-0.329537
-0.355815
-0.382092
-0.40837
-0.434647
-0.460924
-0.487202
-0.51348
-0.539757
-0.566035
-0.592312
-0.618589
-0.644867
-0.671144
-0.697422
-0.723699
-0.749977
-0.776254
-0.802531
-0.828809
-0.855086
-0.881363
-0.907641
-0.93392
-0.960195
-0.986472
-1.01275
-1.03903
-1.0653
-1.09158
-1.11786
-1.14414
-1.17041
-1.19669
-1.22297
-1.24925
-1.27553
-1.3018
-1.32808
-1.35436
-1.38063
-1.40691
-1.43319
-1.45947
-1.48575
-1.51202
-1.5383
-1.56458
-1.59086
-1.61713
-1.64341
-1.66969
-0.0185814
-0.0522523
-0.0859232
-0.119594
-0.153264
-0.186935
-0.220607
-0.254277
-0.287948
-0.321619
-0.35529
-0.388961
-0.422632
-0.456302
-0.489974
-0.523644
-0.557315
-0.590986
-0.624657
-0.658328
-0.691998
-0.72567
-0.75934
-0.79301
-0.826681
-0.860352
-0.894022
-0.927693
-0.961364
-0.995035
-1.02871
-1.06238
-1.09605
-1.12972
-1.16339
-1.19706
-1.23073
-1.2644
-1.29807
-1.33174
-1.36542
-1.39909
-1.43276
-1.46643
-1.5001
-1.53377
-1.56744
-1.60111
-1.63478
-1.66845
-1.70212
-1.73579
-1.76946
-1.80313
-1.8368
-1.87048
-1.90415
-1.93782
-1.97149
-2.00516
-2.03883
-2.0725
-2.10617
-2.13985
-0.0230732
-0.0640538
-0.105035
-0.146015
-0.186995
-0.227976
-0.268957
-0.309937
-0.350918
-0.391899
-0.432879
-0.47386
-0.51484
-0.555821
-0.596802
-0.637782
-0.678763
-0.719743
-0.760724
-0.801705
-0.842685
-0.883666
-0.924648
-0.965629
-1.00661
-1.04759
-1.08857
-1.12955
-1.17053
-1.21151
-1.25249
-1.29347
-1.33445
-1.37543
-1.41641
-1.45739
-1.49837
-1.53936
-1.58034
-1.62132
-1.6623
-1.70328
-1.74426
-1.78524
-1.82622
-1.8672
-1.90818
-1.94916
-1.99014
-2.03112
-2.0721
-2.11308
-2.15406
-2.19505
-2.23603
-2.27701
-2.31799
-2.35897
-2.39995
-2.44093
-2.48191
-2.52289
-2.56387
-2.60485
-0.0276692
-0.0758583
-0.124047
-0.172237
-0.220426
-0.268615
-0.316804
-0.364993
-0.413182
-0.461371
-0.509561
-0.55775
-0.605939
-0.654129
-0.702318
-0.750507
-0.798696
-0.846885
-0.895074
-0.943264
-0.991452
-1.03964
-1.08783
-1.13602
-1.18421
-1.2324
-1.28059
-1.32878
-1.37697
-1.42516
-1.47334
-1.52153
-1.56972
-1.61791
-1.6661
-1.71429
-1.76248
-1.81067
-1.85886
-1.90705
-1.95524
-2.00343
-2.05161
-2.0998
-2.14799
-2.19618
-2.24437
-2.29256
-2.34075
-2.38894
-2.43713
-2.48532
-2.53351
-2.5817
-2.62989
-2.67807
-2.72626
-2.77445
-2.82264
-2.87083
-2.91902
-2.96721
-3.0154
-3.06359
-0.0323544
-0.0876335
-0.142912
-0.198192
-0.253471
-0.30875
-0.36403
-0.419309
-0.474588
-0.529867
-0.585146
-0.640426
-0.695705
-0.750984
-0.806263
-0.861542
-0.916821
-0.972101
-1.02738
-1.08266
-1.13794
-1.19322
-1.2485
-1.30378
-1.35905
-1.41433
-1.46962
-1.5249
-1.58017
-1.63545
-1.69073
-1.74601
-1.80129
-1.85657
-1.91185
-1.96713
-2.0224
-2.07768
-2.13296
-2.18824
-2.24352
-2.2988
-2.35408
-2.40936
-2.46464
-2.51992
-2.5752
-2.63048
-2.68575
-2.74104
-2.79632
-2.8516
-2.90687
-2.96215
-3.01743
-3.07271
-3.12799
-3.18327
-3.23855
-3.29383
-3.34911
-3.40438
-3.45967
-3.51495
-0.0371128
-0.0993466
-0.16158
-0.223814
-0.286048
-0.348282
-0.410515
-0.472749
-0.534983
-0.597216
-0.65945
-0.721684
-0.783918
-0.846151
-0.908385
-0.970618
-1.03285
-1.09509
-1.15732
-1.21956
-1.28179
-1.34402
-1.40626
-1.46849
-1.53072
-1.59296
-1.65519
-1.71742
-1.77966
-1.84189
-1.90413
-1.96636
-2.02859
-2.09082
-2.15306
-2.2153
-2.27753
-2.33976
-2.402
-2.46423
-2.52646
-2.5887
-2.65093
-2.71316
-2.7754
-2.83763
-2.89986
-2.9621
-3.02433
-3.08657
-3.1488
-3.21104
-3.27327
-3.3355
-3.39773
-3.45997
-3.5222
-3.58443
-3.64667
-3.70891
-3.77114
-3.83337
-3.8956
-3.95784
-0.0419283
-0.110964
-0.180001
-0.249036
-0.318072
-0.387109
-0.456145
-0.525181
-0.594217
-0.663253
-0.732289
-0.801325
-0.870361
-0.939397
-1.00843
-1.07747
-1.1465
-1.21554
-1.28458
-1.35362
-1.42265
-1.49169
-1.56072
-1.62976
-1.69879
-1.76783
-1.83687
-1.9059
-1.97494
-2.04397
-2.11301
-2.18205
-2.25108
-2.32012
-2.38915
-2.45819
-2.52723
-2.59626
-2.6653
-2.73434
-2.80337
-2.87241
-2.94144
-3.01048
-3.07951
-3.14855
-3.21759
-3.28663
-3.35566
-3.4247
-3.49373
-3.56277
-3.63181
-3.70084
-3.76988
-3.83891
-3.90795
-3.97698
-4.04602
-4.11506
-4.18409
-4.25313
-4.32216
-4.3912
-0.046784
-0.122454
-0.198124
-0.273794
-0.349464
-0.425134
-0.500804
-0.576474
-0.652144
-0.727813
-0.803483
-0.879153
-0.954822
-1.03049
-1.10616
-1.18183
-1.2575
-1.33317
-1.40885
-1.48451
-1.56018
-1.63585
-1.71152
-1.78719
-1.86286
-1.93853
-2.0142
-2.08987
-2.16554
-2.24121
-2.31688
-2.39255
-2.46822
-2.54389
-2.61956
-2.69523
-2.7709
-2.84657
-2.92224
-2.99791
-3.07358
-3.14925
-3.22492
-3.30059
-3.37626
-3.45193
-3.5276
-3.60327
-3.67894
-3.75461
-3.83028
-3.90595
-3.98162
-4.05729
-4.13296
-4.20863
-4.2843
-4.35997
-4.43564
-4.51131
-4.58698
-4.66265
-4.73832
-4.81399
-0.0516628
-0.133782
-0.215902
-0.298021
-0.38014
-0.46226
-0.544379
-0.626498
-0.708618
-0.790737
-0.872856
-0.954976
-1.0371
-1.11921
-1.20133
-1.28345
-1.36557
-1.44769
-1.52981
-1.61193
-1.69405
-1.77617
-1.85829
-1.94041
-2.02253
-2.10465
-2.18677
-2.26889
-2.351
-2.43312
-2.51524
-2.59736
-2.67948
-2.7616
-2.84372
-2.92584
-3.00796
-3.09008
-3.1722
-3.25432
-3.33644
-3.41856
-3.50067
-3.5828
-3.66492
-3.74703
-3.82915
-3.91128
-3.99339
-4.07551
-4.15763
-4.23975
-4.32187
-4.40399
-4.48611
-4.56823
-4.65035
-4.73247
-4.81458
-4.89671
-4.97882
-5.06094
-5.14306
-5.22518
-0.0565474
-0.144916
-0.233285
-0.321654
-0.410023
-0.498392
-0.586761
-0.67513
-0.763499
-0.851868
-0.940237
-1.02861
-1.11697
-1.20534
-1.29371
-1.38208
-1.47045
-1.55882
-1.64719
-1.73556
-1.82393
-1.9123
-2.00067
-2.08903
-2.1774
-2.26577
-2.35414
-2.44251
-2.53088
-2.61924
-2.70762
-2.79599
-2.88436
-2.97272
-3.06109
-3.14946
-3.23783
-3.3262
-3.41457
-3.50293
-3.5913
-3.67967
-3.76805
-3.85641
-3.94478
-4.03315
-4.12152
-4.20989
-4.29826
-4.38662
-4.47499
-4.56336
-4.65173
-4.7401
-4.82847
-4.91684
-5.00521
-5.09358
-5.18195
-5.27032
-5.35868
-5.44705
-5.53542
-5.62379
-0.0614207
-0.155825
-0.250228
-0.344632
-0.439036
-0.533439
-0.627843
-0.722247
-0.81665
-0.911054
-1.00546
-1.09986
-1.19427
-1.28867
-1.38307
-1.47748
-1.57188
-1.66628
-1.76068
-1.85509
-1.9495
-2.0439
-2.1383
-2.2327
-2.32711
-2.42151
-2.51592
-2.61032
-2.70472
-2.79913
-2.89353
-2.98794
-3.08234
-3.17674
-3.27114
-3.36555
-3.45995
-3.55436
-3.64876
-3.74316
-3.83757
-3.93197
-4.02638
-4.12078
-4.21518
-4.30958
-4.40399
-4.4984
-4.5928
-4.6872
-4.78161
-4.87601
-4.97041
-5.06482
-5.15922
-5.25362
-5.34802
-5.44243
-5.53684
-5.63124
-5.72564
-5.82004
-5.91445
-6.00885
-0.066265
-0.166474
-0.266684
-0.366893
-0.467102
-0.567311
-0.66752
-0.767729
-0.867939
-0.968148
-1.06836
-1.16857
-1.26878
-1.36899
-1.46919
-1.5694
-1.66961
-1.76982
-1.87003
-1.97024
-2.07045
-2.17066
-2.27087
-2.37108
-2.47129
-2.57149
-2.6717
-2.77191
-2.87212
-2.97233
-3.07254
-3.17275
-3.27296
-3.37317
-3.47338
-3.57359
-3.6738
-3.77401
-3.87421
-3.97442
-4.07463
-4.17484
-4.27505
-4.37526
-4.47547
-4.57568
-4.67588
-4.7761
-4.8763
-4.97651
-5.07673
-5.17693
-5.27714
-5.37735
-5.47756
-5.57777
-5.67798
-5.77819
-5.8784
-5.97861
-6.07881
-6.17902
-6.27923
-6.37944
-0.0710634
-0.176835
-0.282606
-0.388378
-0.49415
-0.599921
-0.705692
-0.811464
-0.917235
-1.02301
-1.12878
-1.23455
-1.34032
-1.44609
-1.55186
-1.65764
-1.76341
-1.86918
-1.97495
-2.08072
-2.1865
-2.29226
-2.39804
-2.50381
-2.60958
-2.71535
-2.82112
-2.9269
-3.03267
-3.13844
-3.24421
-3.34998
-3.45575
-3.56152
-3.6673
-3.77307
-3.87884
-3.98461
-4.09038
-4.19615
-4.30192
-4.40769
-4.51346
-4.61924
-4.72501
-4.83078
-4.93655
-5.04232
-5.14809
-5.25386
-5.35964
-5.46541
-5.57118
-5.67695
-5.78272
-5.88849
-5.99426
-6.10004
-6.20581
-6.31158
-6.41735
-6.52312
-6.6289
-6.73467
-0.0757989
-0.186876
-0.297953
-0.409031
-0.520108
-0.631185
-0.742263
-0.85334
-0.964418
-1.0755
-1.18658
-1.29765
-1.40873
-1.5198
-1.63088
-1.74196
-1.85304
-1.96412
-2.07519
-2.18627
-2.29735
-2.40842
-2.5195
-2.63058
-2.74166
-2.85273
-2.96381
-3.07489
-3.18597
-3.29704
-3.40812
-3.5192
-3.63027
-3.74135
-3.85243
-3.9635
-4.07458
-4.18566
-4.29674
-4.40781
-4.51889
-4.62997
-4.74104
-4.85212
-4.9632
-5.07428
-5.18535
-5.29643
-5.40751
-5.51859
-5.62966
-5.74074
-5.85182
-5.96289
-6.07397
-6.18505
-6.29613
-6.4072
-6.51828
-6.62936
-6.74044
-6.85151
-6.96259
-7.07367
-0.0804544
-0.196568
-0.312682
-0.428796
-0.54491
-0.661024
-0.777138
-0.893252
-1.00937
-1.12548
-1.2416
-1.35771
-1.47382
-1.58994
-1.70605
-1.82216
-1.93828
-2.05439
-2.1705
-2.28662
-2.40273
-2.51884
-2.63496
-2.75107
-2.86719
-2.9833
-3.09942
-3.21553
-3.33164
-3.44776
-3.56387
-3.67998
-3.7961
-3.91221
-4.02833
-4.14444
-4.26055
-4.37667
-4.49278
-4.60889
-4.72501
-4.84113
-4.95724
-5.07335
-5.18947
-5.30558
-5.4217
-5.53781
-5.65392
-5.77004
-5.88615
-6.00226
-6.11838
-6.23449
-6.35061
-6.46672
-6.58283
-6.69895
-6.81507
-6.93117
-7.04729
-7.16341
-7.27952
-7.39563
-0.0850132
-0.205883
-0.326752
-0.447621
-0.56849
-0.68936
-0.810229
-0.931098
-1.05197
-1.17284
-1.29371
-1.41458
-1.53545
-1.65632
-1.77718
-1.89805
-2.01892
-2.13979
-2.26066
-2.38153
-2.5024
-2.62327
-2.74414
-2.86501
-2.98588
-3.10675
-3.22762
-3.34848
-3.46935
-3.59022
-3.71109
-3.83196
-3.95283
-4.0737
-4.19457
-4.31544
-4.43631
-4.55718
-4.67805
-4.79892
-4.91979
-5.04066
-5.16152
-5.28239
-5.40327
-5.52413
-5.645
-5.76587
-5.88674
-6.00761
-6.12848
-6.24935
-6.37022
-6.49109
-6.61196
-6.73283
-6.8537
-6.97456
-7.09543
-7.2163
-7.33717
-7.45804
-7.57891
-7.69978
-0.0894589
-0.214791
-0.340123
-0.465455
-0.590788
-0.716119
-0.841451
-0.966784
-1.09212
-1.21745
-1.34278
-1.46811
-1.59344
-1.71878
-1.84411
-1.96944
-2.09477
-2.2201
-2.34544
-2.47077
-2.5961
-2.72143
-2.84676
-2.9721
-3.09743
-3.22276
-3.34809
-3.47343
-3.59876
-3.72409
-3.84943
-3.97476
-4.10009
-4.22542
-4.35075
-4.47608
-4.60141
-4.72675
-4.85208
-4.97741
-5.10275
-5.22808
-5.3534
-5.47874
-5.60407
-5.72941
-5.85474
-5.98007
-6.1054
-6.23074
-6.35607
-6.4814
-6.60673
-6.73206
-6.85739
-6.98273
-7.10806
-7.23339
-7.35872
-7.48405
-7.60939
-7.73472
-7.86005
-7.98538
-0.0937756
-0.223267
-0.352759
-0.48225
-0.611742
-0.741234
-0.870725
-1.00022
-1.12971
-1.2592
-1.3887
-1.51818
-1.64767
-1.77717
-1.90666
-2.03615
-2.16564
-2.29513
-2.42462
-2.55412
-2.68361
-2.8131
-2.94259
-3.07208
-3.20157
-3.33106
-3.46056
-3.59005
-3.71954
-3.84904
-3.97853
-4.10802
-4.23751
-4.367
-4.49649
-4.62598
-4.75547
-4.88497
-5.01446
-5.14395
-5.27344
-5.40293
-5.53242
-5.66192
-5.79141
-5.9209
-6.05039
-6.17988
-6.30937
-6.43887
-6.56836
-6.69785
-6.82734
-6.95683
-7.08632
-7.21582
-7.34531
-7.4748
-7.60429
-7.73378
-7.86327
-7.99277
-8.12225
-8.25175
-0.0979474
-0.231285
-0.364623
-0.497961
-0.631299
-0.764637
-0.897975
-1.03131
-1.16465
-1.29799
-1.43133
-1.56466
-1.698
-1.83134
-1.96468
-2.09802
-2.23136
-2.36469
-2.49803
-2.63137
-2.76471
-2.89805
-3.03138
-3.16472
-3.29806
-3.43139
-3.56473
-3.69807
-3.83141
-3.96475
-4.09809
-4.23143
-4.36476
-4.4981
-4.63144
-4.76478
-4.89811
-5.03145
-5.16479
-5.29813
-5.43147
-5.5648
-5.69814
-5.83148
-5.96482
-6.09816
-6.23149
-6.36483
-6.49817
-6.63151
-6.76485
-6.89819
-7.03152
-7.16486
-7.2982
-7.43153
-7.56487
-7.69821
-7.83155
-7.96489
-8.09822
-8.23156
-8.3649
-8.49824
-0.101958
-0.23882
-0.375682
-0.512544
-0.649406
-0.786268
-0.92313
-1.05999
-1.19686
-1.33372
-1.47058
-1.60744
-1.7443
-1.88116
-2.01802
-2.15488
-2.29175
-2.42861
-2.56547
-2.70233
-2.8392
-2.97606
-3.11292
-3.24978
-3.38664
-3.52351
-3.66037
-3.79723
-3.93409
-4.07095
-4.20781
-4.34468
-4.48154
-4.6184
-4.75526
-4.89212
-5.02899
-5.16585
-5.30271
-5.43957
-5.57644
-5.71329
-5.85015
-5.98702
-6.12388
-6.26075
-6.39761
-6.53447
-6.67132
-6.80819
-6.94505
-7.08192
-7.21878
-7.35564
-7.4925
-7.62936
-7.76622
-7.90309
-8.03995
-8.17681
-8.31367
-8.45053
-8.58739
-8.72426
-0.105793
-0.245848
-0.385903
-0.525958
-0.666013
-0.806068
-0.946125
-1.08618
-1.22623
-1.36629
-1.50634
-1.6464
-1.78645
-1.92651
-2.06656
-2.20662
-2.34667
-2.48673
-2.62678
-2.76684
-2.9069
-3.04695
-3.187
-3.32706
-3.46711
-3.60717
-3.74722
-3.88728
-4.02733
-4.16739
-4.30744
-4.4475
-4.58755
-4.72761
-4.86766
-5.00772
-5.14777
-5.28783
-5.42788
-5.56794
-5.70799
-5.84805
-5.9881
-6.12816
-6.26821
-6.40827
-6.54832
-6.68838
-6.82843
-6.96849
-7.10854
-7.2486
-7.38865
-7.52871
-7.66877
-7.80882
-7.94887
-8.08893
-8.22898
-8.36904
-8.50909
-8.64915
-8.7892
-8.92926
-0.109436
-0.252346
-0.395256
-0.538165
-0.681075
-0.823985
-0.966895
-1.1098
-1.25271
-1.39562
-1.53853
-1.68144
-1.82435
-1.96726
-2.11017
-2.25309
-2.39599
-2.5389
-2.68181
-2.82472
-2.96763
-3.11054
-3.25345
-3.39636
-3.53927
-3.68218
-3.82509
-3.968
-4.11091
-4.25382
-4.39673
-4.53963
-4.68255
-4.82546
-4.96837
-5.11128
-5.25418
-5.39709
-5.54001
-5.68292
-5.82583
-5.96873
-6.11164
-6.25455
-6.39746
-6.54037
-6.68328
-6.8262
-6.96911
-7.11201
-7.25492
-7.39783
-7.54075
-7.68366
-7.82656
-7.96947
-8.11238
-8.25529
-8.3982
-8.54111
-8.68402
-8.82693
-8.96984
-9.11275
-0.112873
-0.258292
-0.403711
-0.549131
-0.69455
-0.839969
-0.985387
-1.13081
-1.27623
-1.42165
-1.56707
-1.71248
-1.8579
-2.00332
-2.14874
-2.29417
-2.43958
-2.585
-2.73042
-2.87584
-3.02126
-3.16668
-3.3121
-3.45752
-3.60294
-3.74835
-3.89377
-4.03919
-4.18462
-4.33003
-4.47545
-4.62087
-4.76629
-4.91171
-5.05713
-5.20255
-5.34797
-5.49338
-5.63881
-5.78423
-5.92965
-6.07507
-6.22048
-6.3659
-6.51132
-6.65674
-6.80216
-6.94758
-7.093
-7.23842
-7.38383
-7.52926
-7.67468
-7.8201
-7.96552
-8.11094
-8.25635
-8.40177
-8.54719
-8.69261
-8.83803
-8.98345
-9.12887
-9.27429
-0.116087
-0.263665
-0.411243
-0.558821
-0.706398
-0.853976
-1.00155
-1.14913
-1.29671
-1.44429
-1.59187
-1.73945
-1.88702
-2.0346
-2.18218
-2.32976
-2.47733
-2.62491
-2.77249
-2.92006
-3.06764
-3.21522
-3.3628
-3.51038
-3.65795
-3.80554
-3.95311
-4.10068
-4.24827
-4.39584
-4.54342
-4.691
-4.83858
-4.98615
-5.13373
-5.28131
-5.42889
-5.57647
-5.72405
-5.87162
-6.0192
-6.16677
-6.31435
-6.46193
-6.60951
-6.75709
-6.90467
-7.05224
-7.19982
-7.3474
-7.49497
-7.64255
-7.79014
-7.93771
-8.08529
-8.23286
-8.38044
-8.52802
-8.6756
-8.82318
-8.97076
-9.11833
-9.26591
-9.41349
-0.119064
-0.268445
-0.417825
-0.567205
-0.716585
-0.865965
-1.01535
-1.16473
-1.31411
-1.46349
-1.61287
-1.76225
-1.91163
-2.06101
-2.21039
-2.35976
-2.50915
-2.65853
-2.80791
-2.95729
-3.10667
-3.25605
-3.40543
-3.5548
-3.70419
-3.85357
-4.00295
-4.15233
-4.30171
-4.45108
-4.60047
-4.74985
-4.89923
-5.04861
-5.19798
-5.34737
-5.49675
-5.64613
-5.79551
-5.94489
-6.09427
-6.24364
-6.39303
-6.54241
-6.69179
-6.84117
-6.99055
-7.13993
-7.2893
-7.43869
-7.58807
-7.73745
-7.88683
-8.03621
-8.18559
-8.33497
-8.48435
-8.63373
-8.78311
-8.93249
-9.08187
-9.23125
-9.38063
-9.53001
-0.12179
-0.272612
-0.423434
-0.574256
-0.725078
-0.8759
-1.02672
-1.17755
-1.32836
-1.47919
-1.63001
-1.78083
-1.93165
-2.08248
-2.2333
-2.38412
-2.53494
-2.68576
-2.83659
-2.98741
-3.13823
-3.28905
-3.43987
-3.5907
-3.74152
-3.89234
-4.04316
-4.19398
-4.34481
-4.49562
-4.64645
-4.79727
-4.94809
-5.09891
-5.24973
-5.40056
-5.55138
-5.7022
-5.85302
-6.00385
-6.15467
-6.30549
-6.45631
-6.60714
-6.75796
-6.90878
-7.0596
-7.21042
-7.36124
-7.51207
-7.66289
-7.81371
-7.96453
-8.11536
-8.26618
-8.417
-8.56782
-8.71864
-8.86947
-9.02028
-9.1711
-9.32193
-9.47275
-9.62357
-0.124249
-0.276149
-0.428049
-0.579949
-0.73185
-0.88375
-1.03565
-1.18755
-1.33945
-1.49135
-1.64325
-1.79515
-1.94705
-2.09895
-2.25085
-2.40275
-2.55465
-2.70655
-2.85845
-3.01035
-3.16225
-3.31415
-3.46605
-3.61795
-3.76985
-3.92175
-4.07365
-4.22555
-4.37745
-4.52935
-4.68125
-4.83315
-4.98505
-5.13695
-5.28885
-5.44075
-5.59266
-5.74455
-5.89645
-6.04835
-6.20025
-6.35215
-6.50405
-6.65595
-6.80785
-6.95976
-7.11165
-7.26355
-7.41545
-7.56735
-7.71925
-7.87115
-8.02305
-8.17495
-8.32686
-8.47876
-8.63065
-8.78255
-8.93446
-9.08635
-9.23825
-9.39015
-9.54205
-9.69395
-0.126427
-0.279039
-0.431651
-0.584263
-0.736875
-0.889487
-1.0421
-1.19471
-1.34732
-1.49994
-1.65255
-1.80516
-1.95777
-2.11039
-2.263
-2.41561
-2.56822
-2.72083
-2.87345
-3.02606
-3.17866
-3.33128
-3.48389
-3.6365
-3.78911
-3.94173
-4.09434
-4.24695
-4.39956
-4.55217
-4.70479
-4.8574
-5.01001
-5.16262
-5.31523
-5.46785
-5.62046
-5.77307
-5.92568
-6.07829
-6.23091
-6.38352
-6.53613
-6.68874
-6.84136
-6.99397
-7.14658
-7.29919
-7.4518
-7.60441
-7.75703
-7.90964
-8.06225
-8.21486
-8.36748
-8.52009
-8.6727
-8.82531
-8.97792
-9.13053
-9.28314
-9.43576
-9.58837
-9.74098
-0.128309
-0.281265
-0.434221
-0.587177
-0.740133
-0.89309
-1.04605
-1.199
-1.35195
-1.50491
-1.65787
-1.81082
-1.96378
-2.11674
-2.2697
-2.42265
-2.5756
-2.72856
-2.88152
-3.03448
-3.18743
-3.34039
-3.49334
-3.6463
-3.79926
-3.95221
-4.10517
-4.25812
-4.41108
-4.56403
-4.71699
-4.86995
-5.0229
-5.17586
-5.32881
-5.48177
-5.63473
-5.78769
-5.94064
-6.09359
-6.24655
-6.39951
-6.55246
-6.70542
-6.85838
-7.01133
-7.16429
-7.31724
-7.4702
-7.62316
-7.77612
-7.92907
-8.08203
-8.23498
-8.38794
-8.54089
-8.69385
-8.84681
-8.99976
-9.15272
-9.30568
-9.45863
-9.61159
-9.76454
-0.129881
-0.282813
-0.435744
-0.588676
-0.741609
-0.89454
-1.04747
-1.2004
-1.35333
-1.50627
-1.6592
-1.81213
-1.96506
-2.11799
-2.27093
-2.42386
-2.57679
-2.72972
-2.88266
-3.03558
-3.18852
-3.34145
-3.49438
-3.64731
-3.80024
-3.95318
-4.1061
-4.25904
-4.41197
-4.5649
-4.71783
-4.87076
-5.0237
-5.17663
-5.32956
-5.48249
-5.63542
-5.78836
-5.94129
-6.09422
-6.24715
-6.40008
-6.55301
-6.70595
-6.85888
-7.01181
-7.16474
-7.31767
-7.47061
-7.62354
-7.77647
-7.9294
-8.08233
-8.23526
-8.38819
-8.54113
-8.69406
-8.84699
-8.99992
-9.15285
-9.30579
-9.45872
-9.61165
-9.76458
-0.13113
-0.283669
-0.436208
-0.588748
-0.741287
-0.893826
-1.04637
-1.1989
-1.35144
-1.50398
-1.65652
-1.80906
-1.9616
-2.11414
-2.26668
-2.41922
-2.57175
-2.7243
-2.87683
-3.02937
-3.18191
-3.33445
-3.48699
-3.63953
-3.79207
-3.94461
-4.09715
-4.24969
-4.40223
-4.55476
-4.7073
-4.85984
-5.01238
-5.16492
-5.31746
-5.47
-5.62254
-5.77508
-5.92762
-6.08016
-6.23269
-6.38523
-6.53777
-6.69031
-6.84285
-6.99539
-7.14793
-7.30047
-7.45301
-7.60555
-7.75809
-7.91062
-8.06316
-8.2157
-8.36824
-8.52078
-8.67332
-8.82586
-8.97839
-9.13093
-9.28348
-9.43602
-9.58856
-9.74109
-0.132043
-0.283822
-0.435601
-0.587381
-0.73916
-0.89094
-1.04272
-1.1945
-1.34628
-1.49805
-1.64984
-1.80162
-1.9534
-2.10518
-2.25696
-2.40873
-2.56051
-2.71229
-2.86407
-3.01585
-3.16763
-3.31941
-3.47119
-3.62297
-3.77475
-3.92652
-4.0783
-4.23008
-4.38187
-4.53364
-4.68542
-4.8372
-4.98898
-5.14076
-5.29254
-5.44432
-5.5961
-5.74788
-5.89966
-6.05143
-6.20321
-6.355
-6.50678
-6.65855
-6.81033
-6.96211
-7.11389
-7.26567
-7.41745
-7.56923
-7.72101
-7.87279
-8.02457
-8.17634
-8.32812
-8.4799
-8.63168
-8.78346
-8.93524
-9.08702
-9.2388
-9.39058
-9.54236
-9.69414
-0.132606
-0.283261
-0.433915
-0.58457
-0.735224
-0.885878
-1.03653
-1.18719
-1.33784
-1.4885
-1.63915
-1.78981
-1.94046
-2.09111
-2.24177
-2.39242
-2.54307
-2.69373
-2.84439
-2.99504
-3.1457
-3.29635
-3.447
-3.59766
-3.74831
-3.89896
-4.04962
-4.20027
-4.35093
-4.50158
-4.65224
-4.80289
-4.95355
-5.1042
-5.25486
-5.40551
-5.55616
-5.70682
-5.85747
-6.00812
-6.15878
-6.30944
-6.46009
-6.61075
-6.7614
-6.91205
-7.06271
-7.21336
-7.36401
-7.51467
-7.66532
-7.81598
-7.96663
-8.11729
-8.26794
-8.4186
-8.56925
-8.7199
-8.87056
-9.02121
-9.17187
-9.32252
-9.47317
-9.62383
-0.13281
-0.281977
-0.431144
-0.580311
-0.729479
-0.878645
-1.02781
-1.17698
-1.32615
-1.47532
-1.62448
-1.77365
-1.92282
-2.07198
-2.22115
-2.37031
-2.51948
-2.66865
-2.81782
-2.96699
-3.11615
-3.26532
-3.41449
-3.56365
-3.71282
-3.86199
-4.01115
-4.16032
-4.30949
-4.45865
-4.60782
-4.75699
-4.90616
-5.05532
-5.20449
-5.35366
-5.50282
-5.65199
-5.80116
-5.95032
-6.09949
-6.24866
-6.39783
-6.54699
-6.69616
-6.84533
-6.9945
-7.14366
-7.29283
-7.44199
-7.59116
-7.74033
-7.8895
-8.03867
-8.18783
-8.337
-8.48617
-8.63533
-8.7845
-8.93367
-9.08283
-9.232
-9.38117
-9.53033
-0.132642
-0.279964
-0.427285
-0.574606
-0.721928
-0.869249
-1.01657
-1.16389
-1.31121
-1.45853
-1.60586
-1.75317
-1.9005
-2.04782
-2.19514
-2.34246
-2.48978
-2.6371
-2.78443
-2.93175
-3.07907
-3.22639
-3.37371
-3.52103
-3.66835
-3.81567
-3.96299
-4.11032
-4.25764
-4.40496
-4.55228
-4.6996
-4.84692
-4.99424
-5.14156
-5.28888
-5.43621
-5.58353
-5.73085
-5.87817
-6.02549
-6.17281
-6.32013
-6.46745
-6.61478
-6.76209
-6.90942
-7.05674
-7.20406
-7.35138
-7.49871
-7.64602
-7.79335
-7.94067
-8.08799
-8.23531
-8.38263
-8.52995
-8.67727
-8.82459
-8.97192
-9.11924
-9.26656
-9.41388
-0.132095
-0.277216
-0.422337
-0.567459
-0.71258
-0.857702
-1.00282
-1.14794
-1.29307
-1.43819
-1.58331
-1.72843
-1.87355
-2.01868
-2.1638
-2.30892
-2.45404
-2.59916
-2.74428
-2.8894
-3.03452
-3.17965
-3.32477
-3.46989
-3.61501
-3.76013
-3.90525
-4.05037
-4.1955
-4.34062
-4.48574
-4.63086
-4.77598
-4.9211
-5.06622
-5.21134
-5.35647
-5.50159
-5.64671
-5.79183
-5.93695
-6.08207
-6.2272
-6.37232
-6.51743
-6.66256
-6.80768
-6.9528
-7.09792
-7.24305
-7.38817
-7.53329
-7.67841
-7.82353
-7.96866
-8.11378
-8.25889
-8.40402
-8.54914
-8.69426
-8.83938
-8.9845
-9.12962
-9.27474
-0.131159
-0.273732
-0.416305
-0.558879
-0.701452
-0.844025
-0.986598
-1.12917
-1.27174
-1.41431
-1.55689
-1.69947
-1.84204
-1.98461
-2.12718
-2.26976
-2.41233
-2.5549
-2.69748
-2.84005
-2.98262
-3.1252
-3.26777
-3.41034
-3.55291
-3.69548
-3.83806
-3.98063
-4.1232
-4.26578
-4.40835
-4.55093
-4.6935
-4.83607
-4.97864
-5.12122
-5.26379
-5.40636
-5.54894
-5.69151
-5.83408
-5.97666
-6.11923
-6.26181
-6.40437
-6.54695
-6.68952
-6.8321
-6.97467
-7.11724
-7.25981
-7.40239
-7.54496
-7.68753
-7.83011
-7.97268
-8.11525
-8.25783
-8.4004
-8.54297
-8.68554
-8.82812
-8.97069
-9.11327
-0.12983
-0.269512
-0.409194
-0.548877
-0.68856
-0.828242
-0.967927
-1.10761
-1.24729
-1.38697
-1.52665
-1.66634
-1.80602
-1.9457
-2.08538
-2.22507
-2.36475
-2.50443
-2.64412
-2.7838
-2.92348
-3.06316
-3.20284
-3.34253
-3.48221
-3.62189
-3.76157
-3.90126
-4.04094
-4.18062
-4.3203
-4.45999
-4.59967
-4.73935
-4.87903
-5.01872
-5.1584
-5.29808
-5.43777
-5.57745
-5.71713
-5.85681
-5.9965
-6.13618
-6.27586
-6.41554
-6.55523
-6.69491
-6.83459
-6.97427
-7.11396
-7.25364
-7.39332
-7.533
-7.67269
-7.81237
-7.95205
-8.09173
-8.23142
-8.3711
-8.51078
-8.65046
-8.79014
-8.92983
-0.128101
-0.264558
-0.401014
-0.537471
-0.673928
-0.810385
-0.946842
-1.0833
-1.21975
-1.35621
-1.49267
-1.62913
-1.76558
-1.90204
-2.0385
-2.17495
-2.31141
-2.44786
-2.58432
-2.72078
-2.85724
-2.99369
-3.13015
-3.26661
-3.40306
-3.53952
-3.67597
-3.81243
-3.94889
-4.08535
-4.2218
-4.35826
-4.49472
-4.63117
-4.76763
-4.90409
-5.04054
-5.177
-5.31345
-5.44992
-5.58637
-5.72283
-5.85928
-5.99574
-6.1322
-6.26865
-6.40511
-6.54157
-6.67802
-6.81448
-6.95094
-7.0874
-7.22385
-7.36031
-7.49677
-7.63322
-7.76968
-7.90613
-8.04259
-8.17905
-8.31551
-8.45196
-8.58842
-8.72488
-0.125971
-0.258875
-0.391778
-0.524682
-0.657586
-0.79049
-0.923393
-1.05629
-1.1892
-1.32211
-1.45501
-1.58791
-1.72082
-1.85372
-1.98662
-2.11953
-2.25243
-2.38533
-2.51824
-2.65114
-2.78405
-2.91695
-3.04985
-3.18275
-3.31566
-3.44856
-3.58146
-3.71437
-3.84728
-3.98018
-4.11308
-4.24599
-4.37889
-4.51179
-4.6447
-4.7776
-4.9105
-5.0434
-5.17631
-5.30922
-5.44212
-5.57502
-5.70793
-5.84083
-5.97373
-6.10663
-6.23954
-6.37244
-6.50534
-6.63825
-6.77116
-6.90406
-7.03696
-7.16987
-7.30277
-7.43567
-7.56858
-7.70148
-7.83438
-7.96729
-8.10019
-8.2331
-8.366
-8.4989
-0.123439
-0.252471
-0.381503
-0.510535
-0.639567
-0.768599
-0.897631
-1.02666
-1.15569
-1.28473
-1.41376
-1.54279
-1.67182
-1.80085
-1.92989
-2.05892
-2.18795
-2.31698
-2.44602
-2.57505
-2.70408
-2.83311
-2.96214
-3.09118
-3.22021
-3.34924
-3.47827
-3.6073
-3.73634
-3.86537
-3.9944
-4.12343
-4.25246
-4.38149
-4.51052
-4.63956
-4.76859
-4.89762
-5.02665
-5.15569
-5.28472
-5.41375
-5.54278
-5.67181
-5.80084
-5.92988
-6.05891
-6.18794
-6.31697
-6.446
-6.57504
-6.70407
-6.8331
-6.96214
-7.09116
-7.2202
-7.34923
-7.47826
-7.60729
-7.73632
-7.86536
-7.99439
-8.12342
-8.25245
-0.120506
-0.245357
-0.370208
-0.495059
-0.61991
-0.744761
-0.869612
-0.994461
-1.11931
-1.24417
-1.36902
-1.49387
-1.61872
-1.74357
-1.86842
-1.99327
-2.11812
-2.24297
-2.36783
-2.49268
-2.61753
-2.74238
-2.86723
-2.99208
-3.11693
-3.24178
-3.36663
-3.49148
-3.61633
-3.74119
-3.86604
-3.99089
-4.11574
-4.24059
-4.36544
-4.49029
-4.61514
-4.73999
-4.86485
-4.9897
-5.11455
-5.2394
-5.36425
-5.4891
-5.61395
-5.7388
-5.86365
-5.98851
-6.11336
-6.23821
-6.36305
-6.48791
-6.61276
-6.73761
-6.86246
-6.98731
-7.11216
-7.23702
-7.36186
-7.48671
-7.61157
-7.73642
-7.86127
-7.98612
-0.117177
-0.237548
-0.357918
-0.478289
-0.59866
-0.719031
-0.839402
-0.959771
-1.08014
-1.20052
-1.32089
-1.44126
-1.56163
-1.682
-1.80237
-1.92274
-2.04311
-2.16348
-2.28386
-2.40423
-2.5246
-2.64497
-2.76534
-2.8857
-3.00608
-3.12645
-3.24682
-3.36719
-3.48756
-3.60794
-3.72831
-3.84868
-3.96905
-4.08942
-4.20979
-4.33016
-4.45053
-4.5709
-4.69127
-4.81164
-4.93201
-5.05238
-5.17276
-5.29313
-5.4135
-5.53387
-5.65424
-5.77461
-5.89498
-6.01535
-6.13572
-6.25609
-6.37646
-6.49683
-6.61721
-6.73758
-6.85795
-6.97832
-7.09869
-7.21906
-7.33943
-7.4598
-7.58017
-7.70054
-0.113456
-0.229058
-0.34466
-0.460263
-0.575866
-0.691468
-0.807071
-0.922672
-1.03827
-1.15388
-1.26948
-1.38509
-1.50069
-1.61629
-1.73189
-1.8475
-1.9631
-2.0787
-2.1943
-2.3099
-2.42551
-2.54111
-2.65671
-2.77231
-2.88792
-3.00352
-3.11912
-3.23472
-3.35033
-3.46593
-3.58153
-3.69713
-3.81274
-3.92834
-4.04394
-4.15954
-4.27515
-4.39075
-4.50635
-4.62195
-4.73756
-4.85316
-4.96877
-5.08437
-5.19997
-5.31557
-5.43117
-5.54677
-5.66238
-5.77798
-5.89358
-6.00919
-6.12479
-6.24039
-6.35599
-6.4716
-6.5872
-6.7028
-6.8184
-6.93401
-7.04961
-7.16521
-7.28081
-7.39642
-0.109351
-0.219908
-0.330466
-0.441023
-0.551581
-0.662138
-0.772695
-0.883253
-0.993808
-1.10437
-1.21493
-1.32549
-1.43604
-1.5466
-1.65716
-1.76771
-1.87827
-1.98882
-2.09938
-2.20994
-2.3205
-2.43106
-2.54161
-2.65217
-2.76273
-2.87328
-2.98384
-3.0944
-3.20496
-3.31551
-3.42607
-3.53663
-3.64719
-3.75775
-3.8683
-3.97886
-4.08942
-4.19998
-4.31053
-4.42109
-4.53165
-4.6422
-4.75276
-4.86332
-4.97388
-5.08443
-5.19499
-5.30555
-5.41611
-5.52666
-5.63722
-5.74778
-5.85834
-5.96889
-6.07945
-6.19001
-6.30057
-6.41112
-6.52168
-6.63224
-6.7428
-6.85335
-6.96391
-7.07447
-0.104873
-0.21012
-0.315368
-0.420616
-0.525864
-0.631111
-0.736359
-0.841606
-0.946853
-1.0521
-1.15735
-1.2626
-1.36784
-1.47309
-1.57834
-1.68359
-1.78883
-1.89408
-1.99933
-2.10458
-2.20982
-2.31507
-2.42032
-2.52556
-2.63081
-2.73606
-2.84131
-2.94656
-3.0518
-3.15705
-3.2623
-3.36755
-3.4728
-3.57804
-3.68329
-3.78854
-3.89379
-3.99904
-4.10428
-4.20953
-4.31477
-4.42002
-4.52527
-4.63052
-4.73576
-4.84101
-4.94626
-5.05151
-5.15676
-5.262
-5.36725
-5.4725
-5.57775
-5.683
-5.78824
-5.89349
-5.99874
-6.10399
-6.20923
-6.31448
-6.41973
-6.52498
-6.63023
-6.73547
-0.100034
-0.199719
-0.299406
-0.399092
-0.498777
-0.598463
-0.69815
-0.797836
-0.897521
-0.997207
-1.0969
-1.19658
-1.29627
-1.39595
-1.49564
-1.59532
-1.69501
-1.79469
-1.89438
-1.99407
-2.09375
-2.19344
-2.29313
-2.39281
-2.4925
-2.59218
-2.69187
-2.79155
-2.89124
-2.99093
-3.09061
-3.1903
-3.28999
-3.38967
-3.48936
-3.58904
-3.68873
-3.78842
-3.8881
-3.98778
-4.08747
-4.18716
-4.28684
-4.38653
-4.48621
-4.5859
-4.68559
-4.78527
-4.88496
-4.98464
-5.08433
-5.18402
-5.2837
-5.38339
-5.48308
-5.58276
-5.68245
-5.78213
-5.88182
-5.9815
-6.08119
-6.18088
-6.28056
-6.38025
-0.0948471
-0.188733
-0.282619
-0.376505
-0.47039
-0.564276
-0.658162
-0.752048
-0.845934
-0.939819
-1.03371
-1.12759
-1.22148
-1.31536
-1.40925
-1.50313
-1.59702
-1.6909
-1.78479
-1.87868
-1.97256
-2.06645
-2.16034
-2.25422
-2.34811
-2.44199
-2.53588
-2.62976
-2.72365
-2.81753
-2.91142
-3.0053
-3.09919
-3.19308
-3.28697
-3.38085
-3.47473
-3.56862
-3.66251
-3.75639
-3.85028
-3.94416
-4.03805
-4.13194
-4.22582
-4.31971
-4.41359
-4.50748
-4.60136
-4.69525
-4.78914
-4.88302
-4.97691
-5.07079
-5.16468
-5.25856
-5.35245
-5.44634
-5.54022
-5.63411
-5.72799
-5.82188
-5.91576
-6.00965
-0.0893285
-0.177189
-0.265051
-0.352912
-0.440773
-0.528634
-0.616495
-0.704356
-0.792217
-0.880078
-0.967939
-1.0558
-1.14366
-1.23152
-1.31938
-1.40724
-1.4951
-1.58296
-1.67083
-1.75869
-1.84655
-1.93441
-2.02227
-2.11013
-2.19799
-2.28585
-2.37371
-2.46157
-2.54944
-2.6373
-2.72516
-2.81302
-2.90088
-2.98874
-3.07661
-3.16447
-3.25232
-3.34018
-3.42805
-3.51591
-3.60377
-3.69163
-3.77949
-3.86735
-3.95521
-4.04307
-4.13094
-4.2188
-4.30666
-4.39452
-4.48238
-4.57024
-4.6581
-4.74596
-4.83382
-4.92168
-5.00955
-5.09741
-5.18527
-5.27313
-5.36099
-5.44885
-5.53671
-5.62457
-0.083495
-0.165121
-0.246748
-0.328374
-0.41
-0.491626
-0.573252
-0.654878
-0.736505
-0.81813
-0.899756
-0.981382
-1.06301
-1.14464
-1.22626
-1.30789
-1.38951
-1.47114
-1.55277
-1.63439
-1.71602
-1.79764
-1.87927
-1.9609
-2.04252
-2.12415
-2.20578
-2.2874
-2.36903
-2.45065
-2.53228
-2.6139
-2.69553
-2.77716
-2.85878
-2.94041
-3.02204
-3.10366
-3.18529
-3.26691
-3.34854
-3.43017
-3.51179
-3.59342
-3.67505
-3.75667
-3.8383
-3.91993
-4.00155
-4.08318
-4.16481
-4.24643
-4.32806
-4.40968
-4.49131
-4.57293
-4.65456
-4.73619
-4.81781
-4.89944
-4.98107
-5.06269
-5.14432
-5.22594
-0.0773649
-0.152561
-0.227757
-0.302954
-0.37815
-0.453345
-0.528542
-0.603738
-0.678934
-0.75413
-0.829326
-0.904522
-0.979719
-1.05492
-1.13011
-1.20531
-1.2805
-1.3557
-1.4309
-1.50609
-1.58129
-1.65648
-1.73168
-1.80688
-1.88207
-1.95727
-2.03247
-2.10766
-2.18286
-2.25805
-2.33325
-2.40844
-2.48364
-2.55884
-2.63403
-2.70923
-2.78443
-2.85962
-2.93482
-3.01002
-3.08521
-3.16041
-3.2356
-3.3108
-3.386
-3.46119
-3.53639
-3.61158
-3.68678
-3.76198
-3.83717
-3.91237
-3.98757
-4.06276
-4.13796
-4.21315
-4.28835
-4.36355
-4.43874
-4.51394
-4.58914
-4.66433
-4.73952
-4.81472
-0.0709572
-0.139543
-0.20813
-0.276717
-0.345303
-0.413889
-0.482475
-0.551062
-0.619648
-0.688235
-0.756821
-0.825407
-0.893994
-0.96258
-1.03117
-1.09975
-1.16834
-1.23693
-1.30551
-1.3741
-1.44269
-1.51127
-1.57985
-1.64844
-1.71703
-1.78562
-1.8542
-1.92279
-1.99137
-2.05996
-2.12855
-2.19713
-2.26572
-2.33431
-2.4029
-2.47148
-2.54007
-2.60865
-2.67724
-2.74583
-2.81442
-2.883
-2.95158
-3.02017
-3.08876
-3.15734
-3.22593
-3.29452
-3.36311
-3.43169
-3.50027
-3.56886
-3.63745
-3.70604
-3.77462
-3.84321
-3.91179
-3.98038
-4.04897
-4.11756
-4.18614
-4.25473
-4.32331
-4.3919
-0.0642918
-0.126105
-0.187917
-0.24973
-0.311543
-0.373355
-0.435168
-0.496981
-0.558794
-0.620606
-0.682419
-0.744232
-0.806045
-0.867857
-0.929671
-0.991483
-1.05329
-1.11511
-1.17692
-1.23874
-1.30055
-1.36236
-1.42417
-1.48598
-1.5478
-1.60961
-1.67142
-1.73324
-1.79505
-1.85686
-1.91867
-1.98049
-2.0423
-2.10411
-2.16593
-2.22774
-2.28955
-2.35136
-2.41318
-2.47499
-2.5368
-2.59862
-2.66043
-2.72224
-2.78405
-2.84587
-2.90768
-2.96949
-3.03131
-3.09311
-3.15493
-3.21674
-3.27856
-3.34037
-3.40218
-3.46399
-3.5258
-3.58762
-3.64943
-3.71124
-3.77306
-3.83487
-3.89668
-3.95849
-0.0573887
-0.11228
-0.167172
-0.222063
-0.276954
-0.331846
-0.386737
-0.441629
-0.49652
-0.551412
-0.606303
-0.661195
-0.716086
-0.770978
-0.825869
-0.880761
-0.935652
-0.990543
-1.04544
-1.10033
-1.15522
-1.21011
-1.265
-1.31989
-1.37478
-1.42967
-1.48456
-1.53946
-1.59435
-1.64924
-1.70413
-1.75902
-1.81391
-1.86881
-1.9237
-1.97859
-2.03348
-2.08837
-2.14327
-2.19815
-2.25305
-2.30794
-2.36283
-2.41772
-2.47262
-2.52751
-2.5824
-2.63729
-2.69218
-2.74707
-2.80196
-2.85685
-2.91175
-2.96664
-3.02153
-3.07642
-3.13131
-3.1862
-3.24109
-3.29598
-3.35088
-3.40577
-3.46066
-3.51555
-0.0502683
-0.0981074
-0.145947
-0.193786
-0.241625
-0.289464
-0.337303
-0.385142
-0.432981
-0.480821
-0.52866
-0.576499
-0.624338
-0.672178
-0.720017
-0.767856
-0.815695
-0.863534
-0.911374
-0.959213
-1.00705
-1.05489
-1.10273
-1.15057
-1.19841
-1.24625
-1.29409
-1.34192
-1.38976
-1.4376
-1.48544
-1.53328
-1.58112
-1.62896
-1.6768
-1.72464
-1.77248
-1.82032
-1.86816
-1.916
-1.96384
-2.01168
-2.05951
-2.10735
-2.15519
-2.20303
-2.25087
-2.29871
-2.34655
-2.39439
-2.44223
-2.49007
-2.5379
-2.58575
-2.63359
-2.68142
-2.72926
-2.7771
-2.82494
-2.87278
-2.92062
-2.96846
-3.0163
-3.06414
-0.0429503
-0.0836232
-0.124296
-0.164969
-0.205642
-0.246314
-0.286987
-0.32766
-0.368333
-0.409006
-0.449679
-0.490351
-0.531024
-0.571697
-0.61237
-0.653043
-0.693715
-0.734388
-0.775061
-0.815734
-0.856407
-0.89708
-0.937753
-0.978425
-1.0191
-1.05977
-1.10044
-1.14112
-1.18179
-1.22246
-1.26313
-1.30381
-1.34448
-1.38515
-1.42583
-1.4665
-1.50717
-1.54785
-1.58852
-1.62919
-1.66986
-1.71054
-1.75121
-1.79188
-1.83255
-1.87323
-1.9139
-1.95457
-1.99524
-2.03592
-2.07659
-2.11726
-2.15794
-2.19861
-2.23928
-2.27996
-2.32063
-2.3613
-2.40198
-2.44265
-2.48332
-2.52399
-2.56467
-2.60534
-0.0354543
-0.0688639
-0.102274
-0.135683
-0.169093
-0.202502
-0.235912
-0.269322
-0.302731
-0.336141
-0.369551
-0.40296
-0.43637
-0.469779
-0.503189
-0.536599
-0.570008
-0.603418
-0.636828
-0.670238
-0.703647
-0.737057
-0.770467
-0.803876
-0.837286
-0.870696
-0.904105
-0.937514
-0.970924
-1.00433
-1.03774
-1.07115
-1.10456
-1.13797
-1.17138
-1.20479
-1.2382
-1.27161
-1.30502
-1.33843
-1.37184
-1.40525
-1.43866
-1.47207
-1.50548
-1.53889
-1.5723
-1.60571
-1.63912
-1.67253
-1.70594
-1.73935
-1.77276
-1.80617
-1.83958
-1.87299
-1.9064
-1.93981
-1.97322
-2.00662
-2.04003
-2.07344
-2.10686
-2.14026
-0.0277987
-0.0538658
-0.0799329
-0.106
-0.132067
-0.158134
-0.184202
-0.210269
-0.236336
-0.262403
-0.28847
-0.314537
-0.340604
-0.366671
-0.392738
-0.418806
-0.444873
-0.47094
-0.497007
-0.523075
-0.549142
-0.575209
-0.601276
-0.627343
-0.65341
-0.679477
-0.705544
-0.731612
-0.757678
-0.783745
-0.809813
-0.83588
-0.861947
-0.888014
-0.914082
-0.940149
-0.966215
-0.992281
-1.01835
-1.04442
-1.07048
-1.09655
-1.12262
-1.14869
-1.17475
-1.20082
-1.22689
-1.25296
-1.27902
-1.30509
-1.33116
-1.35722
-1.38329
-1.40936
-1.43542
-1.46149
-1.48756
-1.51363
-1.53969
-1.56576
-1.59183
-1.6179
-1.64396
-1.67003
-0.020001
-0.038664
-0.057327
-0.07599
-0.0946529
-0.113316
-0.131979
-0.150642
-0.169305
-0.187968
-0.206631
-0.225294
-0.243957
-0.262619
-0.281283
-0.299946
-0.318609
-0.337271
-0.355935
-0.374598
-0.393261
-0.411924
-0.430587
-0.44925
-0.467912
-0.486576
-0.505239
-0.523902
-0.542564
-0.561227
-0.57989
-0.598553
-0.617216
-0.635879
-0.654542
-0.673205
-0.691868
-0.710531
-0.729194
-0.747858
-0.766521
-0.785183
-0.803846
-0.822509
-0.841171
-0.859833
-0.878497
-0.897161
-0.915825
-0.934489
-0.95315
-0.971811
-0.990475
-1.00914
-1.0278
-1.04647
-1.06513
-1.08379
-1.10245
-1.12112
-1.13978
-1.15845
-1.17711
-1.19577
-0.0120777
-0.0232927
-0.0345078
-0.0457228
-0.0569379
-0.068153
-0.0793681
-0.0905832
-0.101798
-0.113013
-0.124228
-0.135444
-0.146659
-0.157873
-0.169089
-0.180304
-0.191519
-0.202734
-0.213949
-0.225164
-0.236379
-0.247594
-0.258809
-0.270024
-0.281239
-0.292454
-0.30367
-0.314885
-0.3261
-0.337315
-0.34853
-0.359745
-0.37096
-0.382175
-0.39339
-0.404605
-0.415821
-0.427035
-0.43825
-0.449466
-0.460681
-0.471896
-0.48311
-0.494326
-0.505541
-0.516756
-0.527971
-0.539186
-0.550401
-0.561616
-0.572831
-0.584046
-0.595261
-0.606477
-0.617692
-0.628907
-0.640122
-0.651337
-0.662552
-0.673767
-0.684982
-0.696197
-0.707412
-0.718627
-0.00404334
-0.00778476
-0.0115262
-0.0152676
-0.019009
-0.0227504
-0.0264918
-0.0302332
-0.0339747
-0.0377161
-0.0414575
-0.0451989
-0.0489404
-0.0526818
-0.0564232
-0.0601647
-0.0639059
-0.0676473
-0.0713888
-0.0751302
-0.0788717
-0.0826131
-0.0863546
-0.0900958
-0.0938373
-0.0975787
-0.10132
-0.105062
-0.108803
-0.112545
-0.116286
-0.120027
-0.123769
-0.12751
-0.131252
-0.134993
-0.138734
-0.142476
-0.146217
-0.149959
-0.1537
-0.157441
-0.161183
-0.164924
-0.168666
-0.172407
-0.176148
-0.17989
-0.183631
-0.187373
-0.191114
-0.194856
-0.198597
-0.202338
-0.20608
-0.209821
-0.213563
-0.217304
-0.221045
-0.224787
-0.228528
-0.23227
-0.236011
-0.239752
0.00404294
0.00778354
0.0115241
0.0152647
0.0190053
0.0227459
0.0264865
0.0302271
0.0339677
0.0377083
0.0414489
0.0451895
0.0489301
0.0526707
0.0564113
0.0601518
0.0638926
0.0676332
0.0713737
0.0751143
0.0788548
0.0825956
0.0863362
0.0900767
0.0938173
0.0975578
0.101299
0.105039
0.10878
0.11252
0.116261
0.120002
0.123742
0.127483
0.131223
0.134964
0.138705
0.142445
0.146186
0.149926
0.153667
0.157408
0.161148
0.164889
0.168629
0.17237
0.176111
0.179851
0.183592
0.187332
0.191073
0.194813
0.198554
0.202295
0.206035
0.209776
0.213516
0.217257
0.220998
0.224738
0.228479
0.232219
0.23596
0.239701
0.0120773
0.0232915
0.0345058
0.04572
0.0569343
0.0681485
0.0793627
0.0905769
0.101791
0.113005
0.12422
0.135434
0.146648
0.157863
0.169077
0.180291
0.191506
0.20272
0.213934
0.225148
0.236362
0.247577
0.258791
0.270005
0.28122
0.292434
0.303648
0.314862
0.326076
0.337291
0.348505
0.359719
0.370933
0.382148
0.393362
0.404577
0.415791
0.427005
0.438219
0.449433
0.460648
0.471862
0.483076
0.49429
0.505505
0.516719
0.527933
0.539147
0.550362
0.561576
0.57279
0.584004
0.595219
0.606433
0.617647
0.628862
0.640076
0.65129
0.662505
0.673719
0.684933
0.696147
0.707361
0.718576
0.0200006
0.0386628
0.057325
0.0759872
0.0946493
0.113311
0.131974
0.150636
0.169298
0.18796
0.206622
0.225285
0.243947
0.262609
0.281271
0.299933
0.318595
0.337257
0.35592
0.374582
0.393244
0.411906
0.430568
0.449231
0.467893
0.486555
0.505217
0.523879
0.542541
0.561204
0.579866
0.598528
0.61719
0.635852
0.654514
0.673177
0.691839
0.710501
0.729163
0.747825
0.766487
0.785149
0.803812
0.822474
0.841136
0.8598
0.878461
0.897122
0.915785
0.934449
0.95311
0.97177
0.990434
1.0091
1.02776
1.04642
1.06508
1.08375
1.10241
1.12107
1.13973
1.15839
1.17705
1.19572
0.0277983
0.0538646
0.079931
0.105997
0.132064
0.15813
0.184196
0.210263
0.236329
0.262395
0.288461
0.314528
0.340594
0.36666
0.392727
0.418793
0.44486
0.470926
0.496992
0.523058
0.549125
0.575191
0.601258
0.627324
0.65339
0.679457
0.705523
0.731589
0.757656
0.783722
0.809788
0.835855
0.861921
0.887986
0.914053
0.940119
0.966185
0.992252
1.01832
1.04438
1.07045
1.09652
1.12258
1.14865
1.17472
1.20078
1.22685
1.25291
1.27898
1.30505
1.33112
1.35718
1.38325
1.40931
1.43538
1.46144
1.48751
1.51358
1.53964
1.56571
1.59178
1.61784
1.64391
1.66998
0.0354539
0.0688627
0.102272
0.13568
0.169089
0.202498
0.235907
0.269316
0.302725
0.336133
0.369543
0.402952
0.43636
0.469769
0.503178
0.536587
0.569996
0.603404
0.636813
0.670222
0.703631
0.73704
0.770449
0.803857
0.837266
0.870675
0.904084
0.937492
0.9709
1.00431
1.03772
1.07113
1.10454
1.13794
1.17136
1.20476
1.23817
1.27158
1.30499
1.3384
1.3718
1.40522
1.43863
1.47204
1.50544
1.53885
1.57226
1.60567
1.63908
1.67249
1.7059
1.7393
1.77271
1.80612
1.83953
1.87294
1.90635
1.93976
1.97317
2.00658
2.03998
2.07339
2.1068
2.14021
0.0429499
0.0836219
0.124294
0.164966
0.205638
0.24631
0.286982
0.327654
0.368326
0.408998
0.449671
0.490343
0.531014
0.571686
0.612358
0.653031
0.693703
0.734375
0.775046
0.815719
0.856391
0.897063
0.937734
0.978405
1.01908
1.05975
1.10042
1.14109
1.18177
1.22244
1.26311
1.30378
1.34446
1.38513
1.4258
1.46647
1.50714
1.54781
1.58849
1.62916
1.66983
1.7105
1.75118
1.79185
1.83252
1.87319
1.91387
1.95454
1.9952
2.03588
2.07656
2.11722
2.15789
2.19857
2.23924
2.27991
2.32058
2.36126
2.40193
2.4426
2.48327
2.52394
2.56462
2.60529
0.0502678
0.0981063
0.145945
0.193783
0.241621
0.28946
0.337298
0.385137
0.432975
0.480813
0.528652
0.576491
0.624329
0.672167
0.720005
0.767844
0.815683
0.863521
0.911359
0.959198
1.00704
1.05487
1.10271
1.15055
1.19839
1.24623
1.29407
1.3419
1.38974
1.43758
1.48542
1.53326
1.5811
1.62894
1.67677
1.72461
1.77245
1.82029
1.86813
1.91597
1.96381
2.01164
2.05948
2.10732
2.15516
2.203
2.25084
2.29867
2.34651
2.39435
2.44219
2.49003
2.53786
2.5857
2.63354
2.68138
2.72922
2.77706
2.82489
2.87273
2.92057
2.96841
3.01625
3.06409
0.0573883
0.112279
0.16717
0.22206
0.276951
0.331842
0.386733
0.441623
0.496514
0.551404
0.606295
0.661186
0.716077
0.770967
0.825858
0.880749
0.93564
0.990532
1.04542
1.10031
1.1552
1.21009
1.26499
1.31988
1.37477
1.42965
1.48454
1.53944
1.59433
1.64922
1.70411
1.759
1.81389
1.86878
1.92367
1.97856
2.03345
2.08834
2.14324
2.19813
2.25302
2.30791
2.3628
2.41769
2.47258
2.52747
2.58236
2.63725
2.69214
2.74703
2.80192
2.85681
2.91171
2.96659
3.02148
3.07638
3.13127
3.18616
3.24105
3.29594
3.35083
3.40572
3.46061
3.5155
0.0642914
0.126103
0.187916
0.249727
0.311539
0.373352
0.435164
0.496975
0.558787
0.620599
0.682411
0.744223
0.806035
0.867847
0.929658
0.99147
1.05328
1.1151
1.17691
1.23872
1.30053
1.36234
1.42416
1.48597
1.54778
1.60959
1.6714
1.73322
1.79503
1.85684
1.91865
1.98047
2.04228
2.10408
2.1659
2.22771
2.28952
2.35133
2.41315
2.47496
2.53677
2.59858
2.66039
2.72221
2.78402
2.84583
2.90764
2.96946
3.03127
3.09308
3.15489
3.2167
3.27851
3.34033
3.40214
3.46395
3.52576
3.58758
3.64939
3.7112
3.77301
3.83482
3.89664
3.95845
0.0709567
0.139542
0.208128
0.276714
0.345299
0.413885
0.482471
0.551057
0.619642
0.688228
0.756813
0.825399
0.893985
0.96257
1.03115
1.09974
1.16833
1.23691
1.3055
1.37409
1.44267
1.51125
1.57984
1.64843
1.71701
1.7856
1.85418
1.92277
1.99136
2.05994
2.12853
2.19711
2.2657
2.33428
2.40287
2.47145
2.54004
2.60862
2.67721
2.7458
2.81438
2.88297
2.95155
3.02014
3.08873
3.15731
3.2259
3.29448
3.36307
3.43165
3.50024
3.56882
3.63741
3.706
3.77459
3.84317
3.91175
3.98034
4.04893
4.11751
4.1861
4.25468
4.32327
4.39186
0.0773644
0.15256
0.227755
0.302951
0.378146
0.453342
0.528537
0.603733
0.678928
0.754124
0.829319
0.904515
0.97971
1.05491
1.1301
1.20529
1.28049
1.35569
1.43088
1.50608
1.58127
1.65647
1.73166
1.80686
1.88206
1.95725
2.03245
2.10764
2.18284
2.25803
2.33323
2.40842
2.48362
2.55882
2.63401
2.70921
2.7844
2.85959
2.93479
3.00999
3.08518
3.16038
3.23557
3.31077
3.38597
3.46116
3.53636
3.61155
3.68674
3.76194
3.83714
3.91233
3.98753
4.06272
4.13792
4.21311
4.28831
4.36351
4.4387
4.5139
4.58909
4.66429
4.73948
4.81468
0.0834948
0.16512
0.246745
0.328371
0.409997
0.491622
0.573248
0.654873
0.736499
0.818124
0.89975
0.981374
1.063
1.14463
1.22625
1.30788
1.3895
1.47113
1.55275
1.63438
1.716
1.79763
1.87925
1.96088
2.04251
2.12413
2.20576
2.28738
2.36901
2.45063
2.53226
2.61388
2.69551
2.77713
2.85876
2.94039
3.02201
3.10363
3.18526
3.26689
3.34851
3.43014
3.51177
3.59339
3.67502
3.75664
3.83827
3.91989
4.00152
4.08314
4.16477
4.2464
4.32802
4.40964
4.49127
4.57289
4.65452
4.73615
4.81777
4.8994
4.98102
5.06265
5.14428
5.2259
0.0893283
0.177189
0.265049
0.352909
0.440769
0.52863
0.61649
0.704351
0.792211
0.880072
0.967931
1.05579
1.14365
1.23151
1.31937
1.40723
1.49509
1.58296
1.67081
1.75867
1.84653
1.93439
2.02226
2.11012
2.19798
2.28584
2.3737
2.46156
2.54942
2.63728
2.72514
2.813
2.90086
2.98872
3.07658
3.16444
3.2523
3.34016
3.42802
3.51588
3.60374
3.6916
3.77946
3.86733
3.95519
4.04305
4.13091
4.21877
4.30663
4.39448
4.48235
4.57021
4.65806
4.74593
4.83379
4.92165
5.00951
5.09737
5.18523
5.27309
5.36095
5.44881
5.53667
5.62453
0.0948469
0.188732
0.282617
0.376502
0.470387
0.564272
0.658158
0.752043
0.845928
0.939814
1.0337
1.12758
1.22147
1.31535
1.40924
1.50312
1.59701
1.6909
1.78478
1.87867
1.97255
2.06643
2.16032
2.25421
2.34809
2.44197
2.53586
2.62975
2.72363
2.81751
2.9114
3.00529
3.09917
3.19306
3.28694
3.38083
3.47471
3.5686
3.66248
3.75637
3.85025
3.94414
4.03802
4.13191
4.22579
4.31968
4.41356
4.50745
4.60133
4.69522
4.7891
4.88299
4.97687
5.07076
5.16464
5.25853
5.35241
5.4463
5.54018
5.63407
5.72795
5.82184
5.91572
6.00961
0.100034
0.199719
0.299404
0.399089
0.498775
0.59846
0.698146
0.797831
0.897516
0.997202
1.09689
1.19657
1.29626
1.39594
1.49563
1.59531
1.695
1.79469
1.89437
1.99406
2.09374
2.19342
2.29311
2.3928
2.49248
2.59217
2.69185
2.79154
2.89122
2.99091
3.09059
3.19028
3.28997
3.38965
3.48933
3.58902
3.68871
3.78839
3.88807
3.98776
4.08745
4.18713
4.28682
4.3865
4.48619
4.58587
4.68556
4.78524
4.88493
4.98461
5.0843
5.18398
5.28367
5.38335
5.48304
5.58273
5.68241
5.7821
5.88178
5.98147
6.08116
6.18084
6.28052
6.38021
0.104873
0.21012
0.315367
0.420614
0.525861
0.631108
0.736355
0.841602
0.946849
1.0521
1.15734
1.26259
1.36784
1.47308
1.57833
1.68358
1.78882
1.89407
1.99932
2.10456
2.20981
2.31506
2.4203
2.52555
2.6308
2.73605
2.84129
2.94654
3.05179
3.15704
3.26228
3.36753
3.47278
3.57803
3.68327
3.78852
3.89377
3.99901
4.10426
4.2095
4.31475
4.42
4.52524
4.63049
4.73574
4.84099
4.94623
5.05148
5.15673
5.26198
5.36722
5.47247
5.57772
5.68297
5.78821
5.89346
5.99871
6.10395
6.2092
6.31445
6.4197
6.52494
6.63019
6.73544
0.109351
0.219907
0.330464
0.441021
0.551578
0.662135
0.772692
0.883249
0.993806
1.10437
1.21492
1.32548
1.43604
1.54659
1.65714
1.7677
1.87826
1.98882
2.09937
2.20993
2.32049
2.43104
2.5416
2.65216
2.76271
2.87327
2.98383
3.09439
3.20494
3.3155
3.42606
3.53661
3.64717
3.75773
3.86828
3.97884
4.0894
4.19995
4.31051
4.42106
4.53163
4.64218
4.75273
4.86329
4.97385
5.08441
5.19496
5.30552
5.41608
5.52663
5.63719
5.74775
5.85831
5.96886
6.07942
6.18998
6.30053
6.41109
6.52165
6.63221
6.74276
6.85332
6.96387
7.07443
0.113455
0.229057
0.344659
0.460261
0.575863
0.691465
0.807067
0.922669
1.03827
1.15388
1.26948
1.38508
1.50068
1.61628
1.73188
1.84749
1.96309
2.07869
2.19429
2.30989
2.42549
2.5411
2.6567
2.7723
2.88791
3.00351
3.11911
3.23471
3.35031
3.46591
3.58152
3.69712
3.81272
3.92832
4.04392
4.15952
4.27513
4.39073
4.50633
4.62193
4.73754
4.85314
4.96874
5.08434
5.19994
5.31554
5.43115
5.54675
5.66235
5.77795
5.89356
6.00916
6.12476
6.24036
6.35596
6.47157
6.58717
6.70277
6.81837
6.93397
7.04958
7.16518
7.28078
7.39638
0.117176
0.237547
0.357917
0.478288
0.598658
0.719029
0.839399
0.95977
1.08014
1.20051
1.32088
1.44125
1.56162
1.68199
1.80236
1.92273
2.0431
2.16347
2.28385
2.40422
2.52459
2.64495
2.76532
2.88569
3.00607
3.12644
3.24681
3.36718
3.48755
3.60792
3.72829
3.84866
3.96903
4.0894
4.20977
4.33014
4.45051
4.57088
4.69125
4.81162
4.93199
5.05236
5.17273
5.29311
5.41347
5.53384
5.65421
5.77459
5.89496
6.01533
6.1357
6.25607
6.37644
6.49681
6.61718
6.73755
6.85792
6.97829
7.09866
7.21903
7.33941
7.45977
7.58014
7.70052
0.120506
0.245357
0.370207
0.495058
0.619908
0.744759
0.86961
0.99446
1.11931
1.24416
1.36901
1.49386
1.61871
1.74356
1.86841
1.99327
2.11812
2.24296
2.36782
2.49267
2.61752
2.74237
2.86722
2.99207
3.11692
3.24177
3.36662
3.49147
3.61632
3.74117
3.86602
3.99087
4.11572
4.24058
4.36542
4.49027
4.61512
4.73998
4.86483
4.98968
5.11453
5.23938
5.36423
5.48908
5.61393
5.73878
5.86363
5.98848
6.11333
6.23818
6.36303
6.48788
6.61273
6.73759
6.86244
6.98729
7.11214
7.23699
7.36184
7.48669
7.61154
7.73639
7.86124
7.98609
0.123439
0.25247
0.381502
0.510533
0.639565
0.768596
0.897628
1.02666
1.15569
1.28472
1.41375
1.54278
1.67182
1.80085
1.92988
2.05891
2.18794
2.31697
2.44601
2.57504
2.70407
2.8331
2.96213
3.09116
3.22019
3.34923
3.47826
3.60729
3.73632
3.86535
3.99438
4.12341
4.25245
4.38148
4.51051
4.63954
4.76857
4.89761
5.02664
5.15567
5.2847
5.41373
5.54276
5.6718
5.80082
5.92986
6.05889
6.18792
6.31695
6.44598
6.57501
6.70404
6.83308
6.96211
7.09114
7.22017
7.3492
7.47824
7.60727
7.7363
7.86533
7.99436
8.12339
8.25243
0.125971
0.258874
0.391777
0.524681
0.657584
0.790487
0.92339
1.05629
1.1892
1.3221
1.455
1.5879
1.72081
1.85371
1.98662
2.11952
2.25242
2.38533
2.51823
2.65114
2.78404
2.91694
3.04984
3.18274
3.31565
3.44855
3.58146
3.71436
3.84726
3.98016
4.11307
4.24597
4.37888
4.51178
4.64468
4.77759
4.91049
5.04339
5.1763
5.3092
5.4421
5.575
5.70791
5.84081
5.97371
6.10662
6.23952
6.37242
6.50533
6.63823
6.77113
6.90404
7.03694
7.16985
7.30275
7.43565
7.56855
7.70146
7.83436
7.96726
8.10016
8.23307
8.36597
8.49888
0.128101
0.264557
0.401014
0.53747
0.673927
0.810383
0.946838
1.0833
1.21975
1.35621
1.49266
1.62912
1.76558
1.90203
2.03849
2.17495
2.31141
2.44786
2.58432
2.72077
2.85723
2.99369
3.13014
3.2666
3.40305
3.53951
3.67597
3.81242
3.94888
4.08533
4.22179
4.35825
4.49471
4.63116
4.76762
4.90408
5.04053
5.17699
5.31344
5.4499
5.58635
5.72281
5.85927
5.99572
6.13218
6.26864
6.40509
6.54155
6.67801
6.81447
6.95092
7.08738
7.22383
7.36029
7.49674
7.6332
7.76966
7.90611
8.04257
8.17902
8.31548
8.45194
8.58839
8.72485
0.129829
0.269511
0.409194
0.548876
0.688558
0.82824
0.967921
1.10761
1.24729
1.38697
1.52665
1.66633
1.80602
1.9457
2.08538
2.22506
2.36475
2.50443
2.64411
2.78379
2.92347
3.06315
3.20284
3.34252
3.4822
3.62188
3.76157
3.90125
4.04093
4.18061
4.32029
4.45998
4.59966
4.73934
4.87902
5.01871
5.15839
5.29807
5.43775
5.57743
5.71712
5.8568
5.99648
6.13616
6.27584
6.41553
6.55521
6.69489
6.83457
6.97426
7.11394
7.25362
7.3933
7.53298
7.67267
7.81235
7.95203
8.09171
8.2314
8.37108
8.51076
8.65044
8.79012
8.92981
0.131159
0.273732
0.416305
0.558878
0.70145
0.844023
0.986595
1.12917
1.27174
1.41431
1.55689
1.69946
1.84203
1.98461
2.12718
2.26975
2.41232
2.5549
2.69747
2.84004
2.98261
3.12519
3.26776
3.41033
3.55291
3.69548
3.83805
3.98062
4.1232
4.26577
4.40834
4.55092
4.69349
4.83606
4.97863
5.12121
5.26378
5.40635
5.54893
5.6915
5.83407
5.97664
6.11922
6.26179
6.40436
6.54693
6.68951
6.83208
6.97465
7.11723
7.2598
7.40237
7.54494
7.68752
7.83009
7.97266
8.11524
8.25781
8.40038
8.54295
8.68552
8.8281
8.97067
9.11325
0.132095
0.277216
0.422337
0.567458
0.71258
0.857701
1.00282
1.14794
1.29307
1.43819
1.58331
1.72843
1.87355
2.01867
2.16379
2.30891
2.45403
2.59915
2.74427
2.8894
3.03452
3.17964
3.32476
3.46988
3.615
3.76012
3.90525
4.05037
4.19549
4.34061
4.48573
4.63085
4.77597
4.92109
5.06621
5.21134
5.35646
5.50158
5.6467
5.79182
5.93694
6.08206
6.22718
6.3723
6.51742
6.66254
6.80767
6.95279
7.09791
7.24303
7.38816
7.53328
7.6784
7.82352
7.96864
8.11376
8.25888
8.404
8.54912
8.69424
8.83937
8.98449
9.12961
9.27472
0.132642
0.279964
0.427285
0.574605
0.721926
0.869248
1.01657
1.16389
1.31121
1.45853
1.60585
1.75317
1.90049
2.04782
2.19514
2.34245
2.48978
2.6371
2.78442
2.93174
3.07906
3.22638
3.37371
3.52103
3.66835
3.81566
3.96299
4.11031
4.25763
4.40495
4.55227
4.69959
4.84691
4.99424
5.14156
5.28887
5.4362
5.58352
5.73084
5.87816
6.02549
6.1728
6.32013
6.46745
6.61477
6.76208
6.90941
7.05673
7.20405
7.35137
7.4987
7.64601
7.79334
7.94066
8.08798
8.2353
8.38262
8.52994
8.67726
8.82458
8.9719
9.11923
9.26654
9.41386
0.13281
0.281977
0.431144
0.58031
0.729477
0.878645
1.02781
1.17697
1.32614
1.47531
1.62448
1.77365
1.92281
2.07198
2.22115
2.37031
2.51948
2.66865
2.81781
2.96698
3.11615
3.26531
3.41448
3.56365
3.71282
3.86198
4.01115
4.16032
4.30948
4.45865
4.60782
4.75698
4.90615
5.05532
5.20448
5.35365
5.50282
5.65199
5.80115
5.95032
6.09949
6.24865
6.39782
6.54699
6.69615
6.84532
6.99449
7.14365
7.29282
7.44199
7.59115
7.74032
7.88949
8.03866
8.18782
8.33699
8.48616
8.63532
8.78449
8.93366
9.08282
9.23199
9.38115
9.53032
0.132606
0.283261
0.433915
0.584569
0.735223
0.885878
1.03653
1.18718
1.33784
1.4885
1.63915
1.7898
1.94046
2.09111
2.24177
2.39242
2.54307
2.69373
2.84438
2.99504
3.14569
3.29634
3.447
3.59765
3.74831
3.89896
4.04962
4.20027
4.35092
4.50158
4.65223
4.80289
4.95354
5.10419
5.25485
5.4055
5.55616
5.70681
5.85747
6.00812
6.15877
6.30943
6.46008
6.61074
6.76139
6.91205
7.0627
7.21335
7.36401
7.51466
7.66531
7.81597
7.96663
8.11728
8.26793
8.41859
8.56924
8.7199
8.87055
9.0212
9.17186
9.32251
9.47317
9.62382
0.132043
0.283822
0.435601
0.58738
0.739159
0.890939
1.04272
1.1945
1.34628
1.49805
1.64983
1.80161
1.9534
2.10518
2.25695
2.40873
2.56051
2.71229
2.86407
3.01585
3.16763
3.31941
3.47119
3.62296
3.77474
3.92652
4.0783
4.23008
4.38186
4.53364
4.68542
4.8372
4.98898
5.14076
5.29253
5.44431
5.59609
5.74787
5.89965
6.05143
6.20321
6.35499
6.50677
6.65855
6.81033
6.96211
7.11389
7.26567
7.41745
7.56922
7.721
7.87278
8.02456
8.17634
8.32812
8.4799
8.63168
8.78346
8.93524
9.08701
9.23879
9.39057
9.54235
9.69413
0.13113
0.283669
0.436208
0.588748
0.741286
0.893825
1.04637
1.1989
1.35144
1.50398
1.65652
1.80906
1.9616
2.11414
2.26668
2.41921
2.57175
2.7243
2.87683
3.02937
3.18191
3.33445
3.48699
3.63952
3.79206
3.94461
4.09715
4.24969
4.40223
4.55476
4.7073
4.85984
5.01238
5.16492
5.31745
5.47
5.62253
5.77507
5.92761
6.08015
6.23269
6.38523
6.53777
6.69031
6.84285
6.99539
7.14793
7.30047
7.453
7.60554
7.75808
7.91062
8.06316
8.2157
8.36824
8.52078
8.67332
8.82586
8.97839
9.13093
9.28347
9.43601
9.58855
9.74109
0.129881
0.282813
0.435744
0.588676
0.741608
0.89454
1.04747
1.2004
1.35333
1.50627
1.6592
1.81213
1.96506
2.11799
2.27092
2.42386
2.57679
2.72972
2.88265
3.03558
3.18852
3.34145
3.49438
3.64731
3.80024
3.95318
4.1061
4.25904
4.41197
4.5649
4.71783
4.87076
5.0237
5.17663
5.32956
5.48249
5.63542
5.78835
5.94129
6.09422
6.24715
6.40008
6.55301
6.70595
6.85888
7.01181
7.16474
7.31767
7.4706
7.62353
7.77647
7.9294
8.08233
8.23526
8.38819
8.54113
8.69406
8.84699
8.99992
9.15285
9.30579
9.45872
9.61165
9.76458
0.128309
0.281265
0.434221
0.587177
0.740133
0.89309
1.04605
1.199
1.35195
1.50491
1.65787
1.81082
1.96378
2.11674
2.2697
2.42265
2.5756
2.72856
2.88152
3.03448
3.18743
3.34039
3.49334
3.6463
3.79926
3.95221
4.10517
4.25812
4.41108
4.56403
4.71699
4.86995
5.0229
5.17586
5.32882
5.48177
5.63473
5.78769
5.94064
6.0936
6.24655
6.39951
6.55246
6.70542
6.85838
7.01133
7.16429
7.31725
7.4702
7.62316
7.77612
7.92907
8.08203
8.23498
8.38794
8.54089
8.69385
8.84681
8.99976
9.15272
9.30568
9.45863
9.61159
9.76454
0.126427
0.279039
0.431651
0.584263
0.736875
0.889487
1.0421
1.19471
1.34732
1.49994
1.65255
1.80516
1.95777
2.11039
2.263
2.41561
2.56822
2.72083
2.87345
3.02606
3.17867
3.33128
3.48389
3.63651
3.78912
3.94173
4.09434
4.24695
4.39956
4.55217
4.70479
4.8574
5.01001
5.16263
5.31524
5.46785
5.62046
5.77307
5.92569
6.0783
6.23091
6.38352
6.53613
6.68875
6.84136
6.99397
7.14658
7.29919
7.4518
7.60441
7.75703
7.90964
8.06226
8.21487
8.36748
8.52009
8.6727
8.82531
8.97792
9.13054
9.28315
9.43576
9.58838
9.74099
0.124249
0.276149
0.428049
0.57995
0.73185
0.88375
1.03565
1.18755
1.33945
1.49135
1.64325
1.79515
1.94705
2.09895
2.25086
2.40275
2.55465
2.70655
2.85846
3.01035
3.16225
3.31415
3.46606
3.61796
3.76985
3.92175
4.07366
4.22556
4.37745
4.52935
4.68125
4.83315
4.98505
5.13696
5.28886
5.44076
5.59266
5.74456
5.89646
6.04836
6.20025
6.35215
6.50406
6.65596
6.80786
6.95976
7.11166
7.26356
7.41546
7.56735
7.71926
7.87116
8.02306
8.17496
8.32686
8.47876
8.63066
8.78256
8.93446
9.08636
9.23826
9.39016
9.54206
9.69396
0.12179
0.272612
0.423434
0.574257
0.725079
0.875901
1.02672
1.17755
1.32836
1.47919
1.63001
1.78084
1.93165
2.08248
2.2333
2.38412
2.53494
2.68577
2.83659
2.98741
3.13823
3.28905
3.43988
3.5907
3.74152
3.89234
4.04317
4.19399
4.34481
4.49563
4.64646
4.79728
4.94809
5.09892
5.24975
5.40057
5.55139
5.70221
5.85303
6.00386
6.15468
6.30549
6.45632
6.60714
6.75796
6.90878
7.05961
7.21043
7.36125
7.51207
7.66289
7.81372
7.96454
8.11536
8.26618
8.41701
8.56783
8.71865
8.86947
9.02029
9.17112
9.32194
9.47276
9.62358
0.119064
0.268445
0.417825
0.567206
0.716586
0.865966
1.01535
1.16473
1.31411
1.46349
1.61287
1.76225
1.91163
2.06101
2.21039
2.35976
2.50915
2.65853
2.80791
2.95729
3.10667
3.25605
3.40543
3.55481
3.70419
3.85357
4.00295
4.15233
4.30172
4.45109
4.60047
4.74985
4.89923
5.04861
5.19799
5.34738
5.49676
5.64613
5.79552
5.9449
6.09427
6.24365
6.39303
6.54242
6.6918
6.84118
6.99056
7.13994
7.28931
7.43869
7.58808
7.73746
7.88684
8.03622
8.1856
8.33498
8.48436
8.63374
8.78312
8.9325
9.08188
9.23126
9.38064
9.53002
0.116087
0.263665
0.411243
0.558821
0.706399
0.853977
1.00155
1.14913
1.29671
1.44429
1.59187
1.73945
1.88702
2.03461
2.18218
2.32976
2.47734
2.62491
2.77249
2.92007
3.06765
3.21523
3.3628
3.51038
3.65796
3.80554
3.95311
4.10069
4.24827
4.39585
4.54343
4.69101
4.83858
4.98616
5.13374
5.28132
5.4289
5.57648
5.72405
5.87163
6.0192
6.16678
6.31436
6.46194
6.60952
6.7571
6.90468
7.05225
7.19983
7.34741
7.49499
7.64257
7.79015
7.93772
8.0853
8.23288
8.38046
8.52803
8.67561
8.82319
8.97077
9.11835
9.26592
9.4135
0.112873
0.258292
0.403712
0.549131
0.694551
0.83997
0.98539
1.13081
1.27623
1.42165
1.56707
1.71248
1.85791
2.00333
2.14875
2.29417
2.43959
2.58501
2.73043
2.87585
3.02127
3.16668
3.3121
3.45753
3.60295
3.74836
3.89378
4.0392
4.18462
4.33004
4.47546
4.62088
4.7663
4.91172
5.05714
5.20256
5.34798
5.49339
5.63882
5.78424
5.92966
6.07508
6.22049
6.36591
6.51133
6.65675
6.80217
6.94759
7.09301
7.23843
7.38385
7.52927
7.67469
7.82011
7.96553
8.11095
8.25637
8.40179
8.5472
8.69263
8.83805
8.98347
9.12889
9.27431
0.109436
0.252347
0.395256
0.538166
0.681076
0.823986
0.966898
1.10981
1.25272
1.39562
1.53853
1.68145
1.82436
1.96727
2.11018
2.25309
2.396
2.53891
2.68182
2.82473
2.96764
3.11055
3.25346
3.39637
3.53928
3.68218
3.82509
3.96801
4.11092
4.25383
4.39674
4.53964
4.68255
4.82547
4.96838
5.11129
5.25419
5.3971
5.54002
5.68293
5.82584
5.96875
6.11165
6.25457
6.39748
6.54039
6.6833
6.82621
6.96912
7.11203
7.25494
7.39785
7.54076
7.68367
7.82658
7.96949
8.1124
8.25531
8.39822
8.54113
8.68404
8.82695
8.96986
9.11277
0.105793
0.245849
0.385904
0.525959
0.666014
0.806069
0.946126
1.08618
1.22624
1.36629
1.50635
1.6464
1.78646
1.92651
2.06657
2.20662
2.34668
2.48673
2.62679
2.76685
2.9069
3.04695
3.18701
3.32707
3.46712
3.60717
3.74723
3.88729
4.02734
4.1674
4.30745
4.44751
4.58756
4.72762
4.86767
5.00773
5.14778
5.28784
5.4279
5.56795
5.70801
5.84806
5.98811
6.12817
6.26823
6.40828
6.54834
6.68839
6.82845
6.9685
7.10856
7.24862
7.38867
7.52872
7.66878
7.80884
7.94889
8.08895
8.229
8.36906
8.50911
8.64917
8.78922
8.92928
0.101958
0.23882
0.375683
0.512545
0.649407
0.78627
0.923132
1.05999
1.19686
1.33372
1.47058
1.60745
1.74431
1.88117
2.01803
2.15489
2.29175
2.42862
2.56548
2.70234
2.8392
2.97606
3.11293
3.24979
3.38665
3.52351
3.66038
3.79724
3.9341
4.07096
4.20783
4.34469
4.48155
4.61841
4.75527
4.89214
5.029
5.16586
5.30272
5.43959
5.57645
5.71331
5.85017
5.98704
6.1239
6.26076
6.39762
6.53449
6.67134
6.80821
6.94507
7.08194
7.2188
7.35566
7.49252
7.62938
7.76625
7.90311
8.03997
8.17683
8.31369
8.45055
8.58742
8.72428
0.0979474
0.231286
0.364624
0.497962
0.631301
0.764639
0.897978
1.03132
1.16465
1.29799
1.43133
1.56467
1.69801
1.83135
1.96468
2.09802
2.23136
2.3647
2.49804
2.63138
2.76471
2.89805
3.03139
3.16473
3.29807
3.43141
3.56475
3.69808
3.83142
3.96476
4.0981
4.23144
4.36478
4.49811
4.63145
4.76479
4.89813
5.03147
5.16481
5.29814
5.43148
5.56482
5.69816
5.8315
5.96483
6.09817
6.23151
6.36485
6.49819
6.63153
6.76487
6.89821
7.03154
7.16488
7.29822
7.43156
7.5649
7.69824
7.83157
7.96491
8.09825
8.23159
8.36492
8.49826
0.0937756
0.223268
0.35276
0.482252
0.611744
0.741236
0.870728
1.00022
1.12971
1.2592
1.3887
1.51819
1.64768
1.77717
1.90666
2.03616
2.16565
2.29514
2.42463
2.55413
2.68362
2.81311
2.9426
3.07209
3.20158
3.33108
3.46057
3.59006
3.71955
3.84904
3.97854
4.10803
4.23752
4.36702
4.49651
4.626
4.75549
4.88498
5.01448
5.14397
5.27346
5.40295
5.53244
5.66194
5.79142
5.92092
6.05041
6.1799
6.30939
6.43889
6.56838
6.69787
6.82737
6.95686
7.08635
7.21584
7.34533
7.47482
7.60431
7.73381
7.8633
7.99279
8.12228
8.25178
0.0894589
0.214791
0.340124
0.465457
0.590789
0.716122
0.841455
0.966786
1.09212
1.21745
1.34279
1.46812
1.59345
1.71878
1.84411
1.96945
2.09478
2.22012
2.34545
2.47078
2.59611
2.72144
2.84677
2.97211
3.09744
3.22277
3.3481
3.47344
3.59877
3.72411
3.84944
3.97477
4.1001
4.22544
4.35077
4.4761
4.60143
4.72677
4.8521
4.97743
5.10276
5.22809
5.35343
5.47876
5.60409
5.72942
5.85476
5.98009
6.10542
6.23076
6.35609
6.48142
6.60676
6.73209
6.85742
6.98275
7.10809
7.23342
7.35875
7.48408
7.60941
7.73475
7.86008
7.98541
0.0850132
0.205883
0.326753
0.447623
0.568493
0.689363
0.810233
0.931101
1.05197
1.17284
1.29371
1.41458
1.53545
1.65632
1.77719
1.89806
2.01893
2.1398
2.26067
2.38154
2.50241
2.62328
2.74415
2.86502
2.98589
3.10676
3.22763
3.3485
3.46937
3.59024
3.71111
3.83198
3.95285
4.07372
4.19459
4.31546
4.43633
4.5572
4.67807
4.79894
4.91981
5.04068
5.16155
5.28242
5.40329
5.52416
5.64503
5.7659
5.88676
6.00763
6.12851
6.24937
6.37024
6.49111
6.61198
6.73285
6.85373
6.97459
7.09546
7.21633
7.3372
7.45807
7.57894
7.69981
0.0804544
0.196569
0.312683
0.428798
0.544912
0.661027
0.777141
0.893256
1.00937
1.12548
1.2416
1.35772
1.47383
1.58994
1.70606
1.82217
1.93829
2.0544
2.17052
2.28663
2.40274
2.51886
2.63497
2.75109
2.8672
2.98332
3.09943
3.21554
3.33166
3.44777
3.56389
3.68
3.79612
3.91223
4.02835
4.14446
4.26057
4.37669
4.49281
4.60892
4.72504
4.84115
4.95726
5.07338
5.18949
5.3056
5.42172
5.53784
5.65395
5.77006
5.88618
6.00229
6.11841
6.23452
6.35064
6.46675
6.58286
6.69898
6.8151
6.93121
7.04732
7.16344
7.27955
7.39567
0.0757991
0.186877
0.297954
0.409032
0.52011
0.631188
0.742266
0.853344
0.964422
1.0755
1.18658
1.29766
1.40873
1.51981
1.63089
1.74197
1.85305
1.96413
2.0752
2.18628
2.29736
2.40843
2.51951
2.63059
2.74167
2.85275
2.96382
3.0749
3.18598
3.29706
3.40814
3.51922
3.63029
3.74137
3.85245
3.96352
4.0746
4.18568
4.29676
4.40784
4.51891
4.62999
4.74107
4.85215
4.96323
5.0743
5.18538
5.29646
5.40754
5.51861
5.62969
5.74077
5.85185
5.96292
6.074
6.18508
6.29616
6.40724
6.51832
6.62939
6.74047
6.85155
6.96263
7.0737
0.0710639
0.176836
0.282608
0.38838
0.494152
0.599924
0.705696
0.811469
0.91724
1.02301
1.12879
1.23456
1.34033
1.4461
1.55187
1.65764
1.76342
1.86919
1.97496
2.08073
2.1865
2.29228
2.39805
2.50382
2.60959
2.71537
2.82114
2.92691
3.03268
3.13845
3.24423
3.35
3.45577
3.56154
3.66732
3.77309
3.87886
3.98463
4.0904
4.19617
4.30194
4.40772
4.51349
4.61926
4.72504
4.83081
4.93658
5.04235
5.14812
5.25389
5.35967
5.46544
5.57121
5.67698
5.78275
5.88852
5.9943
6.10007
6.20584
6.31162
6.41739
6.52316
6.62893
6.7347
0.0662655
0.166475
0.266685
0.366895
0.467105
0.567314
0.667524
0.767734
0.867944
0.968155
1.06837
1.16857
1.26878
1.369
1.4692
1.56941
1.66962
1.76983
1.87004
1.97025
2.07046
2.17067
2.27088
2.37109
2.4713
2.57151
2.67172
2.77193
2.87214
2.97235
3.07256
3.17277
3.27298
3.37319
3.4734
3.57361
3.67382
3.77403
3.87424
3.97445
4.07466
4.17487
4.27508
4.37529
4.4755
4.57571
4.67592
4.77612
4.87633
4.97654
5.07676
5.17696
5.27717
5.37739
5.47759
5.5778
5.67801
5.77822
5.87843
5.97864
6.07885
6.17906
6.27927
6.37948
0.0614212
0.155826
0.25023
0.344634
0.439038
0.533443
0.627847
0.722252
0.816656
0.91106
1.00547
1.09987
1.19427
1.28868
1.38308
1.47749
1.57189
1.66629
1.7607
1.8551
1.94951
2.04391
2.13832
2.23272
2.32713
2.42153
2.51593
2.61034
2.70474
2.79915
2.89355
2.98796
3.08236
3.17676
3.27117
3.36557
3.45998
3.55438
3.64878
3.74319
3.8376
3.932
4.0264
4.12081
4.21521
4.30962
4.40402
4.49843
4.59283
4.68723
4.78164
4.87604
4.97045
5.06485
5.15926
5.25366
5.34806
5.44247
5.53687
5.63128
5.72568
5.82008
5.91449
6.0089
0.0565479
0.144917
0.233287
0.321657
0.410026
0.498396
0.586766
0.675135
0.763505
0.851874
0.940245
1.02862
1.11698
1.20535
1.29372
1.38209
1.47046
1.55883
1.6472
1.73557
1.82394
1.91231
2.00068
2.08905
2.17742
2.26579
2.35416
2.44253
2.53089
2.61927
2.70764
2.79601
2.88438
2.97275
3.06111
3.14948
3.23786
3.32622
3.41459
3.50297
3.59133
3.6797
3.76807
3.85644
3.94481
4.03318
4.12155
4.20992
4.29829
4.38666
4.47503
4.5634
4.65177
4.74013
4.82851
4.91688
5.00525
5.09362
5.18199
5.27036
5.35873
5.44709
5.53546
5.62383
0.0516631
0.133783
0.215903
0.298024
0.380143
0.462263
0.544383
0.626504
0.708624
0.790743
0.872864
0.954984
1.0371
1.11922
1.20134
1.28346
1.36558
1.44771
1.52982
1.61194
1.69406
1.77618
1.8583
1.94042
2.02254
2.10466
2.18679
2.2689
2.35102
2.43314
2.51526
2.59738
2.67951
2.76163
2.84374
2.92586
3.00798
3.0901
3.17222
3.25435
3.33647
3.41859
3.50071
3.58282
3.66494
3.74707
3.82919
3.91131
3.99343
4.07554
4.15766
4.23978
4.3219
4.40402
4.48615
4.56827
4.65039
4.73251
4.81463
4.89674
4.97887
5.06099
5.14311
5.22523
0.0467843
0.122455
0.198126
0.273796
0.349467
0.425137
0.500808
0.576479
0.65215
0.72782
0.803491
0.879161
0.954831
1.0305
1.10618
1.18185
1.25751
1.33318
1.40886
1.48453
1.5602
1.63587
1.71154
1.78721
1.86288
1.93855
2.01422
2.08989
2.16556
2.24124
2.3169
2.39257
2.46824
2.54392
2.61958
2.69525
2.77093
2.8466
2.92227
2.99794
3.07361
3.14928
3.22495
3.30062
3.37629
3.45196
3.52763
3.6033
3.67897
3.75464
3.83031
3.90598
3.98166
4.05733
4.133
4.20867
4.28434
4.36001
4.43568
4.51135
4.58702
4.6627
4.73836
4.81403
0.0419286
0.110965
0.180002
0.249039
0.318076
0.387113
0.45615
0.525187
0.594223
0.66326
0.732297
0.801333
0.87037
0.939408
1.00844
1.07748
1.14652
1.21555
1.28459
1.35363
1.42266
1.4917
1.56074
1.62978
1.69881
1.76785
1.83689
1.90592
1.97496
2.044
2.11303
2.18207
2.25111
2.32015
2.38918
2.45821
2.52725
2.59629
2.66533
2.73436
2.8034
2.87244
2.94147
3.01051
3.07955
3.14859
3.21762
3.28666
3.3557
3.42473
3.49377
3.5628
3.63184
3.70088
3.76991
3.83895
3.90799
3.97703
4.04607
4.1151
4.18414
4.25317
4.32221
4.39125
0.0371132
0.0993475
0.161582
0.223817
0.286051
0.348285
0.41052
0.472755
0.534989
0.597224
0.659458
0.721693
0.783927
0.846162
0.908396
0.97063
1.03287
1.0951
1.15733
1.21957
1.2818
1.34404
1.40627
1.46851
1.53074
1.59297
1.65521
1.71745
1.77968
1.84191
1.90415
1.96638
2.02862
2.09085
2.15309
2.21532
2.27756
2.33979
2.40203
2.46426
2.52649
2.58873
2.65096
2.7132
2.77543
2.83767
2.8999
2.96214
3.02437
3.0866
3.14884
3.21107
3.27331
3.33554
3.39777
3.46001
3.52224
3.58448
3.64671
3.70895
3.77118
3.83342
3.89565
3.95788
0.0323548
0.0876346
0.142915
0.198195
0.253474
0.308754
0.364035
0.419315
0.474595
0.529875
0.585154
0.640434
0.695714
0.750994
0.806274
0.861554
0.916835
0.972116
1.02739
1.08267
1.13796
1.19323
1.24852
1.3038
1.35908
1.41435
1.46963
1.52492
1.58019
1.63547
1.69075
1.74603
1.80131
1.8566
1.91187
1.96715
2.02244
2.07771
2.13299
2.18827
2.24355
2.29883
2.35411
2.40939
2.46467
2.51996
2.57523
2.63051
2.68579
2.74107
2.79635
2.85164
2.90692
2.96219
3.01747
3.07275
3.12803
3.18331
3.2386
3.29387
3.34915
3.40444
3.45971
3.51499
0.0276696
0.0758596
0.12405
0.172239
0.220429
0.26862
0.31681
0.364999
0.413189
0.461379
0.509569
0.557759
0.605949
0.654139
0.702329
0.750519
0.798708
0.846898
0.895089
0.943278
0.991468
1.03966
1.08785
1.13604
1.18423
1.23242
1.28061
1.3288
1.37699
1.42518
1.47337
1.52156
1.56975
1.61794
1.66613
1.71431
1.76251
1.8107
1.85889
1.90708
1.95527
2.00345
2.05165
2.09984
2.14803
2.19622
2.24441
2.29259
2.34078
2.38897
2.43717
2.48536
2.53355
2.58174
2.62992
2.67812
2.72631
2.7745
2.82269
2.87088
2.91907
2.96726
3.01545
3.06363
0.0230736
0.064055
0.105036
0.146018
0.186999
0.227981
0.268962
0.309943
0.350925
0.391906
0.432887
0.473869
0.51485
0.555832
0.596813
0.637794
0.678776
0.719757
0.760738
0.80172
0.842702
0.883683
0.924663
0.965646
1.00663
1.04761
1.08859
1.12957
1.17055
1.21153
1.25251
1.29349
1.33448
1.37546
1.41644
1.45742
1.4984
1.53939
1.58037
1.62135
1.66233
1.70331
1.74429
1.78527
1.82625
1.86724
1.90822
1.9492
1.99018
2.03116
2.07215
2.11313
2.15411
2.19509
2.23607
2.27705
2.31803
2.35901
2.39999
2.44098
2.48196
2.52294
2.56392
2.6049
0.0185818
0.0522535
0.0859251
0.119597
0.153269
0.18694
0.220612
0.254283
0.287955
0.321626
0.355298
0.38897
0.422641
0.456313
0.489985
0.523657
0.557328
0.591
0.624671
0.658343
0.692014
0.725686
0.759358
0.79303
0.826701
0.860373
0.894046
0.927716
0.961386
0.995057
1.02873
1.0624
1.09607
1.12974
1.16341
1.19709
1.23076
1.26443
1.29811
1.33178
1.36545
1.39912
1.43279
1.46646
1.50013
1.5338
1.56748
1.60115
1.63482
1.66849
1.70216
1.73584
1.76951
1.80318
1.83685
1.87052
1.90419
1.93786
1.97154
2.00521
2.03888
2.07255
2.10622
2.13989
0.0142087
0.0404869
0.0667651
0.0930435
0.119322
0.1456
0.171878
0.198156
0.224435
0.250713
0.276991
0.303269
0.329547
0.355826
0.382104
0.408382
0.43466
0.460939
0.487217
0.513495
0.539773
0.566051
0.59233
0.618608
0.644886
0.671165
0.697443
0.723721
0.749999
0.776277
0.802556
0.828834
0.855112
0.88139
0.907667
0.933946
0.960225
0.986504
1.01278
1.03906
1.06534
1.09162
1.11789
1.14417
1.17045
1.19673
1.22301
1.24929
1.27556
1.30184
1.32812
1.3544
1.38068
1.40695
1.43323
1.45951
1.48579
1.51207
1.53835
1.56462
1.5909
1.61718
1.64346
1.66974
0.00996762
0.0287866
0.0476055
0.0664244
0.0852433
0.104062
0.122881
0.1417
0.16052
0.179338
0.198157
0.216976
0.235795
0.254614
0.273433
0.292252
0.31107
0.329889
0.348708
0.367527
0.386347
0.405166
0.423984
0.442803
0.461622
0.480441
0.49926
0.518079
0.536898
0.555717
0.574536
0.593355
0.612174
0.630992
0.649812
0.668631
0.68745
0.706269
0.725088
0.743906
0.762726
0.781544
0.800364
0.819183
0.838002
0.85682
0.87564
0.89446
0.913277
0.932095
0.950915
0.969735
0.988553
1.00737
1.02619
1.04501
1.06383
1.08265
1.10147
1.12029
1.1391
1.15792
1.17674
1.19556
0.00587108
0.0171828
0.0284945
0.0398062
0.0511179
0.0624296
0.0737414
0.0850532
0.0963649
0.107677
0.118988
0.1303
0.141612
0.152923
0.164235
0.175547
0.186858
0.19817
0.209482
0.220793
0.232105
0.243417
0.254729
0.26604
0.277352
0.288664
0.299975
0.311287
0.322599
0.333911
0.345222
0.356534
0.367846
0.379157
0.390469
0.401781
0.413093
0.424404
0.435716
0.447028
0.458339
0.469651
0.480963
0.492275
0.503586
0.514898
0.52621
0.537521
0.548833
0.560145
0.571456
0.582768
0.59408
0.605392
0.616704
0.628015
0.639327
0.650638
0.66195
0.673262
0.684574
0.695885
0.707197
0.718509
0.00193041
0.00570498
0.00947957
0.0132542
0.0170288
0.0208033
0.0245779
0.0283525
0.0321271
0.0359017
0.0396763
0.0434508
0.0472255
0.051
0.0547747
0.0585493
0.0623237
0.0660984
0.0698731
0.0736475
0.0774221
0.0811968
0.0849712
0.0887458
0.0925205
0.0962949
0.10007
0.103844
0.107619
0.111394
0.115168
0.118943
0.122717
0.126492
0.130266
0.134041
0.137815
0.14159
0.145365
0.149139
0.152914
0.156688
0.160463
0.164238
0.168012
0.171787
0.175561
0.179336
0.183111
0.186885
0.19066
0.194434
0.198209
0.201983
0.205758
0.209533
0.213307
0.217082
0.220856
0.224631
0.228406
0.23218
0.235955
0.239729
