0
-8.6233e-05
-0.00034419
-0.000772083
-0.00136706
-0.00212497
-0.00304078
-0.00410847
-0.00532104
-0.00667086
-0.00814962
-0.00974843
-0.0114578
-0.0132682
-0.0151695
-0.0171516
-0.019204
-0.0213164
-0.0234781
-0.0256786
-0.0279069
-0.0301524
-0.032404
-0.0346504
-0.0368804
-0.039082
-0.0412435
-0.0433525
-0.0453963
-0.0473619
-0.0492362
-0.0510056
-0.0526563
-0.0541746
-0.0555469
-0.0567595
-0.0577993
-0.0586535
-0.0593101
-0.0597581
-0.0599874
-0.0599892
-0.0597562
-0.0592824
-0.0585638
-0.0575979
-0.0563842
-0.054924
-0.0532204
-0.0512781
-0.0491036
-0.0467049
-0.0440912
-0.0412728
-0.0382608
-0.0350671
-0.0317036
-0.0281823
-0.024515
-0.0207128
-0.0167861
-0.0127441
-0.00859498
-0.00434525
0
0.00434525
0.00859498
0.0127441
0.0167861
0.0207128
0.024515
0.0281823
0.0317036
0.0350671
0.0382608
0.0412728
0.0440912
0.0467049
0.0491036
0.0512781
0.0532204
0.054924
0.0563842
0.0575979
0.0585638
0.0592824
0.0597562
0.0599892
0.0599874
0.0597581
0.0593101
0.0586535
0.0577993
0.0567595
0.0555469
0.0541746
0.0526563
0.0510056
0.0492362
0.0473619
0.0453963
0.0433525
0.0412435
0.039082
0.0368804
0.0346504
0.032404
0.0301524
0.0279069
0.0256786
0.0234781
0.0213164
0.019204
0.0171516
0.0151695
0.0132682
0.0114578
0.00974843
0.00814962
0.00667086
0.00532104
0.00410847
0.00304078
0.00212497
0.00136706
0.000772083
0.00034419
8.6233e-05
0
0
-0.00763377
-0.0154184
-0.0233341
-0.0313599
-0.0394738
-0.0476531
-0.0558744
-0.0641135
-0.0723459
-0.0805468
-0.0886911
-0.0967538
-0.10471
-0.112535
-0.120204
-0.127694
-0.134981
-0.142042
-0.148854
-0.155396
-0.161647
-0.167586
-0.173193
-0.178448
-0.183334
-0.187831
-0.191921
-0.195588
-0.198814
-0.201584
-0.203882
-0.205692
-0.207002
-0.207798
-0.208067
-0.2078
-0.206987
-0.205619
-0.203692
-0.2012
-0.198142
-0.194517
-0.190329
-0.185581
-0.180282
-0.174442
-0.168072
-0.161187
-0.153806
-0.145947
-0.137633
-0.128885
-0.119731
-0.110195
-0.100306
-0.0900906
-0.0795783
-0.0687974
-0.0577761
-0.0465421
-0.0351224
-0.0235427
-0.0118277
-4.08245e-07
0.0118269
0.0235419
0.0351216
0.0465413
0.0577753
0.0687966
0.0795775
0.0900898
0.100305
0.110194
0.11973
0.128885
0.137632
0.145947
0.153806
0.161187
0.168071
0.174441
0.180282
0.185581
0.190328
0.194517
0.198141
0.2012
0.203692
0.205619
0.206987
0.2078
0.208067
0.207798
0.207002
0.205692
0.203882
0.201584
0.198814
0.195588
0.191921
0.187831
0.183334
0.178449
0.173193
0.167586
0.161647
0.155396
0.148854
0.142042
0.134981
0.127695
0.120205
0.112536
0.104711
0.0967545
0.0886918
0.0805475
0.0723466
0.0641143
0.0558752
0.0476539
0.0394746
0.0313607
0.0233349
0.0154193
0.00763459
8.16489e-07
0
-0.0151813
-0.0304927
-0.0458961
-0.0613527
-0.0768227
-0.0922655
-0.10764
-0.122906
-0.138021
-0.152944
-0.167634
-0.18205
-0.196152
-0.209901
-0.223257
-0.236184
-0.248645
-0.260605
-0.272029
-0.282885
-0.293141
-0.302767
-0.311735
-0.320016
-0.327585
-0.334418
-0.34049
-0.34578
-0.350267
-0.353932
-0.356758
-0.358728
-0.359829
-0.360048
-0.359375
-0.357801
-0.35532
-0.351928
-0.347625
-0.342412
-0.336294
-0.329278
-0.321375
-0.312599
-0.302967
-0.292499
-0.281219
-0.269155
-0.256334
-0.242791
-0.22856
-0.21368
-0.198189
-0.182129
-0.165544
-0.148478
-0.130974
-0.11308
-0.0948394
-0.0762981
-0.0575006
-0.0384904
-0.0193101
-8.16489e-07
0.0193085
0.0384888
0.057499
0.0762965
0.0948378
0.113078
0.130973
0.148476
0.165543
0.182128
0.198187
0.213678
0.228559
0.24279
0.256333
0.269153
0.281218
0.292498
0.302966
0.312598
0.321374
0.329277
0.336293
0.342412
0.347625
0.351928
0.35532
0.357801
0.359375
0.360048
0.359829
0.358728
0.356758
0.353932
0.350267
0.34578
0.34049
0.334418
0.327586
0.320017
0.311735
0.302768
0.293142
0.282886
0.27203
0.260606
0.248646
0.236185
0.223258
0.209902
0.196153
0.182051
0.167635
0.152945
0.138022
0.122907
0.107642
0.0922671
0.0768242
0.0613543
0.0458977
0.0304943
0.0151829
1.63298e-06
0
-0.0227289
-0.0455669
-0.0684581
-0.0913456
-0.114172
-0.136878
-0.159406
-0.181698
-0.203696
-0.225341
-0.246577
-0.267346
-0.287594
-0.307266
-0.32631
-0.344674
-0.36231
-0.379168
-0.395204
-0.410374
-0.424635
-0.437949
-0.450277
-0.461584
-0.471837
-0.481005
-0.489058
-0.495971
-0.501719
-0.50628
-0.509634
-0.511764
-0.512657
-0.512299
-0.510683
-0.507802
-0.503653
-0.498238
-0.491559
-0.483625
-0.474447
-0.464039
-0.452421
-0.439616
-0.425651
-0.410556
-0.394367
-0.377122
-0.358862
-0.339635
-0.319488
-0.298474
-0.276647
-0.254064
-0.230783
-0.206864
-0.18237
-0.157362
-0.131903
-0.106054
-0.0798789
-0.0534381
-0.0267925
-1.22473e-06
0.0267901
0.0534357
0.0798764
0.106052
0.1319
0.15736
0.182368
0.206862
0.230781
0.254061
0.276645
0.298472
0.319486
0.339633
0.358861
0.37712
0.394365
0.410555
0.42565
0.439615
0.45242
0.464038
0.474446
0.483624
0.491558
0.498237
0.503653
0.507801
0.510683
0.512299
0.512657
0.511764
0.509634
0.50628
0.501719
0.495972
0.489059
0.481005
0.471838
0.461585
0.450278
0.43795
0.424637
0.410375
0.395206
0.37917
0.362311
0.344676
0.326312
0.307268
0.287596
0.267348
0.246579
0.225343
0.203698
0.181701
0.159409
0.13688
0.114174
0.091348
0.0684606
0.0455694
0.0227313
2.44947e-06
0
-0.0302764
-0.0606412
-0.0910202
-0.121338
-0.15152
-0.18149
-0.211172
-0.240491
-0.269371
-0.297738
-0.325519
-0.352642
-0.379036
-0.404632
-0.429363
-0.453165
-0.475974
-0.497732
-0.51838
-0.537863
-0.55613
-0.57313
-0.588819
-0.603152
-0.616089
-0.627592
-0.637627
-0.646163
-0.653171
-0.658628
-0.66251
-0.664801
-0.665484
-0.66455
-0.661991
-0.657803
-0.651987
-0.644547
-0.635493
-0.624838
-0.612599
-0.5988
-0.583468
-0.566634
-0.548336
-0.528614
-0.507515
-0.485089
-0.46139
-0.436479
-0.410416
-0.383268
-0.355105
-0.325998
-0.296021
-0.265251
-0.233766
-0.201645
-0.168966
-0.13581
-0.102257
-0.0683859
-0.0342749
-1.63298e-06
0.0342717
0.0683826
0.102254
0.135807
0.168963
0.201641
0.233763
0.265248
0.296018
0.325995
0.355102
0.383266
0.410413
0.436476
0.461388
0.485086
0.507513
0.528612
0.548334
0.566632
0.583466
0.598799
0.612598
0.624836
0.635492
0.644546
0.651986
0.657802
0.66199
0.66455
0.665484
0.664801
0.66251
0.658628
0.653172
0.646163
0.637628
0.627593
0.61609
0.603153
0.58882
0.573132
0.556131
0.537865
0.518382
0.497734
0.475976
0.453167
0.429365
0.404634
0.379038
0.352645
0.325522
0.297741
0.269374
0.240494
0.211175
0.181493
0.151524
0.121342
0.0910234
0.0606444
0.0302797
3.26596e-06
0
-0.0378239
-0.0757155
-0.113582
-0.151331
-0.188869
-0.226103
-0.262938
-0.299283
-0.335046
-0.370135
-0.404462
-0.437938
-0.470477
-0.501997
-0.532416
-0.561655
-0.589639
-0.616295
-0.641555
-0.665352
-0.687624
-0.708312
-0.727361
-0.74472
-0.76034
-0.774179
-0.786195
-0.796354
-0.804624
-0.810975
-0.815386
-0.817837
-0.818312
-0.816801
-0.813299
-0.807804
-0.80032
-0.790856
-0.779426
-0.76605
-0.750752
-0.733561
-0.714514
-0.693652
-0.67102
-0.646671
-0.620663
-0.593056
-0.563919
-0.533322
-0.501344
-0.468063
-0.433563
-0.397932
-0.36126
-0.323638
-0.285162
-0.245927
-0.206029
-0.165566
-0.124635
-0.0833336
-0.0417574
-2.04122e-06
0.0417533
0.0833295
0.124631
0.165562
0.206025
0.245923
0.285158
0.323635
0.361256
0.397928
0.43356
0.468059
0.50134
0.533319
0.563916
0.593053
0.62066
0.646669
0.671018
0.693649
0.714512
0.733559
0.75075
0.766048
0.779425
0.790855
0.800319
0.807803
0.813298
0.8168
0.818311
0.817837
0.815386
0.810976
0.804624
0.796355
0.786196
0.77418
0.760342
0.744721
0.727363
0.708314
0.687626
0.665354
0.641557
0.616298
0.589641
0.561658
0.532419
0.502
0.470481
0.437941
0.404465
0.370139
0.33505
0.299287
0.262942
0.226107
0.188873
0.151335
0.113586
0.0757195
0.037828
4.08245e-06
0
-0.0453715
-0.0907897
-0.136144
-0.181324
-0.226218
-0.270715
-0.314704
-0.358076
-0.400721
-0.442532
-0.483405
-0.523234
-0.561919
-0.599363
-0.635469
-0.670145
-0.703303
-0.734859
-0.76473
-0.792841
-0.819118
-0.843494
-0.865903
-0.886288
-0.904592
-0.920766
-0.934764
-0.946546
-0.956076
-0.963323
-0.968262
-0.970873
-0.971139
-0.969052
-0.964606
-0.957804
-0.948653
-0.937165
-0.92336
-0.907263
-0.888904
-0.868322
-0.845561
-0.820669
-0.793705
-0.764729
-0.73381
-0.701023
-0.666447
-0.630166
-0.592272
-0.552857
-0.512021
-0.469866
-0.426498
-0.382025
-0.336558
-0.290209
-0.243092
-0.195322
-0.147014
-0.0982813
-0.0492398
-2.44947e-06
0.0492349
0.0982764
0.147009
0.195317
0.243088
0.290205
0.336554
0.382021
0.426494
0.469862
0.512017
0.552853
0.592268
0.630162
0.666443
0.70102
0.733807
0.764726
0.793702
0.820666
0.845558
0.86832
0.888902
0.907261
0.923358
0.937164
0.948652
0.957804
0.964606
0.969051
0.971139
0.970873
0.968263
0.963324
0.956077
0.946547
0.934765
0.920767
0.904593
0.886289
0.865905
0.843496
0.819121
0.792844
0.764733
0.734862
0.703306
0.670148
0.635472
0.599366
0.561923
0.523238
0.483409
0.442537
0.400725
0.35808
0.314709
0.27072
0.226223
0.181329
0.136149
0.0907946
0.0453764
4.89894e-06
0
-0.052919
-0.105864
-0.158706
-0.211317
-0.263567
-0.315327
-0.36647
-0.416868
-0.466396
-0.51493
-0.562347
-0.60853
-0.653361
-0.696728
-0.738521
-0.778635
-0.816968
-0.853422
-0.887905
-0.92033
-0.950612
-0.978675
-1.00445
-1.02786
-1.04884
-1.06735
-1.08333
-1.09674
-1.10753
-1.11567
-1.12114
-1.12391
-1.12397
-1.1213
-1.11591
-1.10781
-1.09699
-1.08347
-1.06729
-1.04848
-1.02706
-1.00308
-0.976607
-0.947687
-0.916389
-0.882786
-0.846958
-0.80899
-0.768975
-0.72701
-0.683199
-0.637651
-0.590479
-0.541801
-0.491737
-0.440412
-0.387954
-0.334492
-0.280156
-0.225078
-0.169392
-0.113229
-0.0567222
-2.85771e-06
0.0567165
0.113223
0.169386
0.225073
0.28015
0.334486
0.387949
0.440407
0.491732
0.541796
0.590474
0.637646
0.683195
0.727006
0.768971
0.808986
0.846954
0.882783
0.916386
0.947684
0.976604
1.00308
1.02705
1.04847
1.06729
1.08347
1.09698
1.1078
1.11591
1.1213
1.12397
1.12391
1.12114
1.11567
1.10753
1.09674
1.08333
1.06735
1.04885
1.02786
1.00445
0.978678
0.950615
0.920333
0.887909
0.853426
0.816971
0.778639
0.738526
0.696733
0.653366
0.608535
0.562352
0.514935
0.466401
0.416874
0.366476
0.315333
0.263572
0.211323
0.158712
0.10587
0.0529247
5.71542e-06
0
-0.0604666
-0.120938
-0.181268
-0.24131
-0.300916
-0.35994
-0.418236
-0.475661
-0.532071
-0.587327
-0.64129
-0.693826
-0.744803
-0.794094
-0.841574
-0.887125
-0.930632
-0.971985
-1.01108
-1.04782
-1.08211
-1.11386
-1.14299
-1.16942
-1.19309
-1.21394
-1.2319
-1.24693
-1.25898
-1.26802
-1.27401
-1.27694
-1.27679
-1.27355
-1.26722
-1.25781
-1.24532
-1.22978
-1.21123
-1.18969
-1.16521
-1.13784
-1.10765
-1.0747
-1.03907
-1.00084
-0.960106
-0.916957
-0.871503
-0.823854
-0.774127
-0.722446
-0.668937
-0.613735
-0.556975
-0.498799
-0.43935
-0.378774
-0.317219
-0.254834
-0.19177
-0.128177
-0.0642046
-3.26596e-06
0.0641981
0.12817
0.191764
0.254828
0.317213
0.378768
0.439344
0.498793
0.556969
0.613729
0.668932
0.72244
0.774122
0.823849
0.871498
0.916953
0.960101
1.00084
1.03907
1.0747
1.10765
1.13784
1.16521
1.18969
1.21123
1.22978
1.24532
1.2578
1.26722
1.27355
1.27679
1.27694
1.27401
1.26802
1.25898
1.24693
1.2319
1.21394
1.1931
1.16943
1.14299
1.11386
1.08211
1.04782
1.01108
0.97199
0.930637
0.88713
0.841579
0.794099
0.744808
0.693831
0.641296
0.587333
0.532077
0.475667
0.418242
0.359946
0.300922
0.241316
0.181275
0.120945
0.0604731
6.53191e-06
0
-0.0680141
-0.136012
-0.20383
-0.271303
-0.338265
-0.404552
-0.470002
-0.534453
-0.597746
-0.659724
-0.720233
-0.779122
-0.836245
-0.891459
-0.944627
-0.995615
-1.0443
-1.09055
-1.13426
-1.17531
-1.2136
-1.24904
-1.28153
-1.31099
-1.33735
-1.36053
-1.38047
-1.39712
-1.41043
-1.42037
-1.42689
-1.42998
-1.42962
-1.4258
-1.41853
-1.40781
-1.39365
-1.37609
-1.35516
-1.3309
-1.30336
-1.27261
-1.2387
-1.20172
-1.16176
-1.1189
-1.07325
-1.02492
-0.974031
-0.920698
-0.865055
-0.80724
-0.747395
-0.685669
-0.622214
-0.557186
-0.490746
-0.423056
-0.354282
-0.28459
-0.214148
-0.143124
-0.0716871
-3.6742e-06
0.0716797
0.143117
0.214141
0.284583
0.354275
0.423049
0.490739
0.557179
0.622207
0.685663
0.747389
0.807234
0.865049
0.920692
0.974026
1.02492
1.07325
1.1189
1.16175
1.20172
1.2387
1.2726
1.30336
1.3309
1.35516
1.37609
1.39365
1.40781
1.41853
1.4258
1.42962
1.42998
1.42689
1.42037
1.41043
1.39712
1.38047
1.36053
1.33735
1.31099
1.28153
1.24904
1.2136
1.17531
1.13426
1.09055
1.0443
0.99562
0.944632
0.891465
0.836251
0.779128
0.720239
0.65973
0.597753
0.53446
0.470009
0.404559
0.338272
0.27131
0.203838
0.13602
0.0680214
7.3484e-06
0
-0.0755616
-0.151087
-0.226392
-0.301295
-0.375613
-0.449164
-0.521768
-0.593246
-0.663421
-0.732121
-0.799175
-0.864418
-0.927687
-0.988825
-1.04768
-1.10411
-1.15796
-1.20911
-1.25743
-1.3028
-1.3451
-1.38422
-1.42007
-1.45256
-1.4816
-1.50711
-1.52904
-1.54731
-1.56189
-1.57271
-1.57977
-1.58302
-1.58245
-1.57805
-1.56984
-1.55781
-1.54199
-1.5224
-1.49909
-1.47211
-1.44151
-1.40737
-1.36975
-1.32874
-1.28444
-1.23696
-1.1864
-1.13289
-1.07656
-1.01754
-0.955983
-0.892034
-0.825853
-0.757603
-0.687452
-0.615573
-0.542142
-0.467339
-0.391346
-0.314346
-0.236527
-0.158072
-0.0791695
-4.08245e-06
0.0791613
0.158064
0.236518
0.314338
0.391338
0.467331
0.542134
0.615566
0.687445
0.757596
0.825846
0.892027
0.955976
1.01754
1.07655
1.13289
1.1864
1.23695
1.28444
1.32873
1.36974
1.40736
1.44151
1.47211
1.49909
1.5224
1.54198
1.55781
1.56984
1.57805
1.58245
1.58302
1.57977
1.57272
1.56189
1.54731
1.52904
1.50712
1.4816
1.45256
1.42008
1.38422
1.3451
1.3028
1.25744
1.20912
1.15797
1.10411
1.04769
0.988831
0.927693
0.864425
0.799182
0.732128
0.663429
0.593253
0.521776
0.449172
0.375621
0.301303
0.2264
0.151095
0.0755698
8.16489e-06
0
-0.0831092
-0.166161
-0.248954
-0.331288
-0.412962
-0.493777
-0.573534
-0.652038
-0.729096
-0.804518
-0.878118
-0.949714
-1.01913
-1.08619
-1.15073
-1.2126
-1.27163
-1.32768
-1.38061
-1.43029
-1.47659
-1.5194
-1.55861
-1.59413
-1.62585
-1.6537
-1.67761
-1.6975
-1.71334
-1.72506
-1.73264
-1.73605
-1.73528
-1.73031
-1.72115
-1.70781
-1.69032
-1.66871
-1.64303
-1.61333
-1.57967
-1.54213
-1.50079
-1.45576
-1.40713
-1.35502
-1.29955
-1.24086
-1.17909
-1.11439
-1.04691
-0.976828
-0.904311
-0.829538
-0.752691
-0.67396
-0.593538
-0.511621
-0.428409
-0.344102
-0.258905
-0.17302
-0.0866519
-4.49069e-06
0.0866429
0.173011
0.258896
0.344094
0.4284
0.511613
0.59353
0.673952
0.752683
0.82953
0.904304
0.976821
1.0469
1.11438
1.17908
1.24085
1.29954
1.35501
1.40712
1.45575
1.50079
1.54212
1.57966
1.61332
1.64303
1.66871
1.69032
1.70781
1.72114
1.7303
1.73528
1.73605
1.73264
1.72506
1.71334
1.69751
1.67761
1.6537
1.62585
1.59413
1.55862
1.51941
1.47659
1.43029
1.38061
1.32768
1.27163
1.2126
1.15074
1.0862
1.01914
0.949721
0.878126
0.804526
0.729104
0.652046
0.573542
0.493785
0.412971
0.331297
0.248963
0.16617
0.0831181
8.98138e-06
0
-0.0906567
-0.181235
-0.271516
-0.361281
-0.450311
-0.538389
-0.6253
-0.710831
-0.794771
-0.876915
-0.957061
-1.03501
-1.11057
-1.18356
-1.25379
-1.32109
-1.38529
-1.44624
-1.50378
-1.55777
-1.60808
-1.65458
-1.69716
-1.73569
-1.7701
-1.80029
-1.82618
-1.8477
-1.86479
-1.87741
-1.88552
-1.88909
-1.8881
-1.88256
-1.87245
-1.85781
-1.83865
-1.81502
-1.78696
-1.75454
-1.71782
-1.67689
-1.63184
-1.58277
-1.52981
-1.47307
-1.4127
-1.34883
-1.28162
-1.21123
-1.13784
-1.06162
-0.982769
-0.901472
-0.817929
-0.732347
-0.644934
-0.555904
-0.465472
-0.373858
-0.281283
-0.187968
-0.0941343
-4.89894e-06
0.0941246
0.187958
0.281273
0.373849
0.465463
0.555894
0.644925
0.732338
0.817921
0.901463
0.982761
1.06161
1.13783
1.21122
1.28161
1.34882
1.41269
1.47307
1.52981
1.58277
1.63183
1.67688
1.71781
1.75453
1.78696
1.81502
1.83865
1.85781
1.87245
1.88256
1.8881
1.88909
1.88552
1.87741
1.86479
1.8477
1.82618
1.80029
1.7701
1.7357
1.69716
1.65459
1.60809
1.55778
1.50379
1.44625
1.3853
1.32109
1.25379
1.18356
1.11058
1.03502
0.957069
0.876924
0.79478
0.71084
0.625309
0.538399
0.450321
0.361291
0.271526
0.181245
0.0906665
9.79787e-06
0
-0.0982043
-0.196309
-0.294078
-0.391274
-0.48766
-0.583002
-0.677066
-0.769623
-0.860446
-0.949312
-1.036
-1.12031
-1.20201
-1.28092
-1.35684
-1.42958
-1.49895
-1.5648
-1.62696
-1.68526
-1.73958
-1.78976
-1.8357
-1.87726
-1.91435
-1.94687
-1.97474
-1.99789
-2.01624
-2.02976
-2.0384
-2.04213
-2.04093
-2.03481
-2.02376
-2.00781
-1.98699
-1.96133
-1.9309
-1.89575
-1.85597
-1.81165
-1.76288
-1.70979
-1.6525
-1.59113
-1.52584
-1.45679
-1.38414
-1.30807
-1.22877
-1.14642
-1.06123
-0.973406
-0.883168
-0.790734
-0.69633
-0.600186
-0.502535
-0.403614
-0.303661
-0.202915
-0.101617
-5.30718e-06
0.101606
0.202905
0.303651
0.403604
0.502525
0.600176
0.69632
0.790724
0.883158
0.973397
1.06122
1.14641
1.22876
1.30806
1.38414
1.45679
1.52584
1.59112
1.65249
1.70979
1.76288
1.81164
1.85597
1.89575
1.93089
1.96133
1.98698
2.00781
2.02376
2.03481
2.04093
2.04213
2.0384
2.02976
2.01624
1.99789
1.97475
1.94688
1.91436
1.87727
1.8357
1.78977
1.73958
1.68527
1.62696
1.56481
1.49896
1.42958
1.35685
1.28093
1.20202
1.12031
1.03601
0.949322
0.860456
0.769633
0.677076
0.583012
0.48767
0.391284
0.294089
0.19632
0.0982149
1.06144e-05
0
-0.105752
-0.211384
-0.31664
-0.421267
-0.525009
-0.627614
-0.728832
-0.828416
-0.926121
-1.02171
-1.11495
-1.2056
-1.29345
-1.37829
-1.45989
-1.53807
-1.61262
-1.68337
-1.75013
-1.81275
-1.87107
-1.92495
-1.97424
-2.01883
-2.0586
-2.09346
-2.12331
-2.14808
-2.16769
-2.18211
-2.19127
-2.19516
-2.19376
-2.18706
-2.17507
-2.15781
-2.13532
-2.10764
-2.07483
-2.03696
-1.99412
-1.94641
-1.89393
-1.83681
-1.77518
-1.70919
-1.63899
-1.56476
-1.48667
-1.40492
-1.31969
-1.23121
-1.13969
-1.04534
-0.948407
-0.849121
-0.747726
-0.644468
-0.539599
-0.43337
-0.326039
-0.217863
-0.109099
-5.71542e-06
0.109088
0.217852
0.326028
0.433359
0.539588
0.644457
0.747715
0.84911
0.948396
1.04533
1.13968
1.2312
1.31968
1.40491
1.48666
1.56475
1.63898
1.70918
1.77517
1.8368
1.89393
1.9464
1.99412
2.03696
2.07483
2.10764
2.13532
2.15781
2.17507
2.18706
2.19376
2.19516
2.19127
2.18211
2.1677
2.14808
2.12332
2.09347
2.05861
2.01883
1.97425
1.92495
1.87108
1.81276
1.75014
1.68337
1.61263
1.53807
1.4599
1.3783
1.29346
1.20561
1.11496
1.02172
0.926132
0.828426
0.728843
0.627625
0.52502
0.421278
0.316652
0.211395
0.105763
1.14308e-05
0
-0.113299
-0.226458
-0.339202
-0.45126
-0.562358
-0.672226
-0.780598
-0.887208
-0.991796
-1.09411
-1.19389
-1.2909
-1.3849
-1.47565
-1.56294
-1.64656
-1.72628
-1.80193
-1.87331
-1.94024
-2.00257
-2.06013
-2.11278
-2.1604
-2.20286
-2.24005
-2.27188
-2.29827
-2.31915
-2.33445
-2.34415
-2.3482
-2.34659
-2.33931
-2.32638
-2.30781
-2.28365
-2.25395
-2.21876
-2.17818
-2.13228
-2.08117
-2.02498
-1.96383
-1.89786
-1.82725
-1.75214
-1.67273
-1.5892
-1.50176
-1.41062
-1.31601
-1.21814
-1.11727
-1.01365
-0.907508
-0.799122
-0.688751
-0.576662
-0.463126
-0.348418
-0.232811
-0.116582
-6.12367e-06
0.116569
0.232799
0.348406
0.463114
0.57665
0.688739
0.79911
0.907497
1.01363
1.11726
1.21813
1.316
1.41061
1.50175
1.58919
1.67272
1.75213
1.82724
1.89786
1.96382
2.02497
2.08117
2.13227
2.17817
2.21876
2.25394
2.28365
2.30781
2.32637
2.33931
2.34658
2.3482
2.34415
2.33446
2.31915
2.29827
2.27188
2.24005
2.20286
2.1604
2.11279
2.06013
2.00257
1.94025
1.87331
1.80194
1.72629
1.64656
1.56295
1.47566
1.38491
1.29091
1.1939
1.09412
0.991807
0.887219
0.780609
0.672238
0.56237
0.451272
0.339215
0.22647
0.113312
1.22473e-05
0
-0.120847
-0.241532
-0.361764
-0.481252
-0.599706
-0.716839
-0.832364
-0.946
-1.05747
-1.1665
-1.27283
-1.37619
-1.47634
-1.57302
-1.666
-1.75505
-1.83995
-1.92049
-1.99648
-2.06773
-2.13406
-2.19531
-2.25132
-2.30197
-2.34711
-2.38664
-2.42045
-2.44846
-2.4706
-2.4868
-2.49702
-2.50123
-2.49941
-2.49156
-2.47768
-2.45781
-2.43199
-2.40026
-2.3627
-2.31939
-2.27043
-2.21593
-2.15602
-2.09084
-2.02055
-1.9453
-1.86529
-1.78069
-1.69173
-1.5986
-1.50155
-1.4008
-1.2966
-1.18921
-1.07888
-0.965895
-0.850518
-0.733033
-0.613725
-0.492882
-0.370796
-0.247759
-0.124064
-6.53191e-06
0.124051
0.247746
0.370783
0.49287
0.613713
0.733021
0.850506
0.965883
1.07887
1.1892
1.29659
1.40079
1.50154
1.59859
1.69172
1.78068
1.86528
1.94529
2.02054
2.09084
2.15602
2.21593
2.27042
2.31938
2.36269
2.40025
2.43198
2.45781
2.47768
2.49156
2.49941
2.50123
2.49702
2.4868
2.4706
2.44846
2.42045
2.38664
2.34711
2.30197
2.25133
2.19532
2.13407
2.06774
1.99649
1.9205
1.83996
1.75506
1.66601
1.57303
1.47635
1.3762
1.27284
1.16652
1.05748
0.946013
0.832376
0.716851
0.599719
0.481265
0.361777
0.241545
0.12086
1.30638e-05
0
-0.128394
-0.256606
-0.384326
-0.511245
-0.637055
-0.761451
-0.88413
-1.00479
-1.12315
-1.2389
-1.35177
-1.46149
-1.56778
-1.67038
-1.76905
-1.86354
-1.95361
-2.03906
-2.11966
-2.19522
-2.26556
-2.33049
-2.38987
-2.44353
-2.49136
-2.53322
-2.56902
-2.59865
-2.62205
-2.63915
-2.6499
-2.65427
-2.65224
-2.64381
-2.62899
-2.60781
-2.58032
-2.54657
-2.50663
-2.4606
-2.40858
-2.35069
-2.28707
-2.21786
-2.14323
-2.06336
-1.97843
-1.88866
-1.79426
-1.69545
-1.59248
-1.48559
-1.37506
-1.26114
-1.14412
-1.02428
-0.901914
-0.777315
-0.650788
-0.522638
-0.393174
-0.262706
-0.131546
-6.94016e-06
0.131533
0.262692
0.39316
0.522625
0.650775
0.777302
0.901901
1.02427
1.14411
1.26113
1.37505
1.48558
1.59247
1.69544
1.79425
1.88865
1.97843
2.06335
2.14323
2.21785
2.28706
2.35069
2.40858
2.4606
2.50663
2.54656
2.58032
2.60781
2.62899
2.64381
2.65224
2.65427
2.6499
2.63915
2.62205
2.59866
2.56902
2.53323
2.49136
2.44354
2.38987
2.3305
2.26556
2.19523
2.11967
2.03906
1.95362
1.86355
1.76906
1.67039
1.56779
1.4615
1.35179
1.23891
1.12316
1.00481
0.884143
0.761464
0.637069
0.511259
0.38434
0.25662
0.128408
1.38803e-05
0
-0.135942
-0.271681
-0.406888
-0.541238
-0.674404
-0.806063
-0.935896
-1.06359
-1.18882
-1.3113
-1.43072
-1.54679
-1.65922
-1.76775
-1.8721
-1.97203
-2.06728
-2.15762
-2.24283
-2.32271
-2.39705
-2.46567
-2.52841
-2.5851
-2.63561
-2.67981
-2.71759
-2.74885
-2.7735
-2.7915
-2.80278
-2.80731
-2.80507
-2.79606
-2.7803
-2.75781
-2.72865
-2.69288
-2.65056
-2.60181
-2.54673
-2.48545
-2.41812
-2.34488
-2.26592
-2.18142
-2.09158
-1.99663
-1.89678
-1.79229
-1.6834
-1.57039
-1.45352
-1.33308
-1.20936
-1.08267
-0.95331
-0.821598
-0.687852
-0.552395
-0.415552
-0.277654
-0.139029
-7.3484e-06
0.139014
0.277639
0.415538
0.55238
0.687837
0.821584
0.953296
1.08266
1.20935
1.33306
1.45351
1.57038
1.68339
1.79228
1.89677
1.99662
2.09157
2.18141
2.26591
2.34487
2.41811
2.48545
2.54673
2.60181
2.65056
2.69287
2.72865
2.75781
2.7803
2.79606
2.80507
2.80731
2.80278
2.7915
2.77351
2.74885
2.71759
2.67981
2.63562
2.58511
2.52842
2.46568
2.39706
2.32272
2.24284
2.15763
2.06729
1.97204
1.87211
1.76776
1.65923
1.5468
1.43073
1.31131
1.18883
1.0636
0.93591
0.806077
0.674418
0.541253
0.406903
0.271695
0.135957
1.46968e-05
0
-0.143489
-0.286755
-0.429451
-0.571231
-0.711753
-0.850676
-0.987662
-1.12238
-1.2545
-1.3837
-1.50966
-1.63208
-1.75066
-1.86511
-1.97516
-2.08052
-2.18094
-2.27618
-2.36601
-2.4502
-2.52854
-2.60085
-2.66695
-2.72667
-2.77986
-2.8264
-2.86616
-2.89904
-2.92496
-2.94385
-2.95565
-2.96034
-2.9579
-2.94831
-2.93161
-2.90782
-2.87699
-2.83918
-2.7945
-2.74303
-2.68489
-2.62022
-2.54916
-2.4719
-2.3886
-2.29948
-2.20473
-2.1046
-1.99931
-1.88914
-1.77433
-1.65518
-1.53198
-1.40501
-1.2746
-1.14106
-1.00471
-0.86588
-0.724915
-0.582151
-0.437931
-0.292602
-0.146511
-7.75665e-06
0.146496
0.292586
0.437915
0.582135
0.7249
0.865865
1.00469
1.14104
1.27459
1.405
1.53196
1.65517
1.77432
1.88912
1.9993
2.10458
2.20472
2.29947
2.38859
2.47189
2.54916
2.62021
2.68488
2.74302
2.79449
2.83918
2.87698
2.90781
2.93161
2.94831
2.95789
2.96034
2.95565
2.94385
2.92496
2.89904
2.86616
2.8264
2.77987
2.72668
2.66696
2.60086
2.52855
2.45021
2.36602
2.27619
2.18095
2.08053
1.97517
1.86513
1.75068
1.63209
1.50967
1.38371
1.25451
1.12239
0.987676
0.850691
0.711768
0.571246
0.429466
0.28677
0.143505
1.55133e-05
0
-0.151037
-0.301829
-0.452013
-0.601224
-0.749102
-0.895288
-1.03943
-1.18117
-1.32017
-1.45609
-1.5886
-1.71738
-1.84211
-1.96248
-2.07821
-2.18901
-2.29461
-2.39475
-2.48918
-2.57769
-2.66004
-2.73604
-2.80549
-2.86824
-2.92411
-2.97298
-3.01472
-3.04923
-3.07641
-3.09619
-3.10853
-3.11338
-3.11072
-3.10056
-3.08292
-3.05782
-3.02532
-2.98549
-2.93843
-2.88424
-2.82304
-2.75498
-2.68021
-2.59892
-2.51129
-2.41753
-2.31788
-2.21256
-2.10184
-1.98598
-1.86526
-1.73998
-1.61043
-1.47695
-1.33984
-1.19944
-1.0561
-0.910163
-0.761978
-0.611907
-0.460309
-0.307549
-0.153994
-8.16489e-06
0.153977
0.307533
0.460293
0.611891
0.761962
0.910147
1.05609
1.19943
1.33982
1.47693
1.61042
1.73996
1.86525
1.98597
2.10183
2.21255
2.31787
2.41752
2.51128
2.59891
2.6802
2.75497
2.82303
2.88423
2.93843
2.98549
3.02531
3.05781
3.08291
3.10056
3.11072
3.11338
3.10853
3.09619
3.07641
3.04923
3.01473
2.97299
2.92412
2.86824
2.8055
2.73604
2.66005
2.5777
2.48919
2.39476
2.29462
2.18902
2.07822
1.96249
1.84212
1.71739
1.58862
1.45611
1.32019
1.18119
1.03944
0.895304
0.749118
0.60124
0.452029
0.301845
0.151053
1.63298e-05
0
-0.158585
-0.316903
-0.474575
-0.631217
-0.786451
-0.9399
-1.09119
-1.23996
-1.38585
-1.52849
-1.66754
-1.80267
-1.93355
-2.05985
-2.18126
-2.2975
-2.40827
-2.51331
-2.61236
-2.70518
-2.79153
-2.87122
-2.94404
-3.00981
-3.06837
-3.11957
-3.16329
-3.19942
-3.22786
-3.24854
-3.2614
-3.26641
-3.26355
-3.25281
-3.23422
-3.20782
-3.17365
-3.1318
-3.08237
-3.02545
-2.96119
-2.88974
-2.81126
-2.72593
-2.63397
-2.53559
-2.43103
-2.32053
-2.20437
-2.08282
-1.95619
-1.82477
-1.68889
-1.54888
-1.40508
-1.25783
-1.1075
-0.954445
-0.799042
-0.641663
-0.482687
-0.322497
-0.161476
-8.57314e-06
0.161459
0.32248
0.48267
0.641646
0.799025
0.954429
1.10748
1.25781
1.40506
1.54886
1.68888
1.82476
1.95617
2.08281
2.20436
2.32052
2.43101
2.53558
2.63396
2.72592
2.81125
2.88973
2.96118
3.02544
3.08236
3.1318
3.17365
3.20781
3.23422
3.25281
3.26355
3.26641
3.26141
3.24854
3.22786
3.19942
3.1633
3.11958
3.06837
3.00981
2.94404
2.87123
2.79154
2.70519
2.61237
2.51332
2.40828
2.29751
2.18127
2.05986
1.93356
1.80269
1.66756
1.5285
1.38586
1.23998
1.09121
0.939917
0.786467
0.631233
0.474592
0.316921
0.158602
1.71463e-05
0
-0.166132
-0.331978
-0.497137
-0.66121
-0.8238
-0.984513
-1.14296
-1.29876
-1.45152
-1.60089
-1.74649
-1.88797
-2.02499
-2.15721
-2.28431
-2.40599
-2.52193
-2.63187
-2.73553
-2.83266
-2.92303
-3.0064
-3.08258
-3.15137
-3.21262
-3.26616
-3.31186
-3.34961
-3.37931
-3.40089
-3.41428
-3.41945
-3.41638
-3.40506
-3.38553
-3.35782
-3.32199
-3.27811
-3.2263
-3.16666
-3.09934
-3.0245
-2.9423
-2.85295
-2.75666
-2.65365
-2.54417
-2.4285
-2.3069
-2.17967
-2.04712
-1.90957
-1.76735
-1.62081
-1.47031
-1.31622
-1.15889
-0.998727
-0.836105
-0.671419
-0.505065
-0.337445
-0.168959
-8.98138e-06
0.168941
0.337427
0.505048
0.671401
0.836087
0.99871
1.15888
1.3162
1.4703
1.6208
1.76733
1.90955
2.0471
2.17965
2.30688
2.42848
2.54416
2.65364
2.75664
2.85294
2.94229
3.02449
3.09934
3.16666
3.22629
3.27811
3.32198
3.35781
3.38553
3.40506
3.41638
3.41945
3.41428
3.40089
3.37932
3.34962
3.31187
3.26616
3.21262
3.15138
3.08258
3.00641
2.92304
2.83267
2.73555
2.63188
2.52195
2.406
2.28433
2.15722
2.025
1.88798
1.7465
1.6009
1.45154
1.29877
1.14298
0.98453
0.823817
0.661227
0.497154
0.331996
0.16615
1.79628e-05
0
-0.17368
-0.347052
-0.519699
-0.691202
-0.861148
-1.02913
-1.19473
-1.35755
-1.5172
-1.67328
-1.82543
-1.97327
-2.11643
-2.25458
-2.38737
-2.51448
-2.6356
-2.75044
-2.85871
-2.96015
-3.05452
-3.14158
-3.22112
-3.29294
-3.35687
-3.41275
-3.46043
-3.4998
-3.53077
-3.55324
-3.56716
-3.57249
-3.5692
-3.55732
-3.53684
-3.50782
-3.47032
-3.42442
-3.37023
-3.30788
-3.2375
-3.15926
-3.07335
-2.97997
-2.87934
-2.7717
-2.65732
-2.53646
-2.40942
-2.27651
-2.13804
-1.99436
-1.84581
-1.69275
-1.53555
-1.3746
-1.21029
-1.04301
-0.873168
-0.701175
-0.527444
-0.352393
-0.176441
-9.38963e-06
0.176422
0.352374
0.527425
0.701156
0.87315
1.04299
1.21027
1.37459
1.53554
1.69273
1.84579
1.99434
2.13803
2.2765
2.40941
2.53645
2.65731
2.77169
2.87933
2.97996
3.07334
3.15925
3.23749
3.30787
3.37023
3.42442
3.47031
3.50782
3.53684
3.55731
3.5692
3.57249
3.56716
3.55324
3.53077
3.49981
3.46043
3.41275
3.35688
3.29295
3.22113
3.14159
3.05453
2.96016
2.85872
2.75045
2.63561
2.51449
2.38738
2.25459
2.11645
1.97328
1.82545
1.6733
1.51721
1.35757
1.19474
1.02914
0.861167
0.691221
0.519717
0.347071
0.173698
1.87793e-05
0
-0.181227
-0.362126
-0.542261
-0.721195
-0.898497
-1.07374
-1.24649
-1.41634
-1.58287
-1.74568
-1.90437
-2.05856
-2.20787
-2.35194
-2.49042
-2.62297
-2.74926
-2.869
-2.98188
-3.08764
-3.18602
-3.27676
-3.35966
-3.43451
-3.50112
-3.55933
-3.609
-3.64999
-3.68222
-3.70558
-3.72003
-3.72552
-3.72203
-3.70957
-3.68815
-3.65782
-3.61865
-3.57073
-3.51417
-3.44909
-3.37565
-3.29402
-3.20439
-3.10699
-3.00202
-2.88976
-2.77047
-2.64443
-2.51195
-2.37335
-2.22897
-2.07915
-1.92427
-1.76468
-1.60079
-1.43299
-1.26169
-1.08729
-0.910231
-0.730931
-0.549822
-0.36734
-0.183923
-9.79787e-06
0.183904
0.367321
0.549803
0.730911
0.910212
1.08727
1.26167
1.43297
1.60077
1.76467
1.92425
2.07914
2.22896
2.37334
2.51194
2.64442
2.77046
2.88975
3.00201
3.10697
3.20438
3.29401
3.37564
3.44908
3.51416
3.57073
3.61865
3.65782
3.68814
3.70956
3.72203
3.72552
3.72003
3.70559
3.68222
3.65
3.609
3.55934
3.50113
3.43452
3.35967
3.27677
3.18603
3.08765
2.9819
2.86901
2.74928
2.62298
2.49043
2.35196
2.20789
2.05858
1.90439
1.7457
1.58289
1.41636
1.24651
1.07376
0.898516
0.721214
0.54228
0.362146
0.181247
1.95957e-05
0
-0.188775
-0.3772
-0.564823
-0.751188
-0.935846
-1.11835
-1.29826
-1.47513
-1.64855
-1.81808
-1.98332
-2.14386
-2.29931
-2.44931
-2.59347
-2.73146
-2.86293
-2.98756
-3.10506
-3.21513
-3.31751
-3.41194
-3.4982
-3.57608
-3.64537
-3.70592
-3.75757
-3.80019
-3.83367
-3.85793
-3.87291
-3.87856
-3.87486
-3.86182
-3.83945
-3.80782
-3.76699
-3.71704
-3.6581
-3.5903
-3.5138
-3.42878
-3.33544
-3.234
-3.12471
-3.00782
-2.88362
-2.7524
-2.61448
-2.4702
-2.3199
-2.16395
-2.00272
-1.83662
-1.66603
-1.49138
-1.31308
-1.13157
-0.947295
-0.760687
-0.5722
-0.382288
-0.191406
-1.02061e-05
0.191385
0.382268
0.57218
0.760667
0.947275
1.13156
1.31306
1.49136
1.66601
1.8366
2.00271
2.16393
2.31988
2.47018
2.61447
2.75238
2.8836
3.00781
3.1247
3.23399
3.33543
3.42877
3.51379
3.59029
3.65809
3.71703
3.76698
3.80782
3.83945
3.86181
3.87486
3.87856
3.87291
3.85793
3.83367
3.80019
3.75757
3.70593
3.64538
3.57608
3.49821
3.41195
3.31752
3.21514
3.10507
2.98758
2.86294
2.73147
2.59349
2.44932
2.29933
2.14387
1.98333
1.8181
1.64856
1.47515
1.29828
1.11837
0.935866
0.751208
0.564843
0.377221
0.188795
2.04122e-05
0
-0.196322
-0.392275
-0.587385
-0.781181
-0.973195
-1.16296
-1.35002
-1.53393
-1.71422
-1.89048
-2.06226
-2.22915
-2.39076
-2.54667
-2.69652
-2.83995
-2.97659
-3.10613
-3.22824
-3.34262
-3.449
-3.54713
-3.63675
-3.71764
-3.78962
-3.85251
-3.90614
-3.95038
-3.98512
-4.01028
-4.02578
-4.03159
-4.02769
-4.01407
-3.99076
-3.95782
-3.91532
-3.86335
-3.80203
-3.73151
-3.65195
-3.56354
-3.46649
-3.36102
-3.24739
-3.12588
-2.99676
-2.86036
-2.71701
-2.56704
-2.41083
-2.24874
-2.08118
-1.90855
-1.73127
-1.54976
-1.36448
-1.17586
-0.984358
-0.790443
-0.594578
-0.397236
-0.198888
-1.06144e-05
0.198867
0.397215
0.594557
0.790422
0.984337
1.17584
1.36446
1.54974
1.73125
1.90853
2.08116
2.24873
2.41081
2.56703
2.71699
2.86035
2.99675
3.12586
3.24738
3.36101
3.46648
3.56353
3.65194
3.7315
3.80203
3.86334
3.91531
3.95782
3.99076
4.01407
4.02769
4.03159
4.02579
4.01028
3.98513
3.95038
3.90614
3.85251
3.78963
3.71765
3.63675
3.54714
3.44902
3.34263
3.22825
3.10614
2.97661
2.83996
2.69654
2.54669
2.39077
2.22917
2.06228
1.89049
1.71424
1.53394
1.35004
1.16298
0.973215
0.781202
0.587406
0.392296
0.196343
2.12287e-05
0
-0.20387
-0.407349
-0.609947
-0.811174
-1.01054
-1.20757
-1.40179
-1.59272
-1.7799
-1.96287
-2.1412
-2.31445
-2.4822
-2.64404
-2.79958
-2.94844
-3.09026
-3.22469
-3.35141
-3.47011
-3.5805
-3.68231
-3.77529
-3.85921
-3.93388
-3.99909
-4.0547
-4.10057
-4.13657
-4.16263
-4.17866
-4.18463
-4.18051
-4.16632
-4.14207
-4.10782
-4.06365
-4.00966
-3.94597
-3.87273
-3.79011
-3.6983
-3.59753
-3.48804
-3.37008
-3.24393
-3.10991
-2.96833
-2.81954
-2.66389
-2.50175
-2.33354
-2.15964
-1.98049
-1.79651
-1.60815
-1.41587
-1.22014
-1.02142
-0.820199
-0.616957
-0.412184
-0.206371
-1.10226e-05
0.206349
0.412162
0.616935
0.820177
1.0214
1.22012
1.41585
1.60813
1.79649
1.98047
2.15962
2.33352
2.50174
2.66387
2.81952
2.96832
3.1099
3.24392
3.37006
3.48803
3.59752
3.69829
3.7901
3.87272
3.94596
4.00965
4.06365
4.10782
4.14207
4.16632
4.18051
4.18463
4.17866
4.16263
4.13658
4.10057
4.05471
3.9991
3.93388
3.85922
3.7753
3.68232
3.58051
3.47012
3.35142
3.2247
3.09027
2.94845
2.79959
2.64406
2.48222
2.31447
2.14122
1.96289
1.77992
1.59274
1.40181
1.2076
1.01057
0.811195
0.609968
0.407371
0.203892
2.20452e-05
0
-0.211417
-0.422423
-0.632509
-0.841167
-1.04789
-1.25219
-1.45356
-1.65151
-1.84557
-2.03527
-2.22014
-2.39975
-2.57364
-2.7414
-2.90263
-3.05693
-3.20392
-3.34325
-3.47459
-3.5976
-3.71199
-3.81749
-3.91383
-4.00078
-4.07813
-4.14568
-4.20327
-4.25076
-4.28803
-4.31498
-4.33154
-4.33767
-4.33334
-4.31857
-4.29338
-4.25782
-4.21199
-4.15597
-4.0899
-4.01394
-3.92826
-3.83306
-3.72858
-3.61506
-3.49276
-3.36199
-3.22306
-3.0763
-2.92206
-2.76073
-2.59268
-2.41833
-2.2381
-2.05242
-1.86175
-1.66654
-1.46727
-1.26442
-1.05848
-0.849955
-0.639335
-0.427131
-0.213853
-1.14308e-05
0.21383
0.427108
0.639312
0.849932
1.05846
1.2644
1.46725
1.66652
1.86173
2.0524
2.23808
2.41831
2.59266
2.76071
2.92205
3.07628
3.22304
3.36198
3.49275
3.61504
3.72857
3.83305
3.92825
4.01393
4.08989
4.15596
4.21198
4.25782
4.29337
4.31857
4.33334
4.33767
4.33154
4.31498
4.28803
4.25077
4.20328
4.14569
4.07814
4.00079
3.91384
3.8175
3.712
3.59761
3.4746
3.34327
3.20394
3.05694
2.90265
2.74142
2.57366
2.39976
2.22016
2.03529
1.84559
1.65153
1.45358
1.25221
1.04791
0.841189
0.632531
0.422446
0.21144
2.28617e-05
0
-0.218965
-0.437498
-0.655071
-0.871159
-1.08524
-1.2968
-1.50532
-1.7103
-1.91125
-2.10767
-2.29909
-2.48504
-2.66508
-2.83877
-3.00568
-3.16542
-3.31759
-3.46182
-3.59776
-3.72509
-3.84349
-3.95267
-4.05237
-4.14235
-4.22238
-4.29227
-4.35184
-4.40095
-4.43948
-4.46732
-4.48441
-4.4907
-4.48617
-4.47082
-4.44469
-4.40782
-4.36032
-4.30228
-4.23383
-4.15515
-4.06641
-3.96783
-3.85963
-3.74207
-3.61545
-3.48005
-3.33621
-3.18427
-3.02459
-2.85757
-2.68361
-2.50313
-2.31656
-2.12435
-1.92698
-1.72493
-1.51867
-1.3087
-1.09555
-0.879711
-0.661713
-0.442079
-0.221336
-1.18391e-05
0.221312
0.442055
0.66169
0.879688
1.09552
1.30868
1.51864
1.7249
1.92696
2.12433
2.31654
2.50311
2.68359
2.85755
3.02458
3.18425
3.33619
3.48003
3.61543
3.74206
3.85961
3.96781
4.0664
4.15514
4.23383
4.30227
4.36031
4.40782
4.44468
4.47082
4.48617
4.4907
4.48441
4.46733
4.43948
4.40096
4.35185
4.29227
4.22239
4.14236
4.05238
3.95268
3.8435
3.7251
3.59778
3.46183
3.3176
3.16543
3.0057
2.83879
2.6651
2.48506
2.29911
2.10769
1.91127
1.71032
1.50534
1.29682
1.08526
0.871183
0.655094
0.437521
0.218989
2.36782e-05
0
-0.226512
-0.452572
-0.677633
-0.901152
-1.12259
-1.34141
-1.55709
-1.76909
-1.97692
-2.18006
-2.37803
-2.57034
-2.75652
-2.93614
-3.10874
-3.27391
-3.43125
-3.58038
-3.72094
-3.85258
-3.97498
-4.08785
-4.19091
-4.28392
-4.36663
-4.43885
-4.50041
-4.55114
-4.59093
-4.61967
-4.63729
-4.64374
-4.639
-4.62307
-4.59599
-4.55783
-4.50865
-4.44859
-4.37777
-4.29636
-4.20456
-4.10259
-3.99067
-3.86909
-3.73813
-3.59811
-3.44935
-3.29223
-3.12712
-2.95442
-2.77454
-2.58792
-2.39501
-2.19629
-1.99222
-1.78331
-1.57006
-1.35299
-1.13261
-0.909467
-0.684091
-0.457027
-0.228818
-1.22473e-05
0.228794
0.457002
0.684067
0.909443
1.13259
1.35296
1.57004
1.78329
1.9922
2.19627
2.39499
2.5879
2.77452
2.9544
3.1271
3.29222
3.44934
3.59809
3.73812
3.86908
3.99066
4.10257
4.20455
4.29635
4.37776
4.44858
4.50865
4.55782
4.59599
4.62307
4.639
4.64374
4.63729
4.61967
4.59094
4.55115
4.50042
4.43886
4.36664
4.28393
4.19092
4.08786
3.97499
3.85259
3.72095
3.5804
3.43127
3.27393
3.10875
2.93615
2.75654
2.57036
2.37805
2.18009
1.97694
1.76912
1.55711
1.34144
1.12261
0.901176
0.677657
0.452596
0.226537
2.44947e-05
0
-0.23406
-0.467646
-0.700195
-0.931145
-1.15994
-1.38602
-1.60885
-1.82789
-2.0426
-2.25246
-2.45697
-2.65563
-2.84797
-3.0335
-3.21179
-3.3824
-3.54491
-3.69894
-3.84411
-3.98007
-4.10648
-4.22303
-4.32946
-4.42548
-4.51088
-4.58544
-4.64898
-4.70134
-4.74238
-4.77202
-4.79017
-4.79677
-4.79182
-4.77532
-4.7473
-4.70783
-4.65698
-4.5949
-4.5217
-4.43758
-4.34272
-4.23735
-4.12172
-3.99611
-3.86082
-3.71616
-3.5625
-3.4002
-3.22965
-3.05126
-2.86547
-2.67271
-2.47347
-2.26822
-2.05746
-1.8417
-1.62146
-1.39727
-1.16967
-0.939223
-0.70647
-0.471974
-0.2363
-1.26556e-05
0.236275
0.471949
0.706445
0.939198
1.16965
1.39724
1.62143
1.84168
2.05744
2.2682
2.47345
2.67269
2.86545
3.05124
3.22963
3.40018
3.56249
3.71615
3.8608
3.99609
4.12171
4.23734
4.34271
4.43757
4.52169
4.59489
4.65698
4.70782
4.7473
4.77532
4.79182
4.79677
4.79017
4.77202
4.74239
4.70134
4.64898
4.58545
4.51089
4.42549
4.32947
4.22305
4.10649
3.98008
3.84413
3.69896
3.54493
3.38242
3.21181
3.03352
2.84799
2.65566
2.45699
2.25248
2.04262
1.82791
1.60888
1.38605
1.15996
0.93117
0.70022
0.467671
0.234085
2.53112e-05
0
-0.241608
-0.48272
-0.722757
-0.961138
-1.19729
-1.43064
-1.66062
-1.88668
-2.10827
-2.32486
-2.53591
-2.74093
-2.93941
-3.13087
-3.31484
-3.49089
-3.65858
-3.81751
-3.96729
-4.10755
-4.23797
-4.35822
-4.468
-4.56705
-4.65513
-4.73203
-4.79755
-4.85153
-4.89384
-4.92437
-4.94304
-4.94981
-4.94465
-4.92757
-4.89861
-4.85783
-4.80532
-4.7412
-4.66564
-4.57879
-4.48087
-4.37211
-4.25277
-4.12313
-3.9835
-3.83422
-3.67565
-3.50817
-3.33218
-3.1481
-2.95639
-2.75751
-2.55193
-2.34016
-2.1227
-1.90009
-1.67285
-1.44155
-1.20674
-0.968979
-0.728848
-0.486922
-0.243783
-1.30638e-05
0.243757
0.486896
0.728822
0.968953
1.20671
1.44153
1.67283
1.90006
2.12268
2.34013
2.55191
2.75749
2.95637
3.14808
3.33216
3.50815
3.67563
3.83421
3.98348
4.12311
4.25275
4.3721
4.48086
4.57878
4.66563
4.7412
4.80531
4.85782
4.89861
4.92757
4.94465
4.94981
4.94304
4.92437
4.89384
4.85153
4.79755
4.73204
4.65514
4.56706
4.46801
4.35823
4.23798
4.10757
3.9673
3.81752
3.6586
3.49091
3.31486
3.13089
2.93943
2.74095
2.53594
2.32488
2.1083
1.8867
1.66064
1.43066
1.19731
0.961164
0.722783
0.482746
0.241634
2.61277e-05
0
-0.249155
-0.497795
-0.745319
-0.991131
-1.23464
-1.47525
-1.71239
-1.94547
-2.17395
-2.39726
-2.61486
-2.82623
-3.03085
-3.22823
-3.41789
-3.59938
-3.77224
-3.93607
-4.09046
-4.23504
-4.36946
-4.4934
-4.60654
-4.70862
-4.79939
-4.87862
-4.94612
-5.00172
-5.04529
-5.07672
-5.09592
-5.10285
-5.09748
-5.07982
-5.04992
-5.00783
-4.95365
-4.88751
-4.80957
-4.72
-4.61902
-4.50687
-4.38381
-4.25014
-4.10618
-3.95228
-3.7888
-3.61613
-3.43471
-3.24495
-3.04732
-2.8423
-2.63039
-2.41209
-2.18794
-1.95847
-1.72425
-1.48583
-1.2438
-0.998735
-0.751226
-0.50187
-0.251265
-1.34721e-05
0.251238
0.501843
0.751199
0.998708
1.24377
1.48581
1.72422
1.95845
2.18791
2.41207
2.63037
2.84228
3.0473
3.24493
3.43469
3.61612
3.78878
3.95226
4.10617
4.25013
4.3838
4.50686
4.61901
4.71999
4.80956
4.88751
4.95364
5.00782
5.04991
5.07982
5.09748
5.10285
5.09592
5.07672
5.04529
5.00172
4.94612
4.87862
4.79939
4.70863
4.60655
4.49341
4.36948
4.23506
4.09048
3.93609
3.77226
3.5994
3.41791
3.22825
3.03087
2.82625
2.61488
2.39728
2.17397
1.9455
1.71241
1.47527
1.23466
0.991157
0.745345
0.497821
0.249182
2.69441e-05
0
-0.256703
-0.512869
-0.767881
-1.02112
-1.27199
-1.51986
-1.76415
-2.00426
-2.23962
-2.46965
-2.6938
-2.91152
-3.12229
-3.3256
-3.52095
-3.70787
-3.88591
-4.05463
-4.21364
-4.36253
-4.50096
-4.62858
-4.74508
-4.85019
-4.94364
-5.0252
-5.09468
-5.15191
-5.19674
-5.22906
-5.24879
-5.25588
-5.25031
-5.23207
-5.20123
-5.15783
-5.10198
-5.03382
-4.9535
-4.86121
-4.75717
-4.64163
-4.51486
-4.37716
-4.22887
-4.07034
-3.90195
-3.7241
-3.53723
-3.34179
-3.13825
-2.9271
-2.70885
-2.48403
-2.25318
-2.01686
-1.77565
-1.53012
-1.28086
-1.02849
-0.773604
-0.516818
-0.258748
-1.38803e-05
0.25872
0.51679
0.773577
1.02846
1.28084
1.53009
1.77562
2.01683
2.25315
2.484
2.70882
2.92707
3.13823
3.34177
3.53721
3.72408
3.90193
4.07032
4.22885
4.37715
4.51484
4.64162
4.75716
4.8612
4.95349
5.03381
5.10198
5.15782
5.20122
5.23207
5.2503
5.25588
5.2488
5.22907
5.19675
5.15192
5.09469
5.02521
4.94365
4.8502
4.74509
4.62859
4.50097
4.36255
4.21365
4.05465
3.88593
3.70789
3.52097
3.32562
3.12231
2.91155
2.69382
2.46968
2.23965
2.00429
1.76418
1.51989
1.27201
1.02115
0.767908
0.512896
0.25673
2.77606e-05
0
-0.26425
-0.527943
-0.790443
-1.05112
-1.30933
-1.56447
-1.81592
-2.06306
-2.3053
-2.54205
-2.77274
-2.99682
-3.21373
-3.42296
-3.624
-3.81636
-3.99957
-4.1732
-4.33681
-4.49002
-4.63245
-4.76376
-4.88362
-4.99176
-5.08789
-5.17179
-5.24325
-5.3021
-5.34819
-5.38141
-5.40167
-5.40892
-5.40313
-5.38432
-5.35253
-5.30783
-5.25032
-5.18013
-5.09744
-5.00243
-4.89533
-4.77639
-4.6459
-4.50418
-4.35155
-4.18839
-4.01509
-3.83207
-3.63976
-3.43864
-3.22918
-3.01189
-2.7873
-2.55596
-2.31842
-2.07525
-1.82704
-1.5744
-1.31793
-1.05825
-0.795983
-0.531765
-0.26623
-1.42886e-05
0.266202
0.531737
0.795954
1.05822
1.3179
1.57437
1.82701
2.07522
2.31839
2.55593
2.78728
3.01187
3.22915
3.43861
3.63974
3.83205
4.01507
4.18838
4.35154
4.50416
4.64589
4.77638
4.89531
5.00241
5.09743
5.18012
5.25031
5.30782
5.35253
5.38432
5.40313
5.40892
5.40167
5.38141
5.3482
5.30211
5.24326
5.1718
5.0879
4.99177
4.88364
4.76377
4.63247
4.49004
4.33683
4.17322
3.99959
3.81638
3.62402
3.42298
3.21376
2.99684
2.77277
2.54207
2.30532
2.06308
1.81594
1.5645
1.30936
1.05114
0.790471
0.527971
0.264279
2.85771e-05
0
-0.271798
-0.543017
-0.813005
-1.08111
-1.34668
-1.60909
-1.86768
-2.12185
-2.37097
-2.61445
-2.85169
-3.08211
-3.30517
-3.52033
-3.72705
-3.92485
-4.11324
-4.29176
-4.45999
-4.61751
-4.76395
-4.89894
-5.02217
-5.13332
-5.23214
-5.31838
-5.39182
-5.45229
-5.49965
-5.53376
-5.55455
-5.56195
-5.55596
-5.53658
-5.50384
-5.45783
-5.39865
-5.32644
-5.24137
-5.14364
-5.03348
-4.91115
-4.77695
-4.6312
-4.47424
-4.30645
-4.12824
-3.94004
-3.74229
-3.53548
-3.3201
-3.09669
-2.86576
-2.62789
-2.38365
-2.13363
-1.87844
-1.61868
-1.35499
-1.088
-0.818361
-0.546713
-0.273713
-1.46968e-05
0.273683
0.546684
0.818332
1.08797
1.35496
1.61865
1.87841
2.13361
2.38363
2.62787
2.86574
3.09666
3.32008
3.53546
3.74227
3.94002
4.12822
4.30643
4.47422
4.63118
4.77694
4.91114
5.03347
5.14363
5.24136
5.32643
5.39864
5.45782
5.50384
5.53657
5.55596
5.56195
5.55455
5.53376
5.49965
5.4523
5.39183
5.31839
5.23215
5.13333
5.02218
4.89896
4.76396
4.61753
4.46001
4.29178
4.11326
3.92487
3.72707
3.52035
3.3052
3.08214
2.85171
2.61447
2.371
2.12188
1.86771
1.60911
1.34671
1.08114
0.813034
0.543047
0.271827
2.93936e-05
0
-0.279345
-0.558092
-0.835567
-1.1111
-1.38403
-1.6537
-1.91945
-2.18064
-2.43665
-2.68684
-2.93063
-3.16741
-3.39662
-3.61769
-3.83011
-4.03334
-4.2269
-4.41032
-4.58316
-4.745
-4.89544
-5.03412
-5.16071
-5.27489
-5.37639
-5.46496
-5.54039
-5.60249
-5.6511
-5.68611
-5.70742
-5.71499
-5.70879
-5.68883
-5.65515
-5.60783
-5.54698
-5.47275
-5.3853
-5.28485
-5.17163
-5.04591
-4.908
-4.75821
-4.59692
-4.42451
-4.24139
-4.048
-3.84482
-3.63232
-3.41103
-3.18148
-2.94422
-2.69983
-2.44889
-2.19202
-1.92983
-1.66296
-1.39205
-1.11776
-0.840739
-0.561661
-0.281195
-1.5105e-05
0.281165
0.561631
0.840709
1.11773
1.39202
1.66293
1.92981
2.19199
2.44887
2.6998
2.94419
3.18145
3.41101
3.6323
3.8448
4.04798
4.24137
4.42449
4.5969
4.7582
4.90798
5.0459
5.17162
5.28484
5.38529
5.47274
5.54698
5.60783
5.65514
5.68882
5.70879
5.71499
5.70742
5.68611
5.6511
5.60249
5.5404
5.46497
5.3764
5.2749
5.16072
5.03414
4.89546
4.74502
4.58318
4.41034
4.22692
4.03336
3.83013
3.61772
3.39664
3.16744
2.93065
2.68687
2.43667
2.18067
1.91948
1.65373
1.38406
1.11113
0.835597
0.558122
0.279375
3.02101e-05
0
-0.286893
-0.573166
-0.858129
-1.14109
-1.42138
-1.69831
-1.97121
-2.23943
-2.50232
-2.75924
-3.00957
-3.25271
-3.48806
-3.71506
-3.93316
-4.14183
-4.34057
-4.52889
-4.70634
-4.87249
-5.02694
-5.16931
-5.29925
-5.41646
-5.52064
-5.61155
-5.68896
-5.75268
-5.80255
-5.83845
-5.8603
-5.86803
-5.86162
-5.84108
-5.80646
-5.75783
-5.69532
-5.61906
-5.52924
-5.42606
-5.30978
-5.18067
-5.03904
-4.88523
-4.71961
-4.54257
-4.35454
-4.15597
-3.94735
-3.72917
-3.50196
-3.26627
-3.02268
-2.77176
-2.51413
-2.25041
-1.98123
-1.70725
-1.42912
-1.14751
-0.863117
-0.576608
-0.288677
-1.55133e-05
0.288646
0.576578
0.863087
1.14748
1.42909
1.70722
1.9812
2.25038
2.5141
2.77173
3.02265
3.26625
3.50194
3.72914
3.94732
4.15595
4.35452
4.54255
4.71959
4.88521
5.03903
5.18066
5.30977
5.42605
5.52923
5.61905
5.69531
5.75783
5.80645
5.84107
5.86161
5.86803
5.8603
5.83846
5.80256
5.75268
5.68897
5.61156
5.52065
5.41647
5.29926
5.16932
5.02695
4.87251
4.70636
4.52891
4.34059
4.14185
3.93318
3.71508
3.48808
3.25273
3.0096
2.75927
2.50235
2.23946
1.97124
1.69834
1.42141
1.14113
0.85816
0.573197
0.286924
3.10266e-05
0
-0.29444
-0.58824
-0.880691
-1.17109
-1.45873
-1.74292
-2.02298
-2.29823
-2.568
-2.83164
-3.08851
-3.338
-3.5795
-3.81242
-4.03621
-4.25032
-4.45423
-4.64745
-4.82951
-4.99998
-5.15843
-5.30449
-5.43779
-5.55803
-5.6649
-5.75814
-5.83753
-5.90287
-5.954
-5.9908
-6.01317
-6.02106
-6.01444
-5.99333
-5.95776
-5.90783
-5.84365
-5.76537
-5.67317
-5.56728
-5.44794
-5.31543
-5.17009
-5.01225
-4.84229
-4.66062
-4.46768
-4.26394
-4.04987
-3.82601
-3.59289
-3.35107
-3.10114
-2.8437
-2.57937
-2.30879
-2.03263
-1.75153
-1.46618
-1.17727
-0.885496
-0.591556
-0.29616
-1.59215e-05
0.296128
0.591524
0.885464
1.17724
1.46615
1.7515
2.0326
2.30877
2.57934
2.84367
3.10111
3.35104
3.59286
3.82599
4.04985
4.26391
4.46766
4.6606
4.84227
5.01223
5.17007
5.31542
5.44792
5.56726
5.67316
5.76536
5.84364
5.90783
5.95776
5.99332
6.01444
6.02106
6.01318
5.99081
5.95401
5.90288
5.83753
5.75815
5.66491
5.55804
5.43781
5.3045
5.15845
5
4.82953
4.64747
4.45425
4.25034
4.03624
3.81245
3.57953
3.33803
3.08854
2.83167
2.56803
2.29826
2.02301
1.74295
1.45876
1.17112
0.880722
0.588272
0.294472
3.18431e-05
0
-0.301988
-0.603314
-0.903253
-1.20108
-1.49608
-1.78754
-2.07475
-2.35702
-2.63367
-2.90404
-3.16746
-3.4233
-3.67094
-3.90979
-4.13926
-4.35881
-4.56789
-4.76601
-4.95269
-5.12747
-5.28992
-5.43967
-5.57634
-5.69959
-5.80915
-5.90472
-5.9861
-6.05306
-6.10546
-6.14315
-6.16605
-6.1741
-6.16727
-6.14558
-6.10907
-6.05783
-5.99198
-5.91168
-5.8171
-5.70849
-5.58609
-5.4502
-5.30114
-5.13927
-4.96498
-4.77868
-4.58083
-4.3719
-4.1524
-3.92285
-3.68382
-3.43586
-3.17959
-2.91563
-2.64461
-2.36718
-2.08402
-1.79581
-1.50324
-1.20703
-0.907874
-0.606504
-0.303642
-1.63298e-05
0.30361
0.606471
0.907841
1.20699
1.50321
1.79578
2.08399
2.36715
2.64458
2.9156
3.17957
3.43584
3.68379
3.92283
4.15238
4.37188
4.58081
4.77866
4.96496
5.13925
5.30112
5.45018
5.58607
5.70848
5.81709
5.91167
5.99198
6.05783
6.10907
6.14558
6.16727
6.1741
6.16605
6.14315
6.10546
6.05307
5.9861
5.90473
5.80916
5.69961
5.57635
5.43968
5.28994
5.12748
4.95271
4.76604
4.56792
4.35883
4.13929
3.90982
3.67097
3.42333
3.16748
2.90406
2.6337
2.35705
2.07478
1.78757
1.49611
1.20111
0.903285
0.603347
0.30202
3.26596e-05
0
-0.309535
-0.618389
-0.925815
-1.23107
-1.53343
-1.83215
-2.12651
-2.41581
-2.69935
-2.97643
-3.2464
-3.50859
-3.76238
-4.00716
-4.24232
-4.4673
-4.68156
-4.88458
-5.07586
-5.25496
-5.42142
-5.57485
-5.71488
-5.84116
-5.9534
-6.05131
-6.13466
-6.20325
-6.25691
-6.2955
-6.31893
-6.32713
-6.3201
-6.29783
-6.26038
-6.20783
-6.14032
-6.05799
-5.96104
-5.8497
-5.72424
-5.58496
-5.43218
-5.26628
-5.08766
-4.89674
-4.69398
-4.47987
-4.25493
-4.0197
-3.77474
-3.52066
-3.25805
-2.98757
-2.70985
-2.42557
-2.13542
-1.84009
-1.54031
-1.23678
-0.930252
-0.621452
-0.311125
-1.6738e-05
0.311091
0.621418
0.930219
1.23675
1.54027
1.84006
2.13539
2.42554
2.70982
2.98754
3.25802
3.52063
3.77472
4.01967
4.25491
4.47985
4.69396
4.89672
5.08764
5.26627
5.43217
5.58494
5.72423
5.84969
5.96103
6.05798
6.14031
6.20783
6.26037
6.29783
6.3201
6.32713
6.31893
6.2955
6.25691
6.20326
6.13467
6.05132
5.95341
5.84118
5.71489
5.57487
5.42144
5.25497
5.07588
4.8846
4.68158
4.46732
4.24234
4.00718
3.76241
3.50862
3.24643
2.97646
2.69938
2.41584
2.12654
1.83218
1.53346
1.23111
0.925848
0.618422
0.309569
3.34761e-05
0
-0.317083
-0.633463
-0.948377
-1.26107
-1.57078
-1.87676
-2.17828
-2.4746
-2.76502
-3.04883
-3.32534
-3.59389
-3.85383
-4.10452
-4.34537
-4.57579
-4.79522
-5.00314
-5.19904
-5.38244
-5.55291
-5.71003
-5.85342
-5.98273
-6.09765
-6.1979
-6.28323
-6.35344
-6.40836
-6.44785
-6.4718
-6.48017
-6.47293
-6.45008
-6.41169
-6.35784
-6.28865
-6.2043
-6.10497
-5.99091
-5.86239
-5.71972
-5.56323
-5.3933
-5.21034
-5.0148
-4.80713
-4.58784
-4.35746
-4.11654
-3.86567
-3.60545
-3.33651
-3.0595
-2.77509
-2.48396
-2.18681
-1.88438
-1.57737
-1.26654
-0.95263
-0.636399
-0.318607
-1.71463e-05
0.318573
0.636365
0.952596
1.26651
1.57734
1.88434
2.18678
2.48392
2.77505
3.05947
3.33648
3.60542
3.86564
4.11652
4.35743
4.58781
4.8071
5.01477
5.21032
5.39328
5.56321
5.7197
5.86238
5.9909
6.10496
6.20429
6.28864
6.35783
6.41168
6.45008
6.47292
6.48017
6.4718
6.44785
6.40836
6.35345
6.28324
6.19791
6.09766
5.98274
5.85343
5.71005
5.55293
5.38246
5.19906
5.00316
4.79525
4.57581
4.3454
4.10455
3.85385
3.59392
3.32537
3.04886
2.76505
2.47464
2.17831
1.87679
1.57081
1.2611
0.948411
0.633497
0.317117
3.42925e-05
0
-0.32463
-0.648537
-0.970939
-1.29106
-1.60813
-1.92137
-2.23004
-2.5334
-2.8307
-3.12123
-3.40428
-3.67919
-3.94527
-4.20189
-4.44842
-4.68428
-4.90889
-5.1217
-5.32221
-5.50993
-5.68441
-5.84521
-5.99196
-6.1243
-6.2419
-6.34449
-6.4318
-6.50364
-6.55981
-6.60019
-6.62468
-6.63321
-6.62575
-6.60233
-6.563
-6.50784
-6.43698
-6.35061
-6.24891
-6.13213
-6.00055
-5.85448
-5.69428
-5.52032
-5.33303
-5.13285
-4.92028
-4.69581
-4.45999
-4.21339
-3.9566
-3.69025
-3.41497
-3.13143
-2.84032
-2.54234
-2.23821
-1.92866
-1.61443
-1.2963
-0.975008
-0.651347
-0.326089
-1.75545e-05
0.326054
0.651312
0.974974
1.29626
1.6144
1.92862
2.23818
2.54231
2.84029
3.1314
3.41494
3.69022
3.95657
4.21336
4.45996
4.69578
4.92025
5.13283
5.33301
5.5203
5.69426
5.85446
6.00053
6.13211
6.24889
6.3506
6.43698
6.50783
6.56299
6.60233
6.62575
6.63321
6.62468
6.6002
6.55982
6.50364
6.43181
6.3445
6.24191
6.12431
5.99198
5.84523
5.68443
5.50995
5.32224
5.12173
4.90891
4.6843
4.44845
4.20191
3.9453
3.67922
3.40431
3.12126
2.83073
2.53343
2.23008
1.92141
1.60816
1.29109
0.970974
0.648572
0.324666
3.5109e-05
0
-0.332178
-0.663611
-0.993501
-1.32105
-1.64547
-1.96598
-2.28181
-2.59219
-2.89637
-3.19362
-3.48323
-3.76448
-4.03671
-4.29925
-4.55148
-4.79277
-5.02255
-5.24027
-5.44539
-5.63742
-5.8159
-5.98039
-6.1305
-6.26587
-6.38615
-6.49107
-6.58037
-6.65383
-6.71126
-6.75254
-6.77756
-6.78624
-6.77858
-6.75458
-6.7143
-6.65784
-6.58532
-6.49691
-6.39284
-6.27334
-6.1387
-5.98924
-5.82532
-5.64734
-5.45571
-5.25091
-5.03342
-4.80377
-4.56251
-4.31023
-4.04753
-3.77504
-3.49343
-3.20337
-2.90556
-2.60073
-2.28961
-1.97294
-1.6515
-1.32605
-0.997387
-0.666295
-0.333572
-1.79628e-05
0.333536
0.666259
0.997351
1.32602
1.65146
1.97291
2.28957
2.6007
2.90553
3.20334
3.4934
3.77501
4.0475
4.3102
4.56249
4.80375
5.0334
5.25089
5.45569
5.64732
5.8253
5.98922
6.13868
6.27332
6.39283
6.4969
6.58531
6.65783
6.7143
6.75458
6.77858
6.78624
6.77756
6.75254
6.71127
6.65383
6.58038
6.49108
6.38617
6.26588
6.13052
5.98041
5.81592
5.63744
5.44541
5.24029
5.02258
4.7928
4.5515
4.29928
4.03674
3.76451
3.48326
3.19366
2.8964
2.59222
2.28184
1.96602
1.64551
1.32109
0.993537
0.663647
0.332214
3.59255e-05
0
-0.339726
-0.678686
-1.01606
-1.35104
-1.68282
-2.0106
-2.33358
-2.65098
-2.96205
-3.26602
-3.56217
-3.84978
-4.12815
-4.39662
-4.65453
-4.90126
-5.13622
-5.35883
-5.56857
-5.76491
-5.9474
-6.11558
-6.26905
-6.40743
-6.5304
-6.63766
-6.72894
-6.80402
-6.86272
-6.90489
-6.93043
-6.93928
-6.93141
-6.90683
-6.86561
-6.80784
-6.73365
-6.64322
-6.53677
-6.41455
-6.27685
-6.124
-5.95637
-5.77435
-5.5784
-5.36897
-5.14657
-4.91174
-4.66504
-4.40707
-4.13845
-3.85983
-3.57189
-3.2753
-2.9708
-2.65912
-2.341
-2.01722
-1.68856
-1.35581
-1.01976
-0.681243
-0.341054
-1.8371e-05
0.341018
0.681206
1.01973
1.35577
1.68852
2.01719
2.34097
2.65908
2.97077
3.27527
3.57185
3.8598
4.13843
4.40704
4.66502
4.91171
5.14655
5.36894
5.57838
5.77433
5.95635
6.12398
6.27683
6.41454
6.53676
6.64321
6.73364
6.80783
6.86561
6.90683
6.93141
6.93928
6.93043
6.90489
6.86272
6.80403
6.72895
6.63767
6.53042
6.40745
6.26906
6.11559
5.94741
5.76493
5.56859
5.35885
5.13624
4.90129
4.65456
4.39665
4.12818
3.84981
3.5622
3.26605
2.96208
2.65102
2.33361
2.01063
1.68286
1.35108
1.0161
0.678722
0.339762
3.6742e-05
0
-0.347273
-0.69376
-1.03863
-1.38104
-1.72017
-2.05521
-2.38534
-2.70977
-3.02772
-3.33842
-3.64111
-3.93507
-4.21959
-4.49398
-4.75758
-5.00975
-5.24988
-5.4774
-5.69174
-5.8924
-6.07889
-6.25076
-6.40759
-6.549
-6.67466
-6.78425
-6.87751
-6.95421
-7.01417
-7.05724
-7.08331
-7.09231
-7.08423
-7.05908
-7.01692
-6.95784
-6.88198
-6.78953
-6.68071
-6.55576
-6.415
-6.25876
-6.08741
-5.90137
-5.70108
-5.48703
-5.25972
-5.01971
-4.76757
-4.50392
-4.22938
-3.94463
-3.65034
-3.34724
-3.03604
-2.7175
-2.3924
-2.0615
-1.72562
-1.38556
-1.04214
-0.69619
-0.348537
-1.87793e-05
0.348499
0.696153
1.04211
1.38553
1.72559
2.06147
2.39236
2.71747
3.03601
3.3472
3.65031
3.9446
4.22935
4.50389
4.76754
5.01968
5.25969
5.487
5.70106
5.90135
6.0874
6.25874
6.41499
6.55575
6.68069
6.78952
6.88197
6.95783
7.01691
7.05908
7.08423
7.09231
7.08331
7.05724
7.01417
6.95422
6.87752
6.78426
6.67467
6.54902
6.4076
6.25078
6.07891
5.89242
5.69176
5.47742
5.24991
5.00978
4.75761
4.49401
4.21962
3.93511
3.64114
3.33845
3.02776
2.70981
2.38538
2.05525
1.72021
1.38107
1.03866
0.693797
0.347311
3.75585e-05
0
-0.354821
-0.708834
-1.06119
-1.41103
-1.75752
-2.09982
-2.43711
-2.76857
-3.0934
-3.41082
-3.72006
-4.02037
-4.31104
-4.59135
-4.86063
-5.11824
-5.36355
-5.59596
-5.81492
-6.01989
-6.21038
-6.38594
-6.54613
-6.69057
-6.81891
-6.93083
-7.02608
-7.1044
-7.16562
-7.20958
-7.23618
-7.24535
-7.23706
-7.21133
-7.16823
-7.10784
-7.03032
-6.93584
-6.82464
-6.69698
-6.55316
-6.39352
-6.21846
-6.02839
-5.82377
-5.60508
-5.37287
-5.12767
-4.8701
-4.60076
-4.32031
-4.02942
-3.7288
-3.41917
-3.10128
-2.77589
-2.44379
-2.10579
-1.76269
-1.41532
-1.06452
-0.711138
-0.356019
-1.91875e-05
0.355981
0.7111
1.06448
1.41528
1.76265
2.10575
2.44376
2.77586
3.10124
3.41914
3.72877
4.02939
4.32028
4.60073
4.87007
5.12765
5.37284
5.60506
5.82374
6.02837
6.21844
6.3935
6.55314
6.69696
6.82463
6.93583
7.03031
7.10783
7.16822
7.21133
7.23706
7.24535
7.23619
7.20959
7.16563
7.10441
7.02608
6.93084
6.81892
6.69058
6.54615
6.38596
6.2104
6.01991
5.81494
5.59598
5.36357
5.11827
4.86066
4.59138
4.31107
4.0204
3.72009
3.41085
3.09343
2.7686
2.43714
2.09986
1.75756
1.41107
1.06123
0.708872
0.354859
3.8375e-05
0
-0.362368
-0.723908
-1.08375
-1.44102
-1.79487
-2.14443
-2.48887
-2.82736
-3.15907
-3.48321
-3.799
-4.10567
-4.40248
-4.68871
-4.96369
-5.22673
-5.47721
-5.71452
-5.93809
-6.14738
-6.34188
-6.52112
-6.68467
-6.83214
-6.96316
-7.07742
-7.17464
-7.25459
-7.31707
-7.36193
-7.38906
-7.39839
-7.38989
-7.36359
-7.31953
-7.25784
-7.17865
-7.08215
-6.96857
-6.83819
-6.69131
-6.52828
-6.34951
-6.15541
-5.94645
-5.72314
-5.48601
-5.23564
-4.97263
-4.6976
-4.41124
-4.11422
-3.80726
-3.4911
-3.16652
-2.83428
-2.49519
-2.15007
-1.79975
-1.44508
-1.0869
-0.726086
-0.363502
-1.95957e-05
0.363462
0.726047
1.08686
1.44504
1.79971
2.15003
2.49515
2.83424
3.16648
3.49107
3.80723
4.11418
4.41121
4.69757
4.9726
5.23561
5.48599
5.72312
5.94643
6.15539
6.34949
6.52827
6.69129
6.83817
6.96856
7.08214
7.17864
7.25783
7.31953
7.36358
7.38989
7.39839
7.38906
7.36194
7.31708
7.2546
7.17465
7.07743
6.96317
6.83215
6.68469
6.52114
6.3419
6.1474
5.93811
5.71455
5.47724
5.22676
4.96372
4.68874
4.40251
4.1057
3.79903
3.48325
3.15911
2.8274
2.48891
2.14447
1.79491
1.44106
1.08379
0.723947
0.362407
3.91915e-05
0
-0.369916
-0.738983
-1.10631
-1.47102
-1.83222
-2.18905
-2.54064
-2.88615
-3.22475
-3.55561
-3.87794
-4.19096
-4.49392
-4.78608
-5.06674
-5.33522
-5.59088
-5.83309
-6.06127
-6.27487
-6.47337
-6.6563
-6.82321
-6.97371
-7.10741
-7.22401
-7.32321
-7.40478
-7.46853
-7.51428
-7.54194
-7.55142
-7.54272
-7.51584
-7.47084
-7.40784
-7.32698
-7.22846
-7.11251
-6.9794
-6.82946
-6.66304
-6.48055
-6.28243
-6.06914
-5.8412
-5.59916
-5.34361
-5.07515
-4.79445
-4.50217
-4.19901
-3.88572
-3.56304
-3.23176
-2.89266
-2.54659
-2.19435
-1.83681
-1.47483
-1.10928
-0.741033
-0.370984
-2.0004e-05
0.370944
0.740994
1.10924
1.47479
1.83677
2.19431
2.54655
2.89263
3.23172
3.563
3.88568
4.19898
4.50213
4.79442
5.07513
5.34358
5.59913
5.84117
6.06911
6.2824
6.48053
6.66303
6.82944
6.97939
7.11249
7.22845
7.32697
7.40783
7.47084
7.51583
7.54271
7.55142
7.54194
7.51428
7.46853
7.40479
7.32322
7.22402
7.10742
6.97372
6.82323
6.65632
6.47339
6.27489
6.06129
5.83311
5.5909
5.33525
5.06677
4.78611
4.49395
4.191
3.87797
3.55564
3.22478
2.88619
2.54068
2.18908
1.83226
1.47106
1.10635
0.739022
0.369956
4.0008e-05
0
-0.377463
-0.754057
-1.12887
-1.50101
-1.86957
-2.23366
-2.59241
-2.94494
-3.29042
-3.62801
-3.95688
-4.27626
-4.58536
-4.88345
-5.16979
-5.44371
-5.70454
-5.95165
-6.18444
-6.40236
-6.60487
-6.79148
-6.96176
-7.11527
-7.25166
-7.37059
-7.47178
-7.55498
-7.61998
-7.66663
-7.69481
-7.70446
-7.69554
-7.66809
-7.62215
-7.55784
-7.47532
-7.37477
-7.25644
-7.12061
-6.96761
-6.79781
-6.6116
-6.40944
-6.19182
-5.95926
-5.71231
-5.45158
-5.17768
-4.89129
-4.59309
-4.28381
-3.96418
-3.63497
-3.29699
-2.95105
-2.59798
-2.23863
-1.87388
-1.50459
-1.13166
-0.755981
-0.378466
-2.04122e-05
0.378426
0.755941
1.13162
1.50455
1.87384
2.2386
2.59794
2.95101
3.29696
3.63494
3.96414
4.28377
4.59306
4.89126
5.17765
5.45155
5.71228
5.95923
6.1918
6.40942
6.61158
6.79779
6.9676
7.1206
7.25643
7.37476
7.47531
7.55783
7.62214
7.66808
7.69554
7.70446
7.69481
7.66663
7.61998
7.55498
7.47179
7.37061
7.25168
7.11529
6.96177
6.7915
6.60489
6.40238
6.18447
5.95167
5.70457
5.44374
5.16982
4.88348
4.58539
4.27629
3.95692
3.62804
3.29046
2.94498
2.59244
2.2337
1.86961
1.50105
1.12891
0.754097
0.377504
4.08245e-05
0
-0.385011
-0.769131
-1.15144
-1.531
-1.90692
-2.27827
-2.64417
-3.00374
-3.3561
-3.7004
-4.03583
-4.36155
-4.6768
-4.98081
-5.27285
-5.5522
-5.8182
-6.07021
-6.30762
-6.52985
-6.73636
-6.92667
-7.1003
-7.25684
-7.39591
-7.51718
-7.62035
-7.70517
-7.77143
-7.81898
-7.84769
-7.8575
-7.84837
-7.82034
-7.77346
-7.70784
-7.62365
-7.52108
-7.40037
-7.26183
-7.10577
-6.93257
-6.74265
-6.53646
-6.3145
-6.07731
-5.82546
-5.55954
-5.28021
-4.98814
-4.68402
-4.3686
-4.04263
-3.70691
-3.36223
-3.00944
-2.64938
-2.28292
-1.91094
-1.53434
-1.15403
-0.770929
-0.385949
-2.08205e-05
0.385907
0.770887
1.15399
1.5343
1.9109
2.28288
2.64934
3.0094
3.36219
3.70687
4.0426
4.36857
4.68399
4.9881
5.28018
5.55951
5.82543
6.07729
6.31448
6.53644
6.74262
6.93255
7.10575
7.26181
7.40036
7.52107
7.62364
7.70784
7.77345
7.82033
7.84837
7.8575
7.84769
7.81898
7.77144
7.70518
7.62036
7.51719
7.39593
7.25686
7.10032
6.92669
6.73638
6.52987
6.30764
6.07024
5.81823
5.55223
5.27288
4.98084
4.67684
4.36159
4.03586
3.70044
3.35613
3.00378
2.64421
2.27831
1.90696
1.53104
1.15148
0.769172
0.385052
4.16409e-05
0
-0.392558
-0.784205
-1.174
-1.56099
-1.94426
-2.32288
-2.69594
-3.06253
-3.42177
-3.7728
-4.11477
-4.44685
-4.76824
-5.07818
-5.3759
-5.66069
-5.93187
-6.18878
-6.43079
-6.65733
-6.86786
-7.06185
-7.23884
-7.39841
-7.54017
-7.66377
-7.76892
-7.85536
-7.92288
-7.97132
-8.00056
-8.01053
-8.0012
-7.97259
-7.92477
-7.85784
-7.77198
-7.66739
-7.54431
-7.40304
-7.24392
-7.06733
-6.87369
-6.66348
-6.43719
-6.19537
-5.9386
-5.66751
-5.38274
-5.08498
-4.77495
-4.45339
-4.12109
-3.77884
-3.42747
-3.06783
-2.70077
-2.3272
-1.948
-1.5641
-1.17641
-0.785877
-0.393431
-2.12287e-05
0.393389
0.785834
1.17637
1.56406
1.94796
2.32716
2.70073
3.06779
3.42743
3.7788
4.12106
4.45336
4.77491
5.08495
5.38271
5.66748
5.93858
6.19534
6.43716
6.66345
6.87367
7.06731
7.2439
7.40302
7.54429
7.66738
7.77197
7.85784
7.92476
7.97258
8.0012
8.01053
8.00057
7.97133
7.92289
7.85537
7.76893
7.66378
7.54018
7.39843
7.23886
7.06187
6.86788
6.65736
6.43082
6.1888
5.9319
5.66072
5.37593
5.07821
4.76828
4.44689
4.1148
3.77284
3.42181
3.06257
2.69598
2.32292
1.94431
1.56104
1.17404
0.784248
0.392601
4.24574e-05
0
-0.400106
-0.79928
-1.19656
-1.59099
-1.98161
-2.3675
-2.7477
-3.12132
-3.48745
-3.8452
-4.19371
-4.53215
-4.85969
-5.17554
-5.47895
-5.76918
-6.04553
-6.30734
-6.55397
-6.78482
-6.99935
-7.19703
-7.37738
-7.53998
-7.68442
-7.81036
-7.91749
-8.00555
-8.07434
-8.12367
-8.15344
-8.16357
-8.15403
-8.12484
-8.07607
-8.00785
-7.92032
-7.8137
-7.68824
-7.54425
-7.38207
-7.20209
-7.00474
-6.7905
-6.55987
-6.31343
-6.05175
-5.77548
-5.48527
-5.18182
-4.86588
-4.53819
-4.19955
-3.85078
-3.49271
-3.12621
-2.75217
-2.37148
-1.98507
-1.59386
-1.19879
-0.800824
-0.400914
-2.1637e-05
0.400871
0.800781
1.19875
1.59381
1.98502
2.37144
2.75213
3.12617
3.49267
3.85074
4.19951
4.53815
4.86584
5.18179
5.48524
5.77545
6.05172
6.3134
6.55985
6.79047
7.00472
7.20207
7.38205
7.54423
7.68823
7.81369
7.92031
8.00784
8.07607
8.12483
8.15402
8.16357
8.15344
8.12368
8.07434
8.00556
7.9175
7.81037
7.68443
7.53999
7.3774
7.19705
6.99937
6.78485
6.55399
6.30737
6.04556
5.76921
5.47898
5.17558
4.85972
4.53218
4.19375
3.84524
3.48749
3.12136
2.74775
2.36754
1.98166
1.59103
1.1966
0.799323
0.400149
4.32739e-05
0
-0.407653
-0.814354
-1.21912
-1.62098
-2.01896
-2.41211
-2.79947
-3.18011
-3.55312
-3.9176
-4.27265
-4.61744
-4.95113
-5.27291
-5.582
-5.87767
-6.1592
-6.4259
-6.67714
-6.91231
-7.13084
-7.33221
-7.51593
-7.68155
-7.82867
-7.95694
-8.06606
-8.15574
-8.22579
-8.27602
-8.30632
-8.3166
-8.30685
-8.27709
-8.22738
-8.15785
-8.06865
-7.96001
-7.83218
-7.68546
-7.52022
-7.33685
-7.13579
-6.91751
-6.68256
-6.43148
-6.1649
-5.88344
-5.5878
-5.27867
-4.9568
-4.62298
-4.27801
-3.92271
-3.55795
-3.1846
-2.80357
-2.41576
-2.02213
-1.62361
-1.22117
-0.815772
-0.408396
-2.20452e-05
0.408352
0.815728
1.22113
1.62357
2.02209
2.41572
2.80352
3.18456
3.55791
3.92267
4.27797
4.62295
4.95677
5.27863
5.58776
5.88341
6.16487
6.43146
6.68253
6.91749
7.13576
7.33683
7.5202
7.68545
7.83216
7.95999
8.06864
8.15784
8.22737
8.27709
8.30685
8.3166
8.30632
8.27602
8.22579
8.15575
8.06607
7.95696
7.82868
7.68156
7.51594
7.33223
7.13087
6.91234
6.67717
6.42593
6.15923
5.8777
5.58204
5.27294
4.95116
4.61748
4.27269
3.91763
3.55316
3.18015
2.79951
2.41215
2.01901
1.62102
1.21916
0.814398
0.407697
4.40904e-05
0
-0.415201
-0.829428
-1.24168
-1.65097
-2.05631
-2.45672
-2.85124
-3.23891
-3.6188
-3.98999
-4.3516
-4.70274
-5.04257
-5.37027
-5.68506
-5.98616
-6.27286
-6.54447
-6.80032
-7.0398
-7.26234
-7.46739
-7.65447
-7.82311
-7.97292
-8.10353
-8.21462
-8.30593
-8.37724
-8.42837
-8.45919
-8.46964
-8.45968
-8.42934
-8.37869
-8.30785
-8.21698
-8.10632
-7.97611
-7.82668
-7.65838
-7.47161
-7.26683
-7.04453
-6.80524
-6.54954
-6.27805
-5.99141
-5.69032
-5.37551
-5.04773
-4.70778
-4.35647
-3.99464
-3.62319
-3.24299
-2.85496
-2.46005
-2.05919
-1.65337
-1.24355
-0.83072
-0.415879
-2.24535e-05
0.415834
0.830675
1.2435
1.65332
2.05915
2.46
2.85492
3.24294
3.62315
3.99461
4.35643
4.70774
5.0477
5.37548
5.69029
5.99138
6.27802
6.54951
6.80522
7.04451
7.26681
7.47159
7.65836
7.82666
7.97609
8.1063
8.21697
8.30784
8.37868
8.42934
8.45968
8.46964
8.45919
8.42837
8.37725
8.30594
8.21463
8.10354
7.97294
7.82313
7.65449
7.46741
7.26236
7.03983
6.80034
6.54449
6.27289
5.98619
5.68509
5.37031
5.04261
4.70278
4.35164
3.99003
3.61884
3.23895
2.85128
2.45676
2.05635
1.65102
1.24173
0.829473
0.415246
4.49069e-05
0
-0.422748
-0.844502
-1.26425
-1.68097
-2.09366
-2.50133
-2.903
-3.2977
-3.68447
-4.06239
-4.43054
-4.78803
-5.13401
-5.46764
-5.78811
-6.09465
-6.38653
-6.66303
-6.92349
-7.16729
-7.39383
-7.60257
-7.79301
-7.96468
-8.11717
-8.25012
-8.36319
-8.45613
-8.52869
-8.58072
-8.61207
-8.62268
-8.61251
-8.58159
-8.53
-8.45785
-8.36532
-8.25263
-8.12004
-7.96789
-7.79653
-7.60637
-7.39788
-7.17155
-6.92793
-6.6676
-6.3912
-6.09938
-5.79285
-5.47235
-5.13866
-4.79257
-4.43492
-4.06658
-3.68842
-3.30137
-2.90636
-2.50433
-2.09626
-1.68312
-1.26593
-0.845667
-0.423361
-2.28617e-05
0.423315
0.845622
1.26588
1.68308
2.09621
2.50428
2.90631
3.30133
3.68838
4.06654
4.43488
4.79253
5.13862
5.47232
5.79282
6.09935
6.39116
6.66757
6.9279
7.17152
7.39785
7.60635
7.79651
7.96787
8.12003
8.25261
8.36531
8.45784
8.52999
8.58159
8.61251
8.62268
8.61207
8.58072
8.5287
8.45614
8.3632
8.25013
8.11719
7.9647
7.79303
7.6026
7.39386
7.16732
6.92352
6.66306
6.38656
6.09468
5.78814
5.46767
5.13405
4.78807
4.43058
4.06243
3.68451
3.29774
2.90305
2.50138
2.0937
1.68101
1.26429
0.844548
0.422794
4.57234e-05
0
-0.430296
-0.859577
-1.28681
-1.71096
-2.13101
-2.54595
-2.95477
-3.35649
-3.75015
-4.13479
-4.50948
-4.87333
-5.22545
-5.565
-5.89116
-6.20314
-6.50019
-6.78159
-7.04667
-7.29478
-7.52533
-7.73776
-7.93155
-8.10625
-8.26142
-8.3967
-8.51176
-8.60632
-8.68014
-8.73306
-8.76494
-8.77571
-8.76534
-8.73384
-8.6813
-8.60785
-8.51365
-8.39893
-8.26398
-8.1091
-7.93468
-7.74113
-7.52892
-7.29857
-7.05061
-6.78566
-6.50434
-6.20735
-5.89538
-5.5692
-5.22959
-4.87737
-4.51338
-4.13851
-3.75366
-3.35976
-2.95775
-2.54861
-2.13332
-1.71288
-1.2883
-0.860615
-0.430843
-2.32699e-05
0.430797
0.860569
1.28826
1.71283
2.13327
2.54857
2.95771
3.35972
3.75362
4.13847
4.51334
4.87733
5.22955
5.56916
5.89535
6.20731
6.50431
6.78563
7.05058
7.29854
7.5289
7.74111
7.93466
8.10908
8.26396
8.39892
8.51364
8.60784
8.6813
8.73384
8.76533
8.77571
8.76495
8.73307
8.68015
8.60633
8.51177
8.39672
8.26144
8.10627
7.93157
7.73778
7.52535
7.29481
7.0467
6.78162
6.50022
6.20317
5.8912
5.56504
5.22549
4.87337
4.50952
4.13483
3.75019
3.35653
2.95481
2.54599
2.13105
1.711
1.28685
0.859623
0.430342
4.65399e-05
0
-0.437844
-0.874651
-1.30937
-1.74095
-2.16836
-2.59056
-3.00653
-3.41528
-3.81582
-4.20718
-4.58842
-4.95863
-5.3169
-5.66237
-5.99422
-6.31163
-6.61386
-6.90016
-7.16984
-7.42227
-7.65682
-7.87294
-8.07009
-8.24782
-8.40568
-8.54329
-8.66033
-8.75651
-8.8316
-8.88541
-8.91782
-8.92875
-8.91816
-8.88609
-8.83261
-8.75785
-8.66198
-8.54524
-8.40791
-8.25031
-8.07283
-7.87589
-7.65997
-7.42558
-7.1733
-6.90371
-6.61749
-6.31531
-5.99791
-5.66604
-5.32052
-4.96216
-4.59184
-4.21045
-3.8189
-3.41815
-3.00915
-2.59289
-2.17038
-1.74264
-1.31068
-0.875563
-0.438326
-2.36782e-05
0.438279
0.875516
1.31064
1.74259
2.17034
2.59285
3.0091
3.4181
3.81886
4.21041
4.5918
4.96212
5.32048
5.66601
5.99787
6.31528
6.61746
6.90368
7.17327
7.42556
7.65995
7.87587
8.07281
8.2503
8.40789
8.54523
8.66197
8.75784
8.83261
8.88609
8.91816
8.92875
8.91782
8.88542
8.8316
8.75652
8.66034
8.5433
8.40569
8.24783
8.07011
7.87296
7.65685
7.42229
7.16987
6.90019
6.61389
6.31167
5.99425
5.66241
5.31693
4.95867
4.58847
4.20723
3.81587
3.41533
3.00658
2.5906
2.1684
1.741
1.30942
0.874698
0.437891
4.73564e-05
0
-0.445391
-0.889725
-1.33193
-1.77094
-2.20571
-2.63517
-3.0583
-3.47408
-3.8815
-4.27958
-4.66737
-5.04392
-5.40834
-5.75974
-6.09727
-6.42012
-6.72752
-7.01872
-7.29302
-7.54976
-7.78832
-8.00812
-8.20864
-8.38938
-8.54993
-8.68988
-8.8089
-8.9067
-8.98305
-9.03776
-9.0707
-9.08178
-9.07099
-9.03834
-8.98392
-8.90785
-8.81032
-8.69155
-8.55184
-8.39153
-8.21099
-8.01065
-7.79102
-7.5526
-7.29598
-7.02177
-6.73064
-6.42328
-6.10044
-5.76289
-5.41144
-5.04695
-4.6703
-4.28238
-3.88414
-3.47653
-3.06054
-2.63718
-2.20745
-1.77239
-1.33306
-0.890511
-0.445808
-2.40864e-05
0.44576
0.890463
1.33301
1.77234
2.2074
2.63713
3.0605
3.47649
3.8841
4.28234
4.67026
5.04691
5.4114
5.76285
6.1004
6.42325
6.73061
7.02174
7.29595
7.55257
7.79099
8.01063
8.21096
8.39151
8.55183
8.69154
8.8103
8.90784
8.98391
9.03834
9.07099
9.08178
9.0707
9.03776
8.98306
8.90671
8.80891
8.68989
8.54994
8.3894
8.20866
8.00814
7.78834
7.54978
7.29305
7.01875
6.72755
6.42016
6.0973
5.75977
5.40838
5.04396
4.66741
4.27962
3.88154
3.47412
3.05835
2.63522
2.20575
1.77099
1.33198
0.889773
0.445439
4.81729e-05
0
-0.452939
-0.904799
-1.35449
-1.80094
-2.24306
-2.67978
-3.11007
-3.53287
-3.94717
-4.35198
-4.74631
-5.12922
-5.49978
-5.8571
-6.20032
-6.52861
-6.84118
-7.13728
-7.41619
-7.67725
-7.91981
-8.1433
-8.34718
-8.53095
-8.69418
-8.83647
-8.95747
-9.05689
-9.1345
-9.19011
-9.22357
-9.23482
-9.22382
-9.19059
-9.13523
-9.05785
-8.95865
-8.83786
-8.69578
-8.53274
-8.34914
-8.14542
-7.92206
-7.67962
-7.41866
-7.13983
-6.84379
-6.53125
-6.20296
-5.85973
-5.50237
-5.13175
-4.74876
-4.35432
-3.94938
-3.53492
-3.11194
-2.68146
-2.24451
-1.80215
-1.35544
-0.905458
-0.453291
-2.44947e-05
0.453242
0.90541
1.35539
1.8021
2.24446
2.68141
3.11189
3.53488
3.94933
4.35427
4.74871
5.13171
5.50233
5.85969
6.20293
6.53121
6.84375
7.1398
7.41864
7.67959
7.92204
8.14539
8.34912
8.53272
8.69576
8.83785
8.95864
9.05784
9.13522
9.19059
9.22382
9.23482
9.22358
9.19011
9.13451
9.0569
8.95748
8.83648
8.6942
8.53097
8.3472
8.14332
7.91984
7.67727
7.41622
7.13731
6.84122
6.52865
6.20036
5.85714
5.49982
5.12926
4.74635
4.35202
3.94722
3.53291
3.11011
2.67983
2.2431
1.80099
1.35454
0.904848
0.452988
4.89894e-05
0
-0.460486
-0.919874
-1.37706
-1.83093
-2.2804
-2.72439
-3.16183
-3.59166
-4.01285
-4.42438
-4.82525
-5.21451
-5.59122
-5.95447
-6.30337
-6.6371
-6.95485
-7.25585
-7.53937
-7.80474
-8.0513
-8.27848
-8.48572
-8.67252
-8.83843
-8.98305
-9.10604
-9.20708
-9.28595
-9.34245
-9.37645
-9.38786
-9.37665
-9.34285
-9.28654
-9.20785
-9.10698
-8.98417
-8.83971
-8.67395
-8.48729
-8.28018
-8.05311
-7.80664
-7.54135
-7.25789
-6.95693
-6.63921
-6.30549
-5.95657
-5.5933
-5.21654
-4.82721
-4.42625
-4.01462
-3.59331
-3.16334
-2.72574
-2.28157
-1.8319
-1.37782
-0.920406
-0.460773
-2.49029e-05
0.460723
0.920357
1.37777
1.83185
2.28152
2.72569
3.16329
3.59326
4.01457
4.42621
4.82717
5.2165
5.59326
5.95654
6.30546
6.63918
6.9569
7.25786
7.54132
7.80661
8.05308
8.28015
8.48727
8.67393
8.83969
8.98416
9.10697
9.20784
9.28653
9.34284
9.37664
9.38786
9.37645
9.34246
9.28596
9.20709
9.10605
8.98307
8.83845
8.67254
8.48574
8.27851
8.05133
7.80476
7.5394
7.25588
6.95488
6.63714
6.30341
5.9545
5.59126
5.21456
4.8253
4.42442
4.01289
3.59171
3.16188
2.72444
2.28045
1.83098
1.3771
0.919923
0.460536
4.98058e-05
0
-0.468034
-0.934948
-1.39962
-1.86092
-2.31775
-2.76901
-3.2136
-3.65045
-4.07852
-4.49677
-4.9042
-5.29981
-5.68266
-6.05183
-6.40643
-6.74559
-7.06851
-7.37441
-7.66254
-7.93222
-8.1828
-8.41366
-8.62426
-8.81409
-8.98268
-9.12964
-9.2546
-9.35728
-9.43741
-9.4948
-9.52933
-9.54089
-9.52947
-9.4951
-9.43784
-9.35785
-9.25532
-9.13048
-8.98365
-8.81516
-8.62544
-8.41494
-8.18416
-7.93365
-7.66403
-7.37594
-7.07008
-6.74718
-6.40802
-6.05342
-5.68423
-5.30134
-4.90567
-4.49818
-4.07986
-3.65169
-3.21473
-2.77002
-2.31864
-1.86166
-1.4002
-0.935354
-0.468256
-2.53112e-05
0.468205
0.935303
1.40014
1.86161
2.31859
2.76997
3.21469
3.65165
4.07981
4.49814
4.90563
5.3013
5.68419
6.05338
6.40798
6.74714
7.07005
7.37591
7.664
7.93363
8.18413
8.41491
8.62542
8.81514
8.98363
9.13047
9.2553
9.35784
9.43784
9.49509
9.52947
9.54089
9.52933
9.49481
9.43741
9.35729
9.25462
9.12965
8.9827
8.81411
8.62428
8.41369
8.18282
7.93225
7.66257
7.37444
7.06855
6.74563
6.40646
6.05187
5.6827
5.29985
4.90424
4.49682
4.07857
3.6505
3.21365
2.76906
2.3178
1.86097
1.39967
0.934998
0.468084
5.06223e-05
0
-0.475581
-0.950022
-1.42218
-1.89092
-2.3551
-2.81362
-3.26536
-3.70925
-4.1442
-4.56917
-4.98314
-5.38511
-5.77411
-6.1492
-6.50948
-6.85408
-7.18218
-7.49297
-7.78572
-8.05971
-8.31429
-8.54885
-8.7628
-8.95566
-9.12693
-9.27623
-9.40317
-9.50747
-9.58886
-9.64715
-9.6822
-9.69393
-9.6823
-9.64735
-9.58915
-9.50785
-9.40365
-9.27679
-9.12758
-8.95638
-8.7636
-8.5497
-8.3152
-8.06067
-7.78672
-7.494
-7.18323
-6.85515
-6.51055
-6.15026
-5.77515
-5.38613
-4.98413
-4.57012
-4.14509
-3.71008
-3.26613
-2.81431
-2.3557
-1.89142
-1.42257
-0.950302
-0.475738
-2.57194e-05
0.475687
0.95025
1.42252
1.89137
2.35565
2.81426
3.26608
3.71003
4.14505
4.57007
4.98409
5.38609
5.77511
6.15022
6.51051
6.85511
7.18319
7.49397
7.78669
8.06064
8.31518
8.54967
8.76357
8.95636
9.12756
9.27677
9.40364
9.50784
9.58914
9.64734
9.6823
9.69393
9.6822
9.64716
9.58887
9.50748
9.40319
9.27624
9.12695
8.95568
8.76283
8.54887
8.31432
8.05974
7.78575
7.49301
7.18221
6.85412
6.50952
6.14924
5.77415
5.38515
4.98318
4.56921
4.14424
3.70929
3.26541
2.81367
2.35515
1.89097
1.42223
0.950073
0.475633
5.14388e-05
0
-0.483129
-0.965096
-1.44474
-1.92091
-2.39245
-2.85823
-3.31713
-3.76804
-4.20987
-4.64157
-5.06208
-5.4704
-5.86555
-6.24656
-6.61253
-6.96257
-7.29584
-7.61154
-7.9089
-8.1872
-8.44579
-8.68403
-8.90135
-9.09722
-9.27119
-9.42281
-9.55174
-9.65766
-9.74031
-9.7995
-9.83508
-9.84696
-9.83513
-9.7996
-9.74046
-9.65785
-9.55198
-9.4231
-9.27151
-9.09759
-8.90175
-8.68446
-8.44625
-8.18769
-7.9094
-7.61206
-7.29638
-6.96311
-6.61308
-6.24711
-5.86608
-5.47093
-5.06259
-4.64205
-4.21033
-3.76847
-3.31752
-2.85859
-2.39276
-1.92117
-1.44495
-0.965249
-0.48322
-2.61277e-05
0.483168
0.965197
1.4449
1.92112
2.39271
2.85854
3.31748
3.76842
4.21029
4.64201
5.06254
5.47088
5.86604
6.24706
6.61304
6.96308
7.29634
7.61203
7.90937
8.18766
8.44622
8.68444
8.90173
9.09757
9.27149
9.42308
9.55197
9.65784
9.74045
9.79959
9.83513
9.84696
9.83508
9.7995
9.74032
9.65767
9.55175
9.42283
9.2712
9.09724
8.90137
8.68405
8.44581
8.18723
7.90893
7.61157
7.29588
6.96261
6.61257
6.2466
5.86559
5.47045
5.06213
4.64161
4.20992
3.76809
3.31718
2.85828
2.3925
1.92096
1.44479
0.965148
0.483181
5.22553e-05
