1
0.999398
0.997592
0.994588
0.990393
0.985016
0.97847
0.970772
0.96194
0.951995
0.940961
0.928864
0.915735
0.901604
0.886505
0.870475
0.853553
0.835779
0.817197
0.79785
0.777785
0.757051
0.735698
0.713777
0.691342
0.668445
0.645142
0.62149
0.597545
0.573365
0.549008
0.524534
0.5
0.475466
0.450991
0.426635
0.402455
0.37851
0.354858
0.331555
0.308658
0.286222
0.264302
0.242949
0.222215
0.20215
0.182803
0.16422
0.146447
0.129524
0.113495
0.0983962
0.0842652
0.0711357
0.0590393
0.0480053
0.0380602
0.0292279
0.0215298
0.0149844
0.00960734
0.00541174
0.00240764
0.000602275
0
0.000602275
0.00240764
0.00541174
0.00960734
0.0149844
0.0215298
0.0292279
0.0380602
0.0480053
0.0590393
0.0711357
0.0842652
0.0983962
0.113495
0.129524
0.146447
0.16422
0.182803
0.20215
0.222215
0.242949
0.264302
0.286222
0.308658
0.331555
0.354858
0.37851
0.402455
0.426635
0.450991
0.475466
0.5
0.524534
0.549008
0.573365
0.597545
0.62149
0.645142
0.668445
0.691342
0.713777
0.735698
0.757051
0.777785
0.79785
0.817197
0.835779
0.853553
0.870475
0.886505
0.901604
0.915735
0.928864
0.940961
0.951995
0.96194
0.970772
0.97847
0.985016
0.990393
0.994588
0.997592
0.999398
1
1.13846
1.13768
1.13535
1.13147
1.12605
1.1191
1.11064
1.10069
1.08928
1.07642
1.06216
1.04653
1.02956
1.0113
0.991791
0.971076
0.949207
0.926238
0.902223
0.877221
0.851292
0.824497
0.796903
0.768574
0.73958
0.70999
0.679876
0.64931
0.618366
0.587118
0.555642
0.524013
0.492308
0.460603
0.428974
0.397497
0.36625
0.335305
0.304739
0.274625
0.245035
0.216042
0.187713
0.160118
0.133324
0.107394
0.0823923
0.0583775
0.0354081
0.0135394
-0.00717581
-0.0266878
-0.0449494
-0.0619168
-0.077549
-0.0918083
-0.104661
-0.116075
-0.126023
-0.134482
-0.14143
-0.146852
-0.150735
-0.153068
-0.153846
-0.153068
-0.150735
-0.146853
-0.141431
-0.134482
-0.126023
-0.116075
-0.104661
-0.0918087
-0.0775494
-0.0619172
-0.0449499
-0.0266883
-0.00717632
0.0135389
0.0354076
0.0583769
0.0823916
0.107394
0.133323
0.160118
0.187712
0.216041
0.245035
0.274624
0.304739
0.335305
0.366249
0.397497
0.428973
0.460602
0.492307
0.524012
0.555641
0.587118
0.618365
0.64931
0.679876
0.70999
0.739579
0.768573
0.796902
0.824496
0.851291
0.87722
0.902223
0.926237
0.949207
0.971076
0.991791
1.0113
1.02956
1.04653
1.06216
1.07642
1.08928
1.10069
1.11064
1.1191
1.12605
1.13147
1.13535
1.13768
1.13846
1.27692
1.27597
1.27311
1.26835
1.2617
1.25318
1.24281
1.23061
1.21661
1.20085
1.18337
1.1642
1.1434
1.121
1.09708
1.07168
1.04486
1.0167
0.98725
0.956593
0.924798
0.891943
0.858107
0.823371
0.787819
0.751536
0.71461
0.677131
0.639187
0.600871
0.562275
0.523492
0.484616
0.445739
0.406956
0.36836
0.330044
0.292101
0.254621
0.217695
0.181413
0.145861
0.111125
0.0772883
0.0444332
0.0126387
-0.0180188
-0.0474655
-0.0756303
-0.102446
-0.127846
-0.151772
-0.174164
-0.194969
-0.214137
-0.231622
-0.247381
-0.261377
-0.273576
-0.283948
-0.292468
-0.299117
-0.303877
-0.306738
-0.307692
-0.306738
-0.303877
-0.299117
-0.292469
-0.283948
-0.273576
-0.261378
-0.247382
-0.231623
-0.214138
-0.19497
-0.174165
-0.151773
-0.127847
-0.102447
-0.0756315
-0.0474668
-0.0180201
0.0126373
0.0444318
0.0772869
0.111123
0.145859
0.181411
0.217694
0.254619
0.292099
0.330043
0.368358
0.406954
0.445737
0.484614
0.523491
0.562274
0.60087
0.639186
0.677129
0.714609
0.751535
0.787817
0.823369
0.858105
0.891942
0.924797
0.956591
0.987249
1.0167
1.04486
1.07168
1.09708
1.121
1.14339
1.1642
1.18337
1.20085
1.21661
1.23061
1.24281
1.25318
1.2617
1.26835
1.27311
1.27597
1.27692
1.41538
1.41425
1.41087
1.40523
1.39735
1.38726
1.37497
1.36053
1.34395
1.32528
1.30457
1.28187
1.25723
1.2307
1.20236
1.17228
1.14052
1.10716
1.07228
1.03596
0.998305
0.959389
0.919311
0.878167
0.836057
0.793082
0.749344
0.704951
0.660008
0.614625
0.568909
0.522972
0.476924
0.430876
0.384938
0.339223
0.293839
0.248896
0.204503
0.160766
0.11779
0.0756798
0.034536
-0.00554189
-0.0444576
-0.0821172
-0.11843
-0.153309
-0.186669
-0.21843
-0.248517
-0.276856
-0.303379
-0.328022
-0.350726
-0.371436
-0.390102
-0.406679
-0.421128
-0.433414
-0.443506
-0.451381
-0.457019
-0.460408
-0.461538
-0.460408
-0.45702
-0.451381
-0.443506
-0.433414
-0.421129
-0.40668
-0.390103
-0.371437
-0.350727
-0.328023
-0.30338
-0.276857
-0.248518
-0.218432
-0.186671
-0.15331
-0.118432
-0.0821191
-0.0444596
-0.00554399
0.0345339
0.0756775
0.117788
0.160763
0.2045
0.248894
0.293837
0.33922
0.384936
0.430873
0.476921
0.522969
0.568906
0.614622
0.660006
0.704949
0.749342
0.793079
0.836055
0.878165
0.919309
0.959387
0.998303
1.03596
1.07228
1.10715
1.14051
1.17228
1.20236
1.2307
1.25722
1.28187
1.30457
1.32528
1.34395
1.36053
1.37497
1.38726
1.39735
1.40523
1.41087
1.41425
1.41538
1.55385
1.55254
1.54862
1.54211
1.53301
1.52134
1.50714
1.49044
1.47128
1.44971
1.42578
1.39954
1.37106
1.3404
1.30765
1.27288
1.23617
1.19761
1.1573
1.11534
1.07181
1.02683
0.980515
0.932964
0.884296
0.834627
0.784079
0.732771
0.680829
0.628378
0.575542
0.522451
0.469232
0.416012
0.362921
0.310085
0.257634
0.205692
0.154384
0.103836
0.0541673
0.00549886
-0.0420525
-0.0883721
-0.133348
-0.176873
-0.218841
-0.259152
-0.297707
-0.334415
-0.369187
-0.40194
-0.432593
-0.461074
-0.487314
-0.511249
-0.532823
-0.551982
-0.568681
-0.58288
-0.594544
-0.603645
-0.610162
-0.614078
-0.615385
-0.614078
-0.610162
-0.603646
-0.594544
-0.58288
-0.568682
-0.551983
-0.532824
-0.511251
-0.487316
-0.461076
-0.432595
-0.401942
-0.36919
-0.334418
-0.29771
-0.259154
-0.218844
-0.176876
-0.133351
-0.0883749
-0.0420554
0.00549591
0.0541643
0.103833
0.154381
0.205688
0.25763
0.310082
0.362917
0.416009
0.469228
0.522448
0.575539
0.628374
0.680826
0.732768
0.784075
0.834624
0.884293
0.932961
0.980512
1.02683
1.07181
1.11533
1.1573
1.19761
1.23617
1.27288
1.30765
1.3404
1.37105
1.39953
1.42577
1.44971
1.47128
1.49044
1.50714
1.52134
1.533
1.54211
1.54862
1.55254
1.55385
1.69231
1.69083
1.68638
1.67899
1.66866
1.65542
1.63931
1.62036
1.59862
1.57414
1.54698
1.5172
1.48489
1.4501
1.41294
1.37348
1.33182
1.28807
1.24233
1.19471
1.14532
1.09428
1.04172
0.987761
0.932534
0.876173
0.818813
0.760592
0.70165
0.642131
0.582176
0.52193
0.461539
0.401148
0.340903
0.280948
0.221428
0.162487
0.104266
0.0469059
-0.00945542
-0.064682
-0.118641
-0.171202
-0.222239
-0.271629
-0.319252
-0.364995
-0.408746
-0.4504
-0.489858
-0.527024
-0.561808
-0.594127
-0.623902
-0.651063
-0.675543
-0.697284
-0.716234
-0.732346
-0.745582
-0.755909
-0.763304
-0.767748
-0.769231
-0.767748
-0.763304
-0.75591
-0.745582
-0.732347
-0.716235
-0.697286
-0.675545
-0.651065
-0.623904
-0.594129
-0.56181
-0.527026
-0.489861
-0.450403
-0.408749
-0.364998
-0.319255
-0.271632
-0.222243
-0.171206
-0.118645
-0.0646857
-0.00945919
0.0469021
0.104262
0.162483
0.221424
0.280944
0.340899
0.401144
0.461535
0.521926
0.582172
0.642127
0.701646
0.760588
0.818809
0.876169
0.93253
0.987757
1.04172
1.09428
1.14531
1.1947
1.24233
1.28807
1.33182
1.37348
1.41293
1.4501
1.48488
1.5172
1.54698
1.57414
1.59862
1.62036
1.63931
1.65542
1.66866
1.67899
1.68638
1.69082
1.69231
1.83077
1.82911
1.82414
1.81587
1.80431
1.7895
1.77148
1.75028
1.72596
1.69857
1.66818
1.63487
1.59872
1.5598
1.51822
1.47408
1.42748
1.37853
1.32736
1.27408
1.21882
1.16173
1.10292
1.04256
0.980773
0.917718
0.853547
0.788412
0.722472
0.655884
0.588809
0.52141
0.453847
0.386285
0.318885
0.251811
0.185223
0.119282
0.0541478
-0.0100239
-0.0730781
-0.134863
-0.19523
-0.254032
-0.31113
-0.366385
-0.419663
-0.470838
-0.519784
-0.566385
-0.610529
-0.652108
-0.691022
-0.727179
-0.760491
-0.790877
-0.818264
-0.842587
-0.863786
-0.881812
-0.896619
-0.908173
-0.916446
-0.921418
-0.923077
-0.921418
-0.916447
-0.908174
-0.89662
-0.881813
-0.863788
-0.842589
-0.818266
-0.790879
-0.760493
-0.727182
-0.691025
-0.652111
-0.610532
-0.566389
-0.519788
-0.470841
-0.419667
-0.366389
-0.311134
-0.254037
-0.195234
-0.134867
-0.0730827
-0.0100285
0.0541431
0.119278
0.185218
0.251806
0.31888
0.38628
0.453842
0.521405
0.588804
0.655879
0.722467
0.788407
0.853542
0.917714
0.980768
1.04255
1.10292
1.16172
1.21882
1.27407
1.32735
1.37853
1.42747
1.47408
1.51822
1.5598
1.59871
1.63487
1.66818
1.69857
1.72596
1.75028
1.77148
1.7895
1.80431
1.81587
1.82414
1.82911
1.83077
1.96923
1.9674
1.9619
1.95275
1.93997
1.92359
1.90365
1.8802
1.85329
1.823
1.78939
1.75254
1.71255
1.6695
1.62351
1.57468
1.52313
1.46899
1.41238
1.35345
1.29233
1.22917
1.16413
1.09735
1.02901
0.959264
0.888281
0.816232
0.743293
0.669637
0.595443
0.520889
0.446155
0.371421
0.296868
0.222674
0.149018
0.0760779
0.00402951
-0.0669537
-0.136701
-0.205044
-0.271818
-0.336863
-0.400021
-0.46114
-0.520074
-0.576681
-0.630823
-0.68237
-0.731199
-0.777192
-0.820237
-0.860232
-0.897079
-0.93069
-0.960985
-0.987889
-1.01134
-1.03128
-1.04766
-1.06044
-1.06959
-1.07509
-1.07692
-1.07509
-1.06959
-1.06044
-1.04766
-1.03128
-1.01134
-0.987891
-0.960987
-0.930693
-0.897082
-0.860235
-0.82024
-0.777195
-0.731203
-0.682374
-0.630827
-0.576685
-0.520079
-0.461145
-0.400026
-0.336867
-0.271823
-0.205049
-0.136706
-0.0669591
0.00402404
0.0760724
0.149012
0.222668
0.296862
0.371416
0.44615
0.520883
0.595437
0.669631
0.743287
0.816227
0.888275
0.959259
1.02901
1.09735
1.16412
1.22917
1.29233
1.35345
1.41238
1.46899
1.52313
1.57468
1.6235
1.6695
1.71254
1.75254
1.78939
1.823
1.85329
1.8802
1.90365
1.92358
1.93996
1.95274
1.9619
1.9674
1.96923
2.10769
2.10568
2.09965
2.08963
2.07562
2.05767
2.03582
2.01012
1.98063
1.94743
1.91059
1.87021
1.82638
1.7792
1.72879
1.67528
1.61879
1.55945
1.49741
1.43282
1.36584
1.29662
1.22533
1.15215
1.07725
1.00081
0.923015
0.844053
0.764114
0.68339
0.602076
0.520368
0.438463
0.356558
0.27485
0.193536
0.112813
0.0328734
-0.0460888
-0.123884
-0.200324
-0.275225
-0.348407
-0.419693
-0.488912
-0.555896
-0.620485
-0.682524
-0.741861
-0.798355
-0.85187
-0.902276
-0.949452
-0.993284
-1.03367
-1.0705
-1.10371
-1.13319
-1.15889
-1.18074
-1.19869
-1.2127
-1.22273
-1.22876
-1.23077
-1.22876
-1.22273
-1.2127
-1.1987
-1.18075
-1.15889
-1.13319
-1.10371
-1.07051
-1.03367
-0.993287
-0.949455
-0.90228
-0.851874
-0.79836
-0.741866
-0.682528
-0.62049
-0.555902
-0.488917
-0.419698
-0.348412
-0.275231
-0.20033
-0.12389
-0.046095
0.032867
0.112806
0.19353
0.274843
0.356551
0.438457
0.520362
0.60207
0.683384
0.764107
0.844046
0.923009
1.0008
1.07724
1.15214
1.22533
1.29661
1.36583
1.43282
1.49741
1.55944
1.61878
1.67528
1.72879
1.7792
1.82637
1.87021
1.91059
1.94743
1.98063
2.01011
2.03581
2.05767
2.07562
2.08962
2.09965
2.10568
2.10769
2.24615
2.24397
2.23741
2.22651
2.21127
2.19175
2.16798
2.14003
2.10797
2.07186
2.0318
1.98788
1.94021
1.8889
1.83408
1.77588
1.71444
1.64991
1.58244
1.51219
1.43934
1.36406
1.28654
1.20695
1.12549
1.04236
0.957749
0.871873
0.784935
0.697143
0.60871
0.519848
0.430771
0.341694
0.252832
0.164399
0.0766073
-0.0103312
-0.0962071
-0.180813
-0.263946
-0.345406
-0.424995
-0.502523
-0.577802
-0.650652
-0.720897
-0.788367
-0.8529
-0.91434
-0.97254
-1.02736
-1.07867
-1.12634
-1.17026
-1.21032
-1.24643
-1.27849
-1.30644
-1.33021
-1.34973
-1.36497
-1.37587
-1.38243
-1.38462
-1.38243
-1.37587
-1.36497
-1.34973
-1.33021
-1.30645
-1.2785
-1.24643
-1.21032
-1.17026
-1.12634
-1.07867
-1.02736
-0.972545
-0.914345
-0.852905
-0.788372
-0.720902
-0.650658
-0.577809
-0.502529
-0.425002
-0.345412
-0.263953
-0.18082
-0.0962141
-0.0103383
0.0766001
0.164392
0.252825
0.341687
0.430764
0.51984
0.608702
0.697136
0.784928
0.871866
0.957742
1.04235
1.12548
1.20694
1.28653
1.36406
1.43934
1.51219
1.58243
1.6499
1.71444
1.77588
1.83408
1.8889
1.9402
1.98787
2.03179
2.07185
2.10796
2.14003
2.16798
2.19175
2.21127
2.2265
2.23741
2.24397
2.24615
2.38462
2.38225
2.37517
2.36338
2.34692
2.32583
2.30015
2.26995
2.2353
2.19629
2.153
2.10554
2.05404
1.9986
1.93937
1.87648
1.81009
1.74037
1.66746
1.59156
1.51285
1.43151
1.34774
1.26174
1.17373
1.0839
0.992483
0.899693
0.805756
0.710896
0.615343
0.519327
0.423079
0.326831
0.230815
0.135262
0.040402
-0.0535358
-0.146325
-0.237743
-0.327569
-0.415586
-0.501584
-0.585353
-0.666693
-0.745408
-0.821308
-0.89421
-0.963938
-1.03033
-1.09321
-1.15244
-1.20788
-1.25939
-1.30684
-1.35013
-1.38915
-1.4238
-1.454
-1.47968
-1.50077
-1.51723
-1.52902
-1.5361
-1.53846
-1.5361
-1.52902
-1.51723
-1.50077
-1.47968
-1.454
-1.4238
-1.38915
-1.35013
-1.30685
-1.25939
-1.20789
-1.15245
-1.09322
-1.03033
-0.963944
-0.894216
-0.821314
-0.745414
-0.6667
-0.58536
-0.501591
-0.415594
-0.327577
-0.237751
-0.146333
-0.0535437
0.040394
0.135254
0.230807
0.326823
0.423071
0.519319
0.615335
0.710888
0.805748
0.899686
0.992475
1.08389
1.17372
1.26174
1.34773
1.4315
1.51284
1.59156
1.66746
1.74036
1.81009
1.87648
1.93936
1.99859
2.05403
2.10554
2.153
2.19628
2.2353
2.26995
2.30015
2.32583
2.34692
2.36338
2.37517
2.38225
2.38462
2.52308
2.52054
2.51293
2.50026
2.48258
2.45991
2.43232
2.39987
2.36264
2.32072
2.2742
2.22321
2.16787
2.1083
2.04465
1.97708
1.90575
1.83083
1.75249
1.67094
1.58636
1.49896
1.40895
1.31654
1.22197
1.12545
1.02722
0.927514
0.826577
0.724649
0.621977
0.518806
0.415387
0.311967
0.208797
0.106124
0.00419671
-0.0967403
-0.196444
-0.294673
-0.391192
-0.485767
-0.578172
-0.668183
-0.755584
-0.840164
-0.921719
-1.00005
-1.07498
-1.14631
-1.21388
-1.27753
-1.3371
-1.39244
-1.44343
-1.48995
-1.53187
-1.5691
-1.60155
-1.62914
-1.65181
-1.66949
-1.68216
-1.68977
-1.69231
-1.68977
-1.68216
-1.6695
-1.65181
-1.62914
-1.60155
-1.5691
-1.53187
-1.48995
-1.44344
-1.39245
-1.3371
-1.27753
-1.21389
-1.14632
-1.07498
-1.00006
-0.921726
-0.840171
-0.755591
-0.668191
-0.57818
-0.485776
-0.3912
-0.294681
-0.196452
-0.0967491
0.0041879
0.106115
0.208788
0.311958
0.415378
0.518797
0.621968
0.72464
0.826568
0.927505
1.02721
1.12544
1.22196
1.31653
1.40894
1.49895
1.58635
1.67093
1.75248
1.83082
1.90574
1.97708
2.04465
2.10829
2.16786
2.22321
2.2742
2.32071
2.36264
2.39987
2.43232
2.45991
2.48258
2.50026
2.51293
2.52054
2.52308
2.66154
2.65882
2.65069
2.63714
2.61823
2.59399
2.56449
2.52979
2.48997
2.44515
2.39541
2.34088
2.2817
2.218
2.14994
2.07768
2.0014
1.92128
1.83752
1.75031
1.65986
1.5664
1.47015
1.37134
1.2702
1.16699
1.06195
0.955334
0.847398
0.738402
0.62861
0.518286
0.407695
0.297104
0.186779
0.076987
-0.0320086
-0.139945
-0.246562
-0.351603
-0.454815
-0.555948
-0.654761
-0.751013
-0.844475
-0.93492
-1.02213
-1.1059
-1.18602
-1.2623
-1.33455
-1.40261
-1.46631
-1.52549
-1.58002
-1.62976
-1.67459
-1.7144
-1.7491
-1.77861
-1.80285
-1.82176
-1.8353
-1.84344
-1.84615
-1.84344
-1.8353
-1.82176
-1.80285
-1.77861
-1.74911
-1.71441
-1.67459
-1.62976
-1.58003
-1.5255
-1.46632
-1.40262
-1.33456
-1.2623
-1.18602
-1.1059
-1.02214
-0.934927
-0.844483
-0.751022
-0.654769
-0.555957
-0.454824
-0.351612
-0.246571
-0.139954
-0.0320182
0.0769773
0.18677
0.297094
0.407685
0.518276
0.6286
0.738393
0.847388
0.955325
1.06194
1.16698
1.27019
1.37133
1.47014
1.56639
1.65986
1.7503
1.83751
1.92128
2.0014
2.07768
2.14993
2.21799
2.28169
2.34088
2.3954
2.44514
2.48997
2.52978
2.56449
2.59399
2.61823
2.63714
2.65068
2.65882
2.66154
2.8
2.79711
2.78844
2.77402
2.75388
2.72808
2.69666
2.65971
2.61731
2.56957
2.51661
2.45855
2.39553
2.3277
2.25523
2.17828
2.09706
2.01174
1.92254
1.82968
1.73337
1.63385
1.53135
1.42613
1.31844
1.20854
1.09669
0.983155
0.868219
0.752155
0.635244
0.517765
0.400003
0.28224
0.164762
0.0478497
-0.0682139
-0.183149
-0.29668
-0.408533
-0.518437
-0.626129
-0.731349
-0.833844
-0.933366
-1.02968
-1.12254
-1.21174
-1.29705
-1.37828
-1.45522
-1.5277
-1.59552
-1.65855
-1.71661
-1.76957
-1.81731
-1.8597
-1.89666
-1.92807
-1.95388
-1.97402
-1.98844
-1.99711
-2
-1.99711
-1.98844
-1.97402
-1.95389
-1.92808
-1.89666
-1.85971
-1.81731
-1.76958
-1.71661
-1.65855
-1.59553
-1.5277
-1.45523
-1.37829
-1.29706
-1.21175
-1.12255
-1.02968
-0.933374
-0.833853
-0.731359
-0.626139
-0.518447
-0.408543
-0.29669
-0.18316
-0.0682243
0.0478392
0.164751
0.28223
0.399992
0.517754
0.635233
0.752145
0.868209
0.983144
1.09668
1.20853
1.31843
1.42612
1.53134
1.63384
1.73336
1.82967
1.92254
2.01173
2.09705
2.17828
2.25522
2.32769
2.39552
2.45854
2.51661
2.56957
2.61731
2.6597
2.69665
2.72807
2.75388
2.77402
2.78844
2.79711
2.8
2.93846
2.93539
2.9262
2.9109
2.88954
2.86216
2.82883
2.78962
2.74465
2.694
2.63782
2.57622
2.50936
2.4374
2.36051
2.27888
2.19271
2.1022
2.00757
1.90905
1.80688
1.70129
1.59256
1.48093
1.36668
1.25008
1.13142
1.01097
0.88904
0.765909
0.641877
0.517244
0.392311
0.267377
0.142744
0.0187124
-0.104419
-0.226354
-0.346799
-0.465462
-0.58206
-0.69631
-0.807938
-0.916674
-1.02226
-1.12443
-1.22295
-1.31758
-1.40809
-1.49426
-1.57589
-1.65278
-1.72474
-1.7916
-1.8532
-1.90939
-1.96003
-2.00501
-2.04421
-2.07754
-2.10492
-2.12629
-2.14159
-2.15078
-2.15385
-2.15078
-2.14159
-2.12629
-2.10492
-2.07754
-2.04421
-2.00501
-1.96003
-1.90939
-1.8532
-1.7916
-1.72475
-1.65279
-1.5759
-1.49427
-1.4081
-1.31759
-1.22296
-1.12444
-1.02227
-0.916684
-0.807948
-0.69632
-0.582071
-0.465473
-0.34681
-0.226365
-0.10443
0.0187011
0.142733
0.267365
0.392299
0.517233
0.641866
0.765897
0.889029
1.01096
1.13141
1.25007
1.36667
1.48092
1.59255
1.70128
1.80687
1.90904
2.00756
2.10219
2.1927
2.27888
2.3605
2.43739
2.50935
2.57621
2.63781
2.694
2.74464
2.78962
2.82882
2.86215
2.88954
2.9109
2.9262
2.93539
2.93846
3.07692
3.07368
3.06396
3.04778
3.02519
2.99624
2.96099
2.91954
2.87198
2.81843
2.75902
2.69389
2.62319
2.5471
2.4658
2.37948
2.28837
2.19266
2.0926
1.98842
1.88038
1.76874
1.65376
1.53573
1.41492
1.29163
1.16615
1.0388
0.909861
0.779662
0.64851
0.516724
0.384618
0.252513
0.120726
-0.0104249
-0.140624
-0.269559
-0.396917
-0.522392
-0.645683
-0.766491
-0.884526
-0.999504
-1.11115
-1.21919
-1.32336
-1.42342
-1.51913
-1.61025
-1.69656
-1.77786
-1.85395
-1.92465
-1.98979
-2.0492
-2.10275
-2.15031
-2.19176
-2.22701
-2.25596
-2.27855
-2.29473
-2.30445
-2.30769
-2.30445
-2.29473
-2.27855
-2.25596
-2.22701
-2.19176
-2.15031
-2.10276
-2.0492
-1.98979
-1.92466
-1.85396
-1.77787
-1.69657
-1.61026
-1.51914
-1.42343
-1.32337
-1.2192
-1.11116
-0.999514
-0.884537
-0.766502
-0.645694
-0.522404
-0.396929
-0.26957
-0.140636
-0.0104371
0.120714
0.252501
0.384606
0.516711
0.648498
0.77965
0.909849
1.03878
1.16614
1.29162
1.41491
1.53572
1.65375
1.76873
1.88037
1.98841
2.09259
2.19265
2.28836
2.37948
2.46579
2.54709
2.62318
2.69388
2.75901
2.81843
2.87198
2.91954
2.96099
2.99624
3.02519
3.04778
3.06396
3.07368
3.07692
3.21538
3.21197
3.20172
3.18466
3.16084
3.13032
3.09316
3.04946
2.99932
2.94286
2.88022
2.81155
2.73702
2.6568
2.57108
2.48009
2.38402
2.28312
2.17763
2.06779
1.95389
1.83619
1.71497
1.59052
1.46316
1.33317
1.20089
1.06662
0.930682
0.793415
0.655144
0.516203
0.376926
0.23765
0.0987086
-0.0395622
-0.17683
-0.312763
-0.447035
-0.579322
-0.709305
-0.836672
-0.961115
-1.08233
-1.20004
-1.31394
-1.42377
-1.52927
-1.63017
-1.72623
-1.81723
-1.90295
-1.98317
-2.0577
-2.12637
-2.18901
-2.24547
-2.29561
-2.33931
-2.37647
-2.407
-2.43082
-2.44787
-2.45812
-2.46154
-2.45812
-2.44787
-2.43082
-2.407
-2.37648
-2.33932
-2.29562
-2.24548
-2.18902
-2.12638
-2.05771
-1.98318
-1.90296
-1.81724
-1.72624
-1.63018
-1.52928
-1.42378
-1.31395
-1.20005
-1.08235
-0.961126
-0.836684
-0.709317
-0.579334
-0.447048
-0.312776
-0.176843
-0.0395752
0.0986956
0.237637
0.376913
0.51619
0.655131
0.793402
0.930669
1.0666
1.20087
1.33316
1.46315
1.59051
1.71495
1.83617
1.95388
2.06778
2.17762
2.28311
2.38401
2.48008
2.57108
2.65679
2.73701
2.81155
2.88022
2.94286
2.99931
3.04946
3.09316
3.13032
3.16084
3.18466
3.20172
3.21196
3.21538
3.35385
3.35025
3.33947
3.32154
3.2965
3.2644
3.22533
3.17938
3.12666
3.06729
3.00143
2.92922
2.85085
2.7665
2.67637
2.58069
2.47967
2.37358
2.26265
2.14717
2.0274
1.90363
1.77617
1.64532
1.5114
1.37472
1.23562
1.09444
0.951503
0.807168
0.661777
0.515682
0.369234
0.222786
0.0766909
-0.0686996
-0.213035
-0.355968
-0.497153
-0.636252
-0.772928
-0.906853
-1.0377
-1.16516
-1.28893
-1.4087
-1.52419
-1.63511
-1.74121
-1.84222
-1.9379
-2.02803
-2.11238
-2.19076
-2.26296
-2.32883
-2.38819
-2.44091
-2.48687
-2.52594
-2.55803
-2.58308
-2.60101
-2.61179
-2.61538
-2.61179
-2.60101
-2.58308
-2.55804
-2.52594
-2.48687
-2.44092
-2.3882
-2.32883
-2.26297
-2.19076
-2.11239
-2.02804
-1.93791
-1.84223
-1.74122
-1.63512
-1.5242
-1.40871
-1.28894
-1.16518
-1.03772
-0.906865
-0.772941
-0.636265
-0.497167
-0.355981
-0.213049
-0.0687133
0.0766771
0.222772
0.36922
0.515668
0.661764
0.807154
0.95149
1.09442
1.23561
1.37471
1.51138
1.64531
1.77616
1.90362
2.02738
2.14715
2.26264
2.37357
2.47966
2.58068
2.67636
2.76649
2.85084
2.92921
3.00142
3.06729
3.12665
3.17937
3.22533
3.2644
3.29649
3.32154
3.33947
3.35025
3.35385
3.49231
3.48854
3.47723
3.45842
3.43215
3.39848
3.3575
3.3093
3.25399
3.19172
3.12263
3.04689
2.96468
2.8762
2.78166
2.68129
2.57533
2.46404
2.34768
2.22654
2.1009
1.97108
1.83738
1.70012
1.55963
1.41627
1.27036
1.12226
0.972324
0.820921
0.668411
0.515162
0.361542
0.207923
0.0546732
-0.0978369
-0.24924
-0.399172
-0.547272
-0.693182
-0.836551
-0.977034
-1.11429
-1.24799
-1.37782
-1.50345
-1.6246
-1.74095
-1.85225
-1.9582
-2.05858
-2.15312
-2.2416
-2.32381
-2.39955
-2.46864
-2.53091
-2.58622
-2.63442
-2.6754
-2.70907
-2.73534
-2.75415
-2.76546
-2.76923
-2.76546
-2.75416
-2.73535
-2.70908
-2.67541
-2.63442
-2.58622
-2.53092
-2.46865
-2.39956
-2.32382
-2.24161
-2.15312
-2.05858
-1.95821
-1.85226
-1.74096
-1.62461
-1.50347
-1.37783
-1.24801
-1.1143
-0.977047
-0.836564
-0.693196
-0.547286
-0.399187
-0.249255
-0.0978514
0.0546586
0.207908
0.361527
0.515147
0.668396
0.820906
0.97231
1.12224
1.27034
1.41625
1.55962
1.7001
1.83736
1.97106
2.10089
2.22653
2.34767
2.46403
2.57532
2.68128
2.78165
2.87619
2.96467
3.04688
3.12262
3.19171
3.25399
3.30929
3.35749
3.39848
3.43215
3.45842
3.47723
3.48854
3.49231
3.63077
3.62682
3.61499
3.5953
3.5678
3.53256
3.48967
3.43921
3.38133
3.31615
3.24383
3.16456
3.07851
2.9859
2.88694
2.78189
2.67098
2.55449
2.43271
2.30591
2.17441
2.03852
1.89858
1.75491
1.60787
1.45781
1.30509
1.15008
0.993145
0.834674
0.675044
0.514641
0.35385
0.193059
0.0326556
-0.126974
-0.285446
-0.442377
-0.59739
-0.750112
-0.900174
-1.04721
-1.19088
-1.33082
-1.46671
-1.59821
-1.72501
-1.8468
-1.96328
-2.07419
-2.17925
-2.2782
-2.37081
-2.45686
-2.53614
-2.60845
-2.67363
-2.73152
-2.78197
-2.82487
-2.86011
-2.88761
-2.9073
-2.91913
-2.92308
-2.91913
-2.9073
-2.88761
-2.86011
-2.82487
-2.78198
-2.73152
-2.67364
-2.60846
-2.53615
-2.45687
-2.37082
-2.27821
-2.17926
-2.0742
-1.9633
-1.84681
-1.72502
-1.59822
-1.46672
-1.33084
-1.19089
-1.04723
-0.900188
-0.750126
-0.597405
-0.442392
-0.285461
-0.12699
0.0326401
0.193044
0.353834
0.514625
0.675029
0.834659
0.99313
1.15006
1.30507
1.4578
1.60786
1.7549
1.89857
2.03851
2.1744
2.3059
2.43269
2.55448
2.67097
2.78188
2.88693
2.98589
3.0785
3.16455
3.24383
3.31614
3.38132
3.43921
3.48966
3.53256
3.5678
3.5953
3.61499
3.62682
3.63077
3.76923
3.76511
3.75275
3.73218
3.70346
3.66665
3.62183
3.56913
3.50866
3.44058
3.36504
3.28223
3.19234
3.0956
2.99223
2.88249
2.76664
2.64495
2.51773
2.38528
2.24792
2.10597
1.95978
1.80971
1.65611
1.49936
1.33982
1.1779
1.01397
0.848427
0.681678
0.51412
0.346158
0.178196
0.0106379
-0.156111
-0.321651
-0.485581
-0.647508
-0.807041
-0.963796
-1.1174
-1.26747
-1.41365
-1.5556
-1.69297
-1.82542
-1.95264
-2.07432
-2.19017
-2.29992
-2.40328
-2.50003
-2.58991
-2.67273
-2.74827
-2.81635
-2.87682
-2.92952
-2.97434
-3.01115
-3.03987
-3.06044
-3.0728
-3.07692
-3.0728
-3.06044
-3.03987
-3.01115
-2.97434
-2.92953
-2.87683
-2.81636
-2.74828
-2.67273
-2.58992
-2.50004
-2.40329
-2.29993
-2.19019
-2.07433
-1.95265
-1.82543
-1.69298
-1.55561
-1.41367
-1.26748
-1.11741
-0.963811
-0.807057
-0.647524
-0.485597
-0.321667
-0.156128
0.0106217
0.178179
0.346142
0.514104
0.681662
0.848411
1.01395
1.17788
1.33981
1.49934
1.6561
1.8097
1.95977
2.10596
2.2479
2.38527
2.51772
2.64494
2.76662
2.88248
2.99222
3.09559
3.19233
3.28222
3.36503
3.44057
3.50866
3.56913
3.62183
3.66664
3.70345
3.73218
3.75275
3.76511
3.76923
3.90769
3.90339
3.89051
3.86906
3.83911
3.80073
3.754
3.69905
3.636
3.56501
3.48624
3.39989
3.30617
3.2053
3.09752
2.98309
2.86229
2.73541
2.60276
2.46465
2.32142
2.17342
2.02099
1.86451
1.70435
1.5409
1.37456
1.20572
1.03479
0.86218
0.688311
0.513599
0.338466
0.163332
-0.0113798
-0.185249
-0.357856
-0.528786
-0.697627
-0.863971
-1.02742
-1.18758
-1.34406
-1.49648
-1.64449
-1.78772
-1.92583
-2.05848
-2.18536
-2.30616
-2.42059
-2.52837
-2.62924
-2.72297
-2.80932
-2.88808
-2.95907
-3.02212
-3.07708
-3.1238
-3.16219
-3.19214
-3.21358
-3.22647
-3.23077
-3.22647
-3.21358
-3.19214
-3.16219
-3.12381
-3.07708
-3.02213
-2.95908
-2.88809
-2.80932
-2.72297
-2.62925
-2.52838
-2.4206
-2.30617
-2.18537
-2.0585
-1.92584
-1.78774
-1.64451
-1.4965
-1.34407
-1.18759
-1.02743
-0.863987
-0.697643
-0.528803
-0.357873
-0.185266
-0.0113968
0.163315
0.338449
0.513582
0.688294
0.862163
1.03477
1.2057
1.37454
1.54089
1.70433
1.86449
2.02097
2.1734
2.32141
2.46464
2.60275
2.7354
2.86228
2.98308
3.0975
3.20529
3.30616
3.39988
3.48623
3.565
3.63599
3.69904
3.754
3.80072
3.83911
3.86906
3.8905
3.90339
3.90769
4.04615
4.04168
4.02826
4.00594
3.97476
3.93481
3.88617
3.82897
3.76334
3.68944
3.60745
3.51756
3.42
3.315
3.2028
3.08369
2.95794
2.82587
2.68779
2.54402
2.39493
2.24086
2.08219
1.9193
1.75259
1.58245
1.40929
1.23354
1.05561
0.875933
0.694945
0.513079
0.330774
0.148469
-0.0333974
-0.214386
-0.394061
-0.571991
-0.747745
-0.920901
-1.09104
-1.25776
-1.42065
-1.57932
-1.73338
-1.88248
-2.02624
-2.16433
-2.2964
-2.42214
-2.54126
-2.65345
-2.75846
-2.85602
-2.9459
-3.0279
-3.1018
-3.16743
-3.22463
-3.27327
-3.31322
-3.3444
-3.36672
-3.38014
-3.38462
-3.38014
-3.36673
-3.3444
-3.31323
-3.27327
-3.22464
-3.16743
-3.1018
-3.0279
-2.94591
-2.85603
-2.75847
-2.65346
-2.54127
-2.42216
-2.29641
-2.16434
-2.02625
-1.88249
-1.7334
-1.57933
-1.42066
-1.25777
-1.09106
-0.920918
-0.747762
-0.572008
-0.394079
-0.214404
-0.0334153
0.148451
0.330756
0.513061
0.694927
0.875916
1.05559
1.23352
1.40927
1.58243
1.75257
1.91929
2.08218
2.24085
2.39491
2.54401
2.68777
2.82586
2.95793
3.08368
3.20279
3.31498
3.41999
3.51755
3.60744
3.68943
3.76333
3.82896
3.88617
3.9348
3.97476
4.00594
4.02826
4.04168
4.04615
4.18462
4.17996
4.16602
4.14282
4.11042
4.06889
4.01834
3.95889
3.89067
3.81387
3.72865
3.63523
3.53383
3.42469
3.30809
3.18429
3.0536
2.91633
2.77281
2.62339
2.46844
2.30831
2.1434
1.9741
1.80083
1.62399
1.44403
1.26136
1.07643
0.889686
0.701578
0.512558
0.323082
0.133605
-0.0554151
-0.243523
-0.430267
-0.615195
-0.797863
-0.977831
-1.15466
-1.32794
-1.49723
-1.66215
-1.82227
-1.97723
-2.12665
-2.27017
-2.40744
-2.53813
-2.66193
-2.77854
-2.88767
-2.98907
-3.08249
-3.16771
-3.24452
-3.31273
-3.37218
-3.42273
-3.46426
-3.49666
-3.51987
-3.53381
-3.53846
-3.53381
-3.51987
-3.49667
-3.46427
-3.42274
-3.37219
-3.31274
-3.24452
-3.16772
-3.0825
-2.98908
-2.88768
-2.77855
-2.66194
-2.53814
-2.40745
-2.27018
-2.12667
-1.97725
-1.82229
-1.66216
-1.49725
-1.32796
-1.15468
-0.977849
-0.797881
-0.615213
-0.430285
-0.243542
-0.0554338
0.133586
0.323063
0.512539
0.70156
0.889668
1.07641
1.26134
1.44401
1.62398
1.80081
1.97408
2.14338
2.30829
2.46842
2.62338
2.7728
2.91632
3.05359
3.18428
3.30808
3.42468
3.53382
3.63522
3.72864
3.81386
3.89067
3.95888
4.01833
4.06889
4.11041
4.14282
4.16602
4.17996
4.18462
4.32308
4.31825
4.30378
4.2797
4.24607
4.20297
4.15051
4.0888
4.01801
3.9383
3.84985
3.7529
3.64766
3.53439
3.41337
3.28489
3.14925
3.00679
2.85784
2.70277
2.54194
2.37575
2.2046
2.0289
1.84907
1.66554
1.47876
1.28918
1.09725
0.90344
0.708212
0.512037
0.315389
0.118741
-0.0774328
-0.272661
-0.466472
-0.6584
-0.847982
-1.03476
-1.21829
-1.39812
-1.57382
-1.74498
-1.91116
-2.07199
-2.22706
-2.37601
-2.51848
-2.65411
-2.7826
-2.90362
-3.01689
-3.12212
-3.21908
-3.30752
-3.38724
-3.45803
-3.51974
-3.5722
-3.6153
-3.64893
-3.67301
-3.68748
-3.69231
-3.68748
-3.67301
-3.64893
-3.6153
-3.5722
-3.51974
-3.45804
-3.38724
-3.30753
-3.21909
-3.12213
-3.0169
-2.90363
-2.78261
-2.65413
-2.51849
-2.37603
-2.22708
-2.07201
-1.91118
-1.74499
-1.57384
-1.39814
-1.21831
-1.03478
-0.848
-0.658419
-0.466491
-0.27268
-0.0774523
0.118722
0.31537
0.512018
0.708192
0.90342
1.09723
1.28916
1.47874
1.66552
1.84905
2.02888
2.20458
2.37574
2.54193
2.70275
2.85782
3.00677
3.14924
3.28488
3.41336
3.53438
3.64765
3.75289
3.84985
3.93829
4.018
4.0888
4.1505
4.20297
4.24607
4.2797
4.30378
4.31825
4.32308
4.46154
4.45653
4.44154
4.41658
4.38172
4.33705
4.28268
4.21872
4.14535
4.06273
3.97106
3.87057
3.76149
3.64409
3.51866
3.38549
3.24491
3.09725
2.94287
2.78214
2.61545
2.4432
2.2658
2.08369
1.8973
1.70708
1.51349
1.317
1.11807
0.917193
0.714845
0.511517
0.307697
0.103878
-0.0994505
-0.301798
-0.502677
-0.701604
-0.8981
-1.09169
-1.28191
-1.4683
-1.65041
-1.82781
-2.00006
-2.16675
-2.32747
-2.48185
-2.62952
-2.7701
-2.90327
-3.0287
-3.1461
-3.25518
-3.35567
-3.44734
-3.52996
-3.60333
-3.66729
-3.72167
-3.76634
-3.80119
-3.82615
-3.84115
-3.84615
-3.84115
-3.82615
-3.8012
-3.76634
-3.72167
-3.66729
-3.60334
-3.52997
-3.44735
-3.35568
-3.25519
-3.14611
-3.02872
-2.90328
-2.77011
-2.62953
-2.48187
-2.32749
-2.16676
-2.00007
-1.82782
-1.65043
-1.46832
-1.28193
-1.09171
-0.898119
-0.701624
-0.502697
-0.301818
-0.0994708
0.103858
0.307677
0.511496
0.714825
0.917172
1.11805
1.31698
1.51347
1.70707
1.89729
2.08368
2.26579
2.44318
2.61543
2.78212
2.94285
3.09723
3.24489
3.38548
3.51865
3.64408
3.76148
3.87056
3.97105
4.06272
4.14534
4.21871
4.28267
4.33705
4.38172
4.41658
4.44153
4.45653
4.46154
4.6
4.59482
4.57929
4.55346
4.51738
4.47113
4.41484
4.34864
4.27268
4.18715
4.09226
3.98823
3.87532
3.75379
3.62395
3.48609
3.34056
3.18771
3.02789
2.86151
2.68895
2.51064
2.32701
2.13849
1.94554
1.74863
1.54823
1.34482
1.13889
0.930946
0.721479
0.510996
0.300005
0.0890144
-0.121468
-0.330935
-0.538883
-0.744809
-0.948218
-1.14862
-1.34553
-1.53848
-1.727
-1.91064
-2.08895
-2.2615
-2.42789
-2.5877
-2.74055
-2.88608
-3.02394
-3.15379
-3.27531
-3.38823
-3.49226
-3.58715
-3.67268
-3.74864
-3.81484
-3.87113
-3.91737
-3.95346
-3.97929
-3.99482
-4
-3.99482
-3.9793
-3.95346
-3.91738
-3.87114
-3.81485
-3.74864
-3.67269
-3.58716
-3.49227
-3.38824
-3.27533
-3.1538
-3.02395
-2.8861
-2.74057
-2.58771
-2.4279
-2.26152
-2.08896
-1.91065
-1.72702
-1.5385
-1.34555
-1.14864
-0.948238
-0.744829
-0.538903
-0.330956
-0.121489
0.0889932
0.299984
0.510975
0.721457
0.930925
1.13887
1.3448
1.54821
1.74861
1.94552
2.13847
2.32699
2.51063
2.68894
2.86149
3.02788
3.18769
3.34055
3.48608
3.62393
3.75378
3.87531
3.98822
4.09225
4.18715
4.27267
4.34863
4.41484
4.47113
4.51737
4.55346
4.57929
4.59482
4.6
4.73846
4.73311
4.71705
4.69034
4.65303
4.60522
4.54701
4.47856
4.40002
4.31158
4.21347
4.1059
3.98915
3.86349
3.72923
3.58669
3.43622
3.27816
3.11292
2.94088
2.76246
2.57809
2.38821
2.19329
1.99378
1.79018
1.58296
1.37264
1.15971
0.944699
0.728112
0.510475
0.292313
0.0741509
-0.143486
-0.360073
-0.575088
-0.788013
-0.998336
-1.20555
-1.40916
-1.60866
-1.80359
-1.99347
-2.17784
-2.35626
-2.5283
-2.69354
-2.85159
-3.00207
-3.14461
-3.27887
-3.40453
-3.52128
-3.62885
-3.72696
-3.8154
-3.89394
-3.96239
-4.0206
-4.06841
-4.10572
-4.13244
-4.14849
-4.15385
-4.14849
-4.13244
-4.10572
-4.06842
-4.0206
-3.9624
-3.89395
-3.81541
-3.72697
-3.62886
-3.52129
-3.40454
-3.27888
-3.14462
-3.00208
-2.85161
-2.69356
-2.52831
-2.35627
-2.17786
-1.99348
-1.80361
-1.60868
-1.40918
-1.20557
-0.998358
-0.788035
-0.575109
-0.360094
-0.143508
0.0741289
0.292291
0.510453
0.72809
0.944677
1.15969
1.37262
1.58294
1.79016
1.99376
2.19327
2.38819
2.57807
2.76244
2.94086
3.1129
3.27815
3.4362
3.58668
3.72922
3.86348
3.98914
4.10589
4.21346
4.31157
4.40001
4.47855
4.54701
4.60521
4.65303
4.69034
4.71705
4.7331
4.73846
4.87692
4.87139
4.85481
4.82722
4.78868
4.7393
4.67918
4.60848
4.52735
4.43601
4.33467
4.22357
4.10298
3.97319
3.83452
3.68729
3.53187
3.36862
3.19795
3.02025
2.83597
2.64554
2.44942
2.24808
2.04202
1.83172
1.6177
1.40046
1.18054
0.958452
0.734746
0.509955
0.284621
0.0592874
-0.165503
-0.38921
-0.611293
-0.831218
-1.04845
-1.26248
-1.47278
-1.67884
-1.88018
-2.0763
-2.26673
-2.45101
-2.62871
-2.79938
-2.96263
-3.11805
-3.26528
-3.40396
-3.53374
-3.65433
-3.76543
-3.86678
-3.95812
-4.03924
-4.10995
-4.17006
-4.21945
-4.25799
-4.28558
-4.30216
-4.30769
-4.30216
-4.28558
-4.25799
-4.21945
-4.17007
-4.10995
-4.03925
-3.95813
-3.86679
-3.76544
-3.65435
-3.53376
-3.40397
-3.2653
-3.11807
-2.96265
-2.7994
-2.62873
-2.45103
-2.26675
-2.07632
-1.8802
-1.67886
-1.4728
-1.2625
-1.04848
-0.83124
-0.611316
-0.389233
-0.165526
0.0592645
0.284598
0.509932
0.734723
0.958429
1.18051
1.40044
1.61767
1.8317
2.042
2.24806
2.4494
2.64552
2.83595
3.02023
3.19793
3.36861
3.53185
3.68728
3.8345
3.97318
4.10297
4.22356
4.33466
4.436
4.52735
4.60847
4.67917
4.73929
4.78868
4.82721
4.85481
4.87139
4.87692
5.01538
5.00968
4.99257
4.9641
4.92434
4.87338
4.81135
4.73839
4.65469
4.56044
4.45587
4.34124
4.21681
4.08289
3.93981
3.78789
3.62752
3.45908
3.28297
3.09962
2.90947
2.71298
2.51062
2.30288
2.09026
1.87327
1.65243
1.42828
1.20136
0.972205
0.741379
0.509434
0.276929
0.0444239
-0.187521
-0.418347
-0.647498
-0.874423
-1.09857
-1.31941
-1.5364
-1.74902
-1.95677
-2.15913
-2.35562
-2.54577
-2.72912
-2.90523
-3.07367
-3.23404
-3.38595
-3.52904
-3.66296
-3.78739
-3.90202
-4.00659
-4.10084
-4.18454
-4.2575
-4.31953
-4.37049
-4.41025
-4.43872
-4.45583
-4.46154
-4.45583
-4.43872
-4.41025
-4.37049
-4.31954
-4.25751
-4.18455
-4.10085
-4.0066
-3.90203
-3.7874
-3.66297
-3.52905
-3.38597
-3.23406
-3.07369
-2.90524
-2.72914
-2.54579
-2.35564
-2.15915
-1.95679
-1.74904
-1.53642
-1.31943
-1.0986
-0.874446
-0.647522
-0.418371
-0.187545
0.0444002
0.276905
0.50941
0.741355
0.972182
1.20133
1.42826
1.65241
1.87324
2.09024
2.30286
2.5106
2.71296
2.90945
3.09961
3.28296
3.45906
3.62751
3.78788
3.93979
4.08288
4.2168
4.34123
4.45586
4.56043
4.65468
4.73839
4.81134
4.87337
4.92433
4.96409
4.99257
5.00968
5.01538
5.15385
5.14796
5.13033
5.10098
5.05999
5.00746
4.94352
4.86831
4.78203
4.68487
4.57708
4.45891
4.33064
4.19259
4.04509
3.88849
3.72318
3.54954
3.368
3.179
2.98298
2.78043
2.57183
2.35768
2.1385
1.91481
1.68716
1.4561
1.22218
0.985958
0.748012
0.508913
0.269237
0.0295603
-0.209539
-0.447485
-0.683704
-0.917627
-1.14869
-1.37634
-1.60002
-1.8192
-2.03335
-2.24196
-2.44451
-2.64052
-2.82953
-3.01107
-3.18471
-3.35002
-3.50662
-3.65412
-3.79217
-3.92044
-4.03861
-4.1464
-4.24356
-4.32985
-4.40505
-4.469
-4.52153
-4.56251
-4.59186
-4.6095
-4.61538
-4.6095
-4.59187
-4.56252
-4.52153
-4.469
-4.40506
-4.32985
-4.24357
-4.14642
-4.03862
-3.92045
-3.79219
-3.65414
-3.50664
-3.35004
-3.18472
-3.01109
-2.82955
-2.64054
-2.44453
-2.24198
-2.03338
-1.81923
-1.60005
-1.37636
-1.14871
-0.917651
-0.683728
-0.447509
-0.209563
0.0295359
0.269212
0.508889
0.747988
0.985934
1.22215
1.45608
1.68714
1.91479
2.13847
2.35765
2.5718
2.78041
2.98296
3.17898
3.36798
3.54952
3.72316
3.88848
4.04508
4.19258
4.33063
4.45889
4.57707
4.68486
4.78202
4.8683
4.94351
5.00745
5.05998
5.10097
5.13032
5.14796
5.15385
5.29231
5.28625
5.26808
5.23786
5.19564
5.14154
5.07568
4.99823
4.90936
4.8093
4.69828
4.57657
4.44447
4.30229
4.15038
3.98909
3.81883
3.64
3.45303
3.25837
3.05649
2.84787
2.63303
2.41247
2.18673
1.95636
1.7219
1.48392
1.243
0.999711
0.754646
0.508393
0.261545
0.0146968
-0.231556
-0.476622
-0.719909
-0.960832
-1.19881
-1.43327
-1.66365
-1.88939
-2.10994
-2.32479
-2.5334
-2.73528
-2.92994
-3.11691
-3.29575
-3.46601
-3.62729
-3.77921
-3.92139
-4.05349
-4.1752
-4.28622
-4.38628
-4.47515
-4.5526
-4.61846
-4.67256
-4.71478
-4.74501
-4.76317
-4.76923
-4.76317
-4.74501
-4.71478
-4.67257
-4.61847
-4.55261
-4.47516
-4.38629
-4.28623
-4.17521
-4.0535
-3.9214
-3.77922
-3.62731
-3.46603
-3.29576
-3.11693
-2.92996
-2.7353
-2.53342
-2.32481
-2.10996
-1.88941
-1.66367
-1.43329
-1.19883
-0.960856
-0.719934
-0.476647
-0.231582
0.0146715
0.261519
0.508367
0.754621
0.999686
1.24297
1.4839
1.72187
1.95633
2.18671
2.41245
2.63301
2.84785
3.05647
3.25835
3.45301
3.63998
3.81881
3.98908
4.15036
4.30228
4.44446
4.57656
4.69827
4.80929
4.90935
4.99822
5.07568
5.14154
5.19564
5.23785
5.26808
5.28625
5.29231
5.43077
5.42453
5.40584
5.37474
5.3313
5.27562
5.20785
5.12815
5.0367
4.93373
4.81949
4.69424
4.5583
4.41199
4.25566
4.0897
3.91449
3.73046
3.53805
3.33774
3.12999
2.91532
2.69423
2.46727
2.23497
1.9979
1.75663
1.51174
1.26382
1.01346
0.761279
0.507872
0.253853
-0.000166726
-0.253574
-0.505759
-0.756114
-1.00404
-1.24893
-1.4902
-1.72727
-1.95957
-2.18653
-2.40762
-2.62229
-2.83004
-3.03035
-3.22276
-3.40678
-3.58199
-3.74796
-3.90429
-4.0506
-4.18654
-4.31179
-4.42603
-4.529
-4.62045
-4.70016
-4.76793
-4.8236
-4.86704
-4.89815
-4.91684
-4.92308
-4.91684
-4.89815
-4.86705
-4.82361
-4.76793
-4.70016
-4.62046
-4.52901
-4.42604
-4.3118
-4.18656
-4.05062
-3.90431
-3.74798
-3.58201
-3.4068
-3.22278
-3.03037
-2.83006
-2.62231
-2.40764
-2.18655
-1.95959
-1.72729
-1.49022
-1.24895
-1.00406
-0.75614
-0.505785
-0.2536
-0.000192822
0.253827
0.507846
0.761253
1.01344
1.26379
1.51172
1.75661
1.99788
2.23495
2.46725
2.69421
2.9153
3.12997
3.33772
3.53803
3.73044
3.91447
4.08968
4.25565
4.41198
4.55829
4.69423
4.81947
4.93372
5.03669
5.12814
5.20785
5.27562
5.33129
5.37473
5.40584
5.42453
5.43077
5.56923
5.56282
5.5436
5.51162
5.46695
5.40971
5.34002
5.25807
5.16404
5.05816
4.94069
4.81191
4.67213
4.52169
4.36095
4.1903
4.01014
3.82092
3.62308
3.41711
3.2035
2.98277
2.75544
2.52207
2.28321
2.03945
1.79137
1.53956
1.28464
1.02722
0.767913
0.507351
0.246161
-0.0150303
-0.275592
-0.534896
-0.79232
-1.04724
-1.29905
-1.54713
-1.79089
-2.02975
-2.26312
-2.49045
-2.71118
-2.92479
-3.13076
-3.3286
-3.51782
-3.69798
-3.86863
-4.02938
-4.17982
-4.3196
-4.44838
-4.56585
-4.67172
-4.76575
-4.84771
-4.91739
-4.97464
-5.01931
-5.05129
-5.07051
-5.07692
-5.07051
-5.05129
-5.01931
-4.97464
-4.9174
-4.84772
-4.76576
-4.67173
-4.56586
-4.44839
-4.31961
-4.17983
-4.02939
-3.86865
-3.698
-3.51784
-3.32862
-3.13078
-2.92481
-2.7112
-2.49047
-2.26314
-2.02977
-1.79092
-1.54715
-1.29907
-1.04727
-0.792346
-0.534923
-0.275619
-0.0150572
0.246134
0.507324
0.767886
1.02719
1.28461
1.53954
1.79134
2.03942
2.28319
2.52204
2.75542
2.98274
3.20348
3.41709
3.62306
3.8209
4.01012
4.19028
4.36093
4.52167
4.67212
4.8119
4.94068
5.05815
5.16403
5.25806
5.34001
5.4097
5.46694
5.51161
5.5436
5.56282
5.56923
5.70769
5.7011
5.68136
5.6485
5.6026
5.54379
5.47219
5.38798
5.29137
5.18259
5.06189
4.92958
4.78596
4.63139
4.46624
4.2909
4.10579
3.91138
3.70811
3.49648
3.27701
3.05021
2.81664
2.57686
2.33145
2.08099
1.8261
1.56738
1.30546
1.04097
0.774546
0.506831
0.238468
-0.0298938
-0.29761
-0.564034
-0.828525
-1.09045
-1.34916
-1.60406
-1.85451
-2.09993
-2.33971
-2.57328
-2.80007
-3.01955
-3.23117
-3.43444
-3.62886
-3.81396
-3.9893
-4.15446
-4.30903
-4.45265
-4.58496
-4.70566
-4.81444
-4.91106
-4.99526
-5.06686
-5.12568
-5.17157
-5.20443
-5.22418
-5.23077
-5.22418
-5.20443
-5.17158
-5.12568
-5.06687
-4.99527
-4.91107
-4.81445
-4.70567
-4.58498
-4.45266
-4.30905
-4.15448
-3.98932
-3.81398
-3.62888
-3.43446
-3.2312
-3.01957
-2.8001
-2.5733
-2.33973
-2.09995
-1.85454
-1.60409
-1.34919
-1.09047
-0.828552
-0.564061
-0.297637
-0.0299215
0.238441
0.506803
0.774519
1.04094
1.30543
1.56735
1.82607
2.08097
2.33142
2.57684
2.81662
3.05019
3.27698
3.49646
3.70809
3.91135
4.10577
4.29088
4.46622
4.63137
4.78595
4.92956
5.06188
5.18258
5.29136
5.38797
5.47218
5.54378
5.6026
5.64849
5.68135
5.7011
5.70769
5.84615
5.83939
5.81911
5.78538
5.73826
5.67787
5.60436
5.5179
5.41871
5.30702
5.1831
5.04725
4.89979
4.74109
4.57152
4.3915
4.20145
4.00183
3.79313
3.57585
3.35051
3.11766
2.87785
2.63166
2.37969
2.12254
1.86083
1.5952
1.32628
1.05472
0.78118
0.50631
0.230776
-0.0447573
-0.319627
-0.593171
-0.86473
-1.13365
-1.39928
-1.66099
-1.91814
-2.17011
-2.4163
-2.65611
-2.88896
-3.1143
-3.33159
-3.54028
-3.7399
-3.92995
-4.10997
-4.27954
-4.43825
-4.5857
-4.72155
-4.84547
-4.95716
-5.05636
-5.14282
-5.21633
-5.27671
-5.32384
-5.35757
-5.37785
-5.38462
-5.37785
-5.35758
-5.32384
-5.27672
-5.21633
-5.14282
-5.05637
-4.95718
-4.84549
-4.72157
-4.58572
-4.43826
-4.27956
-4.10999
-3.92997
-3.73992
-3.54031
-3.33161
-3.11433
-2.88899
-2.65613
-2.41632
-2.17013
-1.91816
-1.66102
-1.39931
-1.13368
-0.864758
-0.593199
-0.319656
-0.0447858
0.230748
0.506281
0.781151
1.0547
1.32625
1.59517
1.86081
2.12251
2.37966
2.63163
2.87782
3.11763
3.35049
3.57583
3.79311
4.00181
4.20143
4.39148
4.5715
4.74107
4.89978
5.04723
5.18308
5.30701
5.4187
5.51789
5.60435
5.67786
5.73825
5.78537
5.81911
5.83939
5.84615
5.98462
5.97768
5.95687
5.92226
5.87391
5.81195
5.73653
5.64782
5.54605
5.43145
5.3043
5.16491
5.01362
4.85079
4.67681
4.4921
4.2971
4.09229
3.87816
3.65522
3.42402
3.1851
2.93905
2.68646
2.42793
2.16409
1.89557
1.62302
1.3471
1.06848
0.787813
0.505789
0.223084
-0.0596208
-0.341645
-0.622308
-0.900935
-1.17685
-1.4494
-1.71792
-1.98176
-2.24029
-2.49289
-2.73894
-2.97785
-3.20906
-3.432
-3.64613
-3.85094
-4.04593
-4.23065
-4.40463
-4.56746
-4.71875
-4.85814
-4.98529
-5.09989
-5.20166
-5.29037
-5.36579
-5.42775
-5.4761
-5.51072
-5.53152
-5.53846
-5.53152
-5.51072
-5.4761
-5.42776
-5.3658
-5.29038
-5.20167
-5.0999
-4.9853
-4.85815
-4.71877
-4.56748
-4.40464
-4.23066
-4.04595
-3.85096
-3.64615
-3.43202
-3.20908
-2.97788
-2.73896
-2.49291
-2.24032
-1.98179
-1.71795
-1.44943
-1.17688
-0.900964
-0.622338
-0.341674
-0.0596502
0.223055
0.50576
0.787784
1.06845
1.34707
1.62299
1.89554
2.16406
2.4279
2.68643
2.93903
3.18508
3.424
3.6552
3.87814
4.09227
4.29708
4.49208
4.67679
4.85077
5.01361
5.1649
5.30429
5.43143
5.54603
5.64781
5.73652
5.81194
5.8739
5.92225
5.95687
5.97767
5.98462
6.12308
6.11596
6.09463
6.05914
6.00956
5.94603
5.86869
5.77774
5.67338
5.55588
5.42551
5.28258
5.12745
4.96049
4.78209
4.5927
4.39276
4.18275
3.96319
3.7346
3.49753
3.25255
3.00026
2.74125
2.47617
2.20563
1.9303
1.65084
1.36792
1.08223
0.794447
0.505269
0.215392
-0.0744844
-0.363663
-0.651446
-0.937141
-1.22006
-1.49952
-1.77485
-2.04538
-2.31047
-2.56947
-2.82177
-3.06674
-3.30382
-3.53241
-3.75197
-3.96198
-4.16192
-4.35132
-4.52971
-4.69668
-4.85181
-4.99473
-5.1251
-5.24261
-5.34696
-5.43792
-5.51526
-5.57879
-5.62836
-5.66386
-5.68519
-5.69231
-5.68519
-5.66386
-5.62837
-5.5788
-5.51527
-5.43793
-5.34697
-5.24262
-5.12511
-4.99474
-4.85182
-4.69669
-4.52973
-4.35133
-4.16194
-3.962
-3.75199
-3.53243
-3.30384
-3.06677
-2.82179
-2.5695
-2.3105
-2.04541
-1.77488
-1.49955
-1.22009
-0.93717
-0.651476
-0.363693
-0.0745145
0.215362
0.505238
0.794417
1.0822
1.3679
1.65081
1.93027
2.2056
2.47614
2.74123
3.00023
3.25252
3.4975
3.73457
3.96316
4.18273
4.39274
4.59268
4.78208
4.96047
5.12744
5.28257
5.42549
5.55586
5.67337
5.77773
5.86869
5.94602
6.00956
6.05913
6.09463
6.11596
6.12308
6.26154
6.25425
6.23239
6.19601
6.14522
6.08011
6.00086
5.90766
5.80072
5.68031
5.54671
5.40025
5.24128
5.07019
4.88738
4.6933
4.48841
4.27321
4.04821
3.81397
3.57103
3.32
3.06146
2.79605
2.5244
2.24718
1.96504
1.67866
1.38875
1.09598
0.80108
0.504748
0.2077
-0.0893479
-0.38568
-0.680583
-0.973346
-1.26326
-1.54964
-1.83178
-2.10901
-2.38065
-2.64606
-2.9046
-3.15564
-3.39857
-3.63282
-3.85781
-4.07302
-4.2779
-4.47199
-4.6548
-4.82589
-4.98486
-5.13132
-5.26491
-5.38533
-5.49227
-5.58547
-5.66472
-5.72983
-5.78063
-5.817
-5.83886
-5.84615
-5.83886
-5.817
-5.78063
-5.72983
-5.66473
-5.58548
-5.49228
-5.38534
-5.26493
-5.13133
-4.98487
-4.82591
-4.65481
-4.47201
-4.27792
-4.07304
-3.85784
-3.63284
-3.3986
-3.15566
-2.90462
-2.64609
-2.38068
-2.10903
-1.83181
-1.54967
-1.26329
-0.973376
-0.680614
-0.385711
-0.0893789
0.207669
0.504717
0.801049
1.09595
1.38872
1.67863
1.96501
2.24715
2.52438
2.79602
3.06143
3.31997
3.57101
3.81394
4.04819
4.27319
4.48839
4.69328
4.88736
5.07017
5.24127
5.40023
5.54669
5.68029
5.80071
5.90765
6.00085
6.08011
6.14521
6.19601
6.23238
6.25424
6.26154
6.4
6.39253
6.37015
6.33289
6.28087
6.21419
6.13303
6.03757
5.92805
5.80473
5.66791
5.51792
5.35511
5.17989
4.99267
4.7939
4.58406
4.36367
4.13324
3.89334
3.64454
3.38744
3.12266
2.85085
2.57264
2.28872
1.99977
1.70648
1.40957
1.10974
0.807714
0.504227
0.200008
-0.104211
-0.407698
-0.70972
-1.00955
-1.30647
-1.59976
-1.88871
-2.17263
-2.45083
-2.72265
-2.98743
-3.24453
-3.49333
-3.73323
-3.96366
-4.18405
-4.39389
-4.59266
-4.77988
-4.9551
-5.11791
-5.26791
-5.40473
-5.52805
-5.63757
-5.73303
-5.81419
-5.88087
-5.93289
-5.97014
-5.99253
-6
-5.99253
-5.97015
-5.9329
-5.88087
-5.8142
-5.73304
-5.63758
-5.52806
-5.40474
-5.26792
-5.11793
-4.95512
-4.7799
-4.59268
-4.39391
-4.18408
-3.96368
-3.73325
-3.49335
-3.24455
-2.98746
-2.72268
-2.45086
-2.17266
-1.88874
-1.59979
-1.3065
-1.00958
-0.709752
-0.40773
-0.104243
0.199976
0.504195
0.807682
1.1097
1.40954
1.70645
1.99974
2.28869
2.57261
2.85082
3.12264
3.38741
3.64451
3.89331
4.13322
4.36365
4.58404
4.79388
4.99265
5.17987
5.3551
5.5179
5.6679
5.80472
5.92804
6.03756
6.13302
6.21419
6.28086
6.33289
6.37014
6.39253
6.4
6.53846
6.53082
6.5079
6.46977
6.41652
6.34828
6.2652
6.16749
6.05539
5.92916
5.78912
5.63559
5.46894
5.28959
5.09795
4.8945
4.67972
4.45413
4.21827
3.97271
3.71805
3.45489
3.18387
2.90564
2.62088
2.33027
2.03451
1.7343
1.43039
1.12349
0.814347
0.503707
0.192316
-0.119075
-0.429716
-0.738858
-1.04576
-1.34967
-1.64987
-1.94564
-2.23625
-2.52101
-2.79924
-3.07026
-3.33342
-3.58808
-3.83364
-4.0695
-4.29509
-4.50987
-4.71333
-4.90496
-5.08432
-5.25096
-5.40449
-5.54454
-5.67077
-5.78287
-5.88058
-5.96366
-6.0319
-6.08516
-6.12329
-6.1462
-6.15385
-6.1462
-6.12329
-6.08516
-6.03191
-5.96366
-5.88059
-5.78288
-5.67078
-5.54456
-5.40451
-5.25098
-5.08434
-4.90498
-4.71335
-4.5099
-4.29512
-4.06952
-3.83367
-3.58811
-3.33344
-3.07029
-2.79927
-2.52104
-2.23628
-1.94567
-1.64991
-1.3497
-1.04579
-0.73889
-0.429748
-0.119108
0.192283
0.503674
0.814315
1.12346
1.43036
1.73427
2.03447
2.33024
2.62085
2.90561
3.18384
3.45486
3.71802
3.97268
4.21824
4.4541
4.6797
4.89448
5.09793
5.28957
5.46893
5.63557
5.7891
5.92915
6.05538
6.16748
6.26519
6.34827
6.41652
6.46977
6.5079
6.53082
6.53846
6.67692
6.6691
6.64566
6.60665
6.55218
6.48236
6.39737
6.29741
6.18273
6.05359
5.91032
5.75325
5.58277
5.39929
5.20324
4.9951
4.77537
4.54459
4.3033
4.05208
3.79155
3.52233
3.24507
2.96044
2.66912
2.37181
2.06924
1.76212
1.45121
1.13724
0.820981
0.503186
0.184624
-0.133938
-0.451733
-0.767995
-1.08196
-1.39288
-1.69999
-2.00257
-2.29987
-2.59119
-2.87583
-3.15309
-3.42231
-3.68284
-3.93405
-4.17534
-4.40613
-4.62586
-4.834
-5.03005
-5.21353
-5.38402
-5.54108
-5.68436
-5.81349
-5.92817
-6.02813
-6.11312
-6.18294
-6.23742
-6.27643
-6.29987
-6.30769
-6.29987
-6.27643
-6.23743
-6.18295
-6.11313
-6.02814
-5.92818
-5.8135
-5.68437
-5.5411
-5.38403
-5.21355
-5.03007
-4.83402
-4.62588
-4.40615
-4.17537
-3.93408
-3.68287
-3.42234
-3.15312
-2.87586
-2.59122
-2.2999
-2.0026
-1.70002
-1.39291
-1.08199
-0.768028
-0.451767
-0.133972
0.18459
0.503152
0.820947
1.13721
1.45118
1.76209
2.06921
2.37178
2.66909
2.96041
3.24504
3.5223
3.79152
4.05206
4.30327
4.54456
4.77535
4.99508
5.20322
5.39927
5.58276
5.75324
5.91031
6.05358
6.18271
6.2974
6.39736
6.48235
6.55217
6.60665
6.64566
6.6691
6.67692
6.81538
6.80739
6.78342
6.74353
6.68783
6.61644
6.52954
6.42733
6.31006
6.17802
6.03152
5.87092
5.6966
5.50899
5.30853
5.0957
4.87103
4.63504
4.38832
4.13145
3.86506
3.58978
3.30628
3.01524
2.71736
2.41336
2.10397
1.78994
1.47203
1.151
0.827614
0.502665
0.176932
-0.148802
-0.473751
-0.797132
-1.11817
-1.43608
-1.75011
-2.0595
-2.3635
-2.66138
-2.95242
-3.23592
-3.5112
-3.77759
-4.03446
-4.28119
-4.51717
-4.74184
-4.95467
-5.15513
-5.34275
-5.51707
-5.67767
-5.82417
-5.95621
-6.07348
-6.17568
-6.26259
-6.33398
-6.38968
-6.42957
-6.45354
-6.46154
-6.45354
-6.42957
-6.38969
-6.33399
-6.2626
-6.17569
-6.07349
-5.95622
-5.82418
-5.67769
-5.51709
-5.34277
-5.15515
-4.95469
-4.74187
-4.51719
-4.28121
-4.03449
-3.77762
-3.51123
-3.23595
-2.95245
-2.66141
-2.36353
-2.05953
-1.75014
-1.43612
-1.1182
-0.797166
-0.473785
-0.148836
0.176897
0.502631
0.82758
1.15096
1.472
1.78991
2.10394
2.41333
2.71733
3.01521
3.30625
3.58975
3.86503
4.13143
4.3883
4.63502
4.871
5.09568
5.3085
5.50897
5.69658
5.87091
6.03151
6.17801
6.31005
6.42732
6.52953
6.61643
6.68782
6.74353
6.78342
6.80739
6.81538
6.95385
6.94567
6.92118
6.88041
6.82348
6.75052
6.6617
6.55725
6.4374
6.30245
6.15273
5.98859
5.81043
5.61869
5.41381
5.1963
4.96668
4.7255
4.47335
4.21083
3.93857
3.65723
3.36748
3.07003
2.7656
2.45491
2.13871
1.81776
1.49285
1.16475
0.834248
0.502145
0.16924
-0.163666
-0.495769
-0.82627
-1.15437
-1.47929
-1.80023
-2.11643
-2.42712
-2.73156
-3.029
-3.31875
-3.60009
-3.87235
-4.13487
-4.38703
-4.62821
-4.85783
-5.07534
-5.28022
-5.47196
-5.65012
-5.81426
-5.96398
-6.09893
-6.21878
-6.32324
-6.41205
-6.48502
-6.54195
-6.58271
-6.60721
-6.61538
-6.60721
-6.58272
-6.54195
-6.48502
-6.41206
-6.32325
-6.21879
-6.09894
-5.964
-5.81428
-5.65014
-5.47198
-5.28024
-5.07536
-4.85785
-4.62823
-4.38705
-4.1349
-3.87238
-3.60012
-3.31878
-3.02904
-2.73159
-2.42715
-2.11646
-1.80026
-1.47932
-1.15441
-0.826304
-0.495804
-0.163701
0.169204
0.502109
0.834213
1.16471
1.49282
1.81773
2.13867
2.45487
2.76556
3.07
3.36745
3.65719
3.93854
4.2108
4.47332
4.72548
4.96666
5.19628
5.41379
5.61867
5.81041
5.98857
6.15271
6.30244
6.43739
6.55723
6.66169
6.75051
6.82348
6.88041
6.92117
6.94567
6.95385
7.09231
7.08396
7.05893
7.01729
6.95914
6.8846
6.79387
6.68716
6.56474
6.42688
6.27393
6.10626
5.92426
5.72839
5.5191
5.2969
5.06234
4.81596
4.55838
4.2902
4.01207
3.72467
3.42869
3.12483
2.81384
2.49645
2.17344
1.84559
1.51367
1.1785
0.840881
0.501624
0.161547
-0.178529
-0.517786
-0.855407
-1.19058
-1.52249
-1.85035
-2.17336
-2.49074
-2.80174
-3.10559
-3.40158
-3.68898
-3.96711
-4.23529
-4.49287
-4.73925
-4.97381
-5.19601
-5.4053
-5.60118
-5.78317
-5.95085
-6.1038
-6.24165
-6.36408
-6.47079
-6.56152
-6.63605
-6.69421
-6.73586
-6.76088
-6.76923
-6.76088
-6.73586
-6.69422
-6.63606
-6.56153
-6.4708
-6.36409
-6.24167
-6.10381
-5.95086
-5.78319
-5.6012
-5.40532
-5.19603
-4.97384
-4.73927
-4.4929
-4.23531
-3.96713
-3.68901
-3.40161
-3.10562
-2.80177
-2.49077
-2.17339
-1.85038
-1.52253
-1.19061
-0.855442
-0.517822
-0.178565
0.161511
0.501588
0.840845
1.17847
1.51364
1.84555
2.17341
2.49642
2.8138
3.1248
3.42865
3.72464
4.01204
4.29017
4.55835
4.81594
5.06231
5.29688
5.51908
5.72837
5.92424
6.10624
6.27392
6.42687
6.56472
6.68715
6.79386
6.88459
6.95913
7.01729
7.05893
7.08396
7.09231
7.23077
7.22224
7.19669
7.15417
7.09479
7.01868
6.92604
6.81708
6.69207
6.55131
6.39514
6.22393
6.03809
5.83809
5.62438
5.3975
5.15799
4.90642
4.6434
4.36957
4.08558
3.79212
3.48989
3.17963
2.86207
2.538
2.20818
1.87341
1.53449
1.19225
0.847514
0.501103
0.153855
-0.193393
-0.539804
-0.884544
-1.22678
-1.5657
-1.90047
-2.23029
-2.55436
-2.87192
-3.18218
-3.48441
-3.77787
-4.06186
-4.3357
-4.59871
-4.85028
-5.0898
-5.31668
-5.53038
-5.73039
-5.91623
-6.08744
-6.24361
-6.38437
-6.50938
-6.61834
-6.71099
-6.78709
-6.84648
-6.889
-6.91455
-6.92308
-6.91455
-6.889
-6.84648
-6.7871
-6.711
-6.61835
-6.5094
-6.38439
-6.24363
-6.08745
-5.91624
-5.73041
-5.5304
-5.3167
-5.08982
-4.85031
-4.59874
-4.33572
-4.06189
-3.7779
-3.48444
-3.18221
-2.87195
-2.5544
-2.23032
-1.9005
-1.56573
-1.22682
-0.884581
-0.53984
-0.193429
0.153819
0.501066
0.847478
1.19222
1.53446
1.87337
2.20814
2.53796
2.86204
3.17959
3.48986
3.79209
4.08555
4.36954
4.64337
4.90639
5.15796
5.39748
5.62436
5.83806
6.03807
6.22391
6.39512
6.55129
6.69206
6.81707
6.92603
7.01867
7.09478
7.15417
7.19669
7.22224
7.23077
7.36923
7.36053
7.33445
7.29105
7.23044
7.15276
7.05821
6.947
6.81941
6.67574
6.51634
6.3416
6.15192
5.94779
5.72967
5.4981
5.25364
4.99688
4.72843
4.44894
4.15909
3.85956
3.55109
3.23442
2.91031
2.57954
2.24291
1.90123
1.55531
1.20601
0.854148
0.500582
0.146163
-0.208256
-0.561822
-0.913682
-1.26299
-1.6089
-1.95058
-2.28722
-2.61799
-2.9421
-3.25877
-3.56724
-3.86676
-4.15662
-4.43611
-4.70456
-4.96132
-5.20578
-5.43735
-5.65547
-5.85961
-6.04928
-6.22402
-6.38342
-6.52709
-6.65469
-6.76589
-6.86045
-6.93813
-6.99874
-7.04214
-7.06822
-7.07692
-7.06822
-7.04214
-6.99875
-6.93814
-6.86046
-6.76591
-6.6547
-6.52711
-6.38344
-6.22404
-6.0493
-5.85963
-5.65549
-5.43737
-5.20581
-4.96135
-4.70459
-4.43614
-4.15665
-3.86679
-3.56727
-3.2588
-2.94213
-2.61802
-2.28725
-1.95062
-1.60894
-1.26303
-0.913719
-0.561859
-0.208294
0.146126
0.500545
0.854111
1.20597
1.55528
1.90119
2.24287
2.57951
2.91028
3.23439
3.55106
3.85953
4.15905
4.44891
4.7284
4.99685
5.25362
5.49808
5.72965
5.94776
6.1519
6.34158
6.51632
6.67572
6.81939
6.94699
7.0582
7.15276
7.23043
7.29105
7.33445
7.36053
7.36923
7.50769
7.49882
7.47221
7.42793
7.36609
7.28685
7.19038
7.07692
6.94674
6.80017
6.63754
6.45926
6.26575
6.05749
5.83496
5.5987
5.3493
5.08734
4.81346
4.52831
4.23259
3.92701
3.6123
3.28922
2.95855
2.62109
2.27764
1.92905
1.57614
1.21976
0.860781
0.500062
0.138471
-0.22312
-0.583839
-0.942819
-1.29919
-1.6521
-2.0007
-2.34415
-2.68161
-3.01228
-3.33536
-3.65007
-3.95565
-4.25137
-4.53652
-4.8104
-5.07236
-5.32177
-5.55802
-5.78055
-5.98882
-6.18233
-6.36061
-6.52324
-6.66981
-6.79999
-6.91345
-7.00992
-7.08917
-7.15101
-7.19528
-7.22189
-7.23077
-7.22189
-7.19529
-7.15101
-7.08918
-7.00993
-6.91346
-6.8
-6.66983
-6.52325
-6.36063
-6.18235
-5.98884
-5.78057
-5.55805
-5.32179
-5.07239
-4.81043
-4.53655
-4.2514
-3.95568
-3.6501
-3.33539
-3.01231
-2.68165
-2.34418
-2.00074
-1.65214
-1.29923
-0.942857
-0.583877
-0.223158
0.138433
0.500023
0.860743
1.21972
1.5761
1.92901
2.27761
2.62105
2.95852
3.28919
3.61226
3.92698
4.23256
4.52828
4.81343
5.08731
5.34927
5.59868
5.83493
6.05746
6.26573
6.45924
6.63753
6.80015
6.94673
7.0769
7.19037
7.28684
7.36609
7.42793
7.4722
7.49881
7.50769
7.64615
7.6371
7.60997
7.56481
7.50175
7.42093
7.32254
7.20684
7.07408
6.9246
6.75875
6.57693
6.37959
6.16719
5.94024
5.6993
5.44495
5.1778
4.89848
4.60768
4.3061
3.99445
3.6735
3.34402
3.00679
2.66263
2.31238
1.95687
1.59696
1.23351
0.867415
0.499541
0.130779
-0.237983
-0.605857
-0.971956
-1.3354
-1.69531
-2.05082
-2.40108
-2.74523
-3.08246
-3.41195
-3.7329
-4.04454
-4.34613
-4.63693
-4.91624
-5.1834
-5.43775
-5.67869
-5.90564
-6.11804
-6.31538
-6.4972
-6.66305
-6.81253
-6.94529
-7.061
-7.15938
-7.24021
-7.30327
-7.34842
-7.37556
-7.38462
-7.37556
-7.34843
-7.30328
-7.24021
-7.15939
-7.06101
-6.9453
-6.81255
-6.66307
-6.49722
-6.3154
-6.11806
-5.90566
-5.67872
-5.43778
-5.18343
-4.91627
-4.63696
-4.34616
-4.04458
-3.73293
-3.41198
-3.0825
-2.74527
-2.40111
-2.05086
-1.69535
-1.33544
-0.971995
-0.605896
-0.238022
0.13074
0.499502
0.867376
1.23348
1.59692
1.95683
2.31234
2.6626
3.00675
3.34398
3.67347
3.99442
4.30607
4.60765
4.89845
5.17777
5.44492
5.69928
5.94022
6.16716
6.37956
6.57691
6.75873
6.92458
7.07407
7.20682
7.32253
7.42092
7.50174
7.56481
7.60996
7.6371
7.64615
7.78462
7.77539
7.74772
7.70169
7.6374
7.55501
7.45471
7.33675
7.20142
7.04903
6.87995
6.6946
6.49342
6.27688
6.04553
5.79991
5.54061
5.26826
4.98351
4.68705
4.3796
4.0619
3.73471
3.39881
3.05503
2.70418
2.34711
1.98469
1.61778
1.24727
0.874048
0.49902
0.123087
-0.252847
-0.627875
-1.00109
-1.3716
-1.73851
-2.10094
-2.45801
-2.80886
-3.15264
-3.48854
-3.81573
-4.13343
-4.44088
-4.73734
-5.02209
-5.29444
-5.55374
-5.79936
-6.03072
-6.24725
-6.44844
-6.63379
-6.80286
-6.95525
-7.09059
-7.20855
-7.30885
-7.39124
-7.45553
-7.50157
-7.52923
-7.53846
-7.52923
-7.50157
-7.45554
-7.39125
-7.30886
-7.20856
-7.09061
-6.95527
-6.80288
-6.63381
-6.44846
-6.24727
-6.03074
-5.79939
-5.55377
-5.29447
-5.02212
-4.73737
-4.44092
-4.13347
-3.81576
-3.48857
-3.15268
-2.80889
-2.45804
-2.10098
-1.73855
-1.37164
-1.00113
-0.627914
-0.252887
0.123047
0.49898
0.874009
1.24723
1.61774
1.98465
2.34707
2.70414
3.05499
3.39878
3.73467
4.06187
4.37957
4.68702
4.98348
5.26823
5.54058
5.79988
6.0455
6.27686
6.49339
6.69458
6.87993
7.04901
7.2014
7.33674
7.4547
7.555
7.63739
7.70169
7.74772
7.77538
7.78462
7.92308
7.91367
7.88548
7.83857
7.77305
7.68909
7.58688
7.46667
7.32875
7.17346
7.00116
6.81227
6.60725
6.38658
6.15082
5.90051
5.63626
5.35871
5.06854
4.76643
4.45311
4.12935
3.79591
3.45361
3.10327
2.74572
2.38185
2.01251
1.6386
1.26102
0.880682
0.4985
0.115395
-0.26771
-0.649892
-1.03023
-1.40781
-1.78172
-2.15106
-2.51494
-2.87248
-3.22282
-3.56512
-3.89856
-4.22233
-4.53564
-4.83775
-5.12793
-5.40548
-5.66972
-5.92003
-6.1558
-6.37647
-6.58149
-6.77038
-6.94268
-7.09798
-7.2359
-7.35611
-7.45832
-7.54228
-7.6078
-7.65471
-7.6829
-7.69231
-7.6829
-7.65471
-7.6078
-7.54229
-7.45833
-7.35612
-7.23591
-7.09799
-6.9427
-6.7704
-6.58151
-6.37649
-6.15583
-5.92006
-5.66975
-5.40551
-5.12796
-4.83778
-4.53567
-4.22236
-3.89859
-3.56516
-3.22286
-2.87252
-2.51497
-2.1511
-1.78176
-1.40785
-1.03027
-0.649933
-0.267751
0.115354
0.498459
0.880641
1.26098
1.63856
2.01247
2.38181
2.74569
3.10323
3.45357
3.79588
4.12931
4.45308
4.76639
5.06851
5.35868
5.63623
5.90048
6.15079
6.38656
6.60722
6.81225
7.00114
7.17344
7.32874
7.46666
7.58687
7.68908
7.77305
7.83856
7.88548
7.91367
7.92308
8.06154
8.05196
8.02324
7.97545
7.90871
7.82317
7.71905
7.59659
7.45609
7.29789
7.12236
6.92994
6.72108
6.49628
6.2561
6.00111
5.73191
5.44917
5.15356
4.8458
4.52662
4.19679
3.85712
3.50841
3.1515
2.78727
2.41658
2.04033
1.65942
1.27477
0.887315
0.497979
0.107703
-0.282574
-0.67191
-1.05937
-1.44401
-1.82492
-2.20118
-2.57187
-2.9361
-3.293
-3.64171
-3.98139
-4.31122
-4.6304
-4.93816
-5.23377
-5.51652
-5.78571
-6.0407
-6.28089
-6.50568
-6.71454
-6.90697
-7.08249
-7.2407
-7.3812
-7.50366
-7.60778
-7.69332
-7.76006
-7.80785
-7.83657
-7.84615
-7.83657
-7.80786
-7.76007
-7.69333
-7.60779
-7.50367
-7.38121
-7.24071
-7.08251
-6.90699
-6.71456
-6.5057
-6.28091
-6.04073
-5.78574
-5.51654
-5.2338
-4.93819
-4.63043
-4.31125
-3.98143
-3.64175
-3.29304
-2.93614
-2.57191
-2.20122
-1.82496
-1.44406
-1.05941
-0.671951
-0.282615
0.107661
0.497938
0.887274
1.27473
1.65938
2.04029
2.41654
2.78723
3.15147
3.50837
3.85708
4.19676
4.52658
4.84576
5.15353
5.44914
5.73189
6.00108
6.25607
6.49626
6.72105
6.92991
7.12234
7.29787
7.45607
7.59658
7.71904
7.82316
7.9087
7.97544
8.02323
8.05196
8.06154
8.2
8.19024
8.161
8.11233
8.04436
7.95725
7.85122
7.72651
7.58343
7.42231
7.24356
7.0476
6.83491
6.60598
6.36139
6.10171
5.82757
5.53963
5.23859
4.92517
4.60012
4.26424
3.91832
3.5632
3.19974
2.82882
2.45131
2.06815
1.68024
1.28853
0.893949
0.497458
0.100011
-0.297437
-0.693928
-1.08851
-1.48022
-1.86813
-2.25129
-2.6288
-2.99972
-3.36318
-3.7183
-4.06422
-4.40011
-4.72515
-5.03857
-5.33962
-5.62755
-5.90169
-6.16137
-6.40597
-6.63489
-6.84759
-7.04355
-7.22231
-7.38342
-7.5265
-7.65121
-7.75725
-7.84436
-7.91233
-7.96099
-7.99024
-8
-7.99024
-7.961
-7.91233
-7.84437
-7.75726
-7.65122
-7.52651
-7.38343
-7.22232
-7.04357
-6.84761
-6.63492
-6.406
-6.1614
-5.90172
-5.62758
-5.33965
-5.03861
-4.72519
-4.40014
-4.06426
-3.71834
-3.36322
-2.99976
-2.62884
-2.25133
-1.86817
-1.48026
-1.08855
-0.69397
-0.29748
0.0999681
0.497416
0.893906
1.28848
1.6802
2.06811
2.45127
2.82878
3.1997
3.56316
3.91828
4.2642
4.60009
4.92514
5.23856
5.5396
5.82754
6.10168
6.36136
6.60596
6.83488
7.04758
7.24354
7.4223
7.58341
7.72649
7.8512
7.95724
8.04435
8.11232
8.16099
8.19024
8.2
8.33846
8.32853
8.29875
8.24921
8.18001
8.09134
7.98339
7.85643
7.71076
7.54674
7.36477
7.16527
6.94874
6.71568
6.46667
6.20231
5.92322
5.63009
5.32362
5.00454
4.67363
4.33168
3.97952
3.618
3.24798
2.87036
2.48605
2.09597
1.70106
1.30228
0.900582
0.496938
0.0923185
-0.312301
-0.715945
-1.11764
-1.51643
-1.91133
-2.30141
-2.68573
-3.06335
-3.43336
-3.79489
-4.14705
-4.489
-4.81991
-5.13898
-5.44546
-5.73859
-6.01768
-6.28204
-6.53105
-6.76411
-6.98065
-7.18014
-7.36212
-7.52614
-7.6718
-7.79876
-7.90671
-7.99539
-8.06459
-8.11414
-8.14391
-8.15385
-8.14391
-8.11414
-8.0646
-7.9954
-7.90672
-7.79878
-7.67182
-7.52615
-7.36214
-7.18016
-6.98067
-6.76413
-6.53108
-6.28207
-6.01771
-5.73862
-5.44549
-5.13902
-4.81994
-4.48903
-4.14709
-3.79493
-3.4334
-3.06339
-2.68577
-2.30145
-1.91137
-1.51647
-1.11769
-0.715988
-0.312344
0.0922752
0.496895
0.900539
1.30224
1.70102
2.09593
2.48601
2.87032
3.24794
3.61796
3.97949
4.33165
4.67359
5.00451
5.32358
5.63006
5.92319
6.20228
6.46665
6.71566
6.94871
7.16525
7.36475
7.54673
7.71074
7.85641
7.98337
8.09132
8.18001
8.2492
8.29875
8.32853
8.33846
8.47692
8.46681
8.43651
8.38609
8.31567
8.22542
8.11555
7.98634
7.8381
7.67117
7.48597
7.28294
7.06257
6.82538
6.57196
6.30291
6.01888
5.72055
5.40864
5.08391
4.74714
4.39913
4.04073
3.6728
3.29622
2.91191
2.52078
2.12379
1.72188
1.31603
0.907216
0.496417
0.0846264
-0.327164
-0.737963
-1.14678
-1.55263
-1.95454
-2.35153
-2.74266
-3.12697
-3.50355
-3.87148
-4.22988
-4.57789
-4.91466
-5.2394
-5.5513
-5.84963
-6.13366
-6.40272
-6.65614
-6.89332
-7.1137
-7.31673
-7.50193
-7.66886
-7.81711
-7.94632
-8.05618
-8.14643
-8.21686
-8.26728
-8.29758
-8.30769
-8.29758
-8.26728
-8.21686
-8.14644
-8.05619
-7.94633
-7.81712
-7.66888
-7.50195
-7.31675
-7.11372
-6.89335
-6.65617
-6.40274
-6.13369
-5.84966
-5.55133
-5.23943
-4.9147
-4.57793
-4.22992
-3.87152
-3.50359
-3.12701
-2.7427
-2.35157
-1.95458
-1.55267
-1.14682
-0.738007
-0.327208
0.0845823
0.496373
0.907172
1.31599
1.72184
2.12375
2.52074
2.91187
3.29618
3.67276
4.04069
4.39909
4.7471
5.08388
5.40861
5.72052
6.01885
6.30288
6.57193
6.82536
7.06254
7.28292
7.48595
7.67115
7.83808
7.98633
8.11554
8.22541
8.31566
8.38608
8.43651
8.46681
8.47692
8.61538
8.6051
8.57427
8.52297
8.45132
8.3595
8.24772
8.11626
7.96543
7.7956
7.60718
7.40061
7.1764
6.93508
6.67725
6.40351
6.11453
5.81101
5.49367
5.16328
4.82064
4.46658
4.10193
3.72759
3.34446
2.95345
2.55552
2.15161
1.7427
1.32979
0.913849
0.495896
0.0769343
-0.342028
-0.759981
-1.17592
-1.58884
-1.99774
-2.40165
-2.79959
-3.19059
-3.57373
-3.94807
-4.31271
-4.66678
-5.00942
-5.33981
-5.65715
-5.96067
-6.24965
-6.52339
-6.78122
-7.02254
-7.24675
-7.45332
-7.64175
-7.81158
-7.96241
-8.09387
-8.20565
-8.29747
-8.36912
-8.42042
-8.45125
-8.46154
-8.45125
-8.42043
-8.36913
-8.29748
-8.20566
-8.09388
-7.96242
-7.8116
-7.64177
-7.45334
-7.24677
-7.02256
-6.78125
-6.52341
-6.24968
-5.9607
-5.65718
-5.33984
-5.00946
-4.66682
-4.31275
-3.94811
-3.57377
-3.19063
-2.79963
-2.40169
-1.99778
-1.58888
-1.17596
-0.760025
-0.342073
0.0768894
0.495852
0.913804
1.32974
1.74266
2.15157
2.55547
2.95341
3.34442
3.72755
4.10189
4.46654
4.82061
5.16325
5.49364
5.81097
6.1145
6.40348
6.67722
6.93506
7.17637
7.40058
7.60715
7.79558
7.96542
8.11625
8.24771
8.35949
8.45131
8.52296
8.57427
8.6051
8.61538
8.75385
8.74339
8.71203
8.65985
8.58697
8.49358
8.37989
8.24618
8.09277
7.92003
7.72838
7.51828
7.29023
7.04478
6.78253
6.50411
6.21019
5.90147
5.5787
5.24266
4.89415
4.53402
4.16314
3.78239
3.3927
2.995
2.59025
2.17943
1.76352
1.34354
0.920483
0.495376
0.0692422
-0.356891
-0.781998
-1.20505
-1.62504
-2.04095
-2.45177
-2.85651
-3.25421
-3.64391
-4.02466
-4.39554
-4.75567
-5.10418
-5.44022
-5.76299
-6.07171
-6.36563
-6.64406
-6.90631
-7.15175
-7.3798
-7.58991
-7.78156
-7.9543
-8.10771
-8.24142
-8.35511
-8.44851
-8.52138
-8.57356
-8.60492
-8.61538
-8.60492
-8.57357
-8.52139
-8.44852
-8.35512
-8.24144
-8.10773
-7.95432
-7.78158
-7.58993
-7.37983
-7.15178
-6.90633
-6.64409
-6.36566
-6.07174
-5.76302
-5.44025
-5.10421
-4.75571
-4.39558
-4.0247
-3.64395
-3.25426
-2.85656
-2.45181
-2.04099
-1.62509
-1.2051
-0.782044
-0.356937
0.0691965
0.49533
0.920437
1.34349
1.76348
2.17939
2.59021
2.99495
3.39265
3.78235
4.1631
4.53398
4.89411
5.24262
5.57866
5.90143
6.21015
6.50408
6.7825
7.04475
7.2902
7.51825
7.72836
7.92001
8.09275
8.24616
8.37988
8.49357
8.58697
8.65984
8.71202
8.74338
8.75385
8.89231
8.88167
8.84979
8.79673
8.72263
8.62766
8.51206
8.3761
8.22011
8.04446
7.84958
7.63594
7.40406
7.15448
6.88782
6.60471
6.30584
5.99193
5.66372
5.32203
4.96766
4.60147
4.22434
3.83719
3.44094
3.03654
2.62498
2.20725
1.78435
1.35729
0.927116
0.494855
0.0615501
-0.371755
-0.804016
-1.23419
-1.66125
-2.08415
-2.50189
-2.91344
-3.31784
-3.71409
-4.10124
-4.47837
-4.84456
-5.19893
-5.54063
-5.86883
-6.18275
-6.48162
-6.76473
-7.03139
-7.28097
-7.51286
-7.7265
-7.92137
-8.09702
-8.25301
-8.38897
-8.50458
-8.59955
-8.67365
-8.72671
-8.75859
-8.76923
-8.75859
-8.72671
-8.67365
-8.59955
-8.50459
-8.38899
-8.25303
-8.09704
-7.92139
-7.72652
-7.51288
-7.28099
-7.03142
-6.76476
-6.48165
-6.18278
-5.86887
-5.54067
-5.19897
-4.8446
-4.47841
-4.10128
-3.71413
-3.31788
-2.91349
-2.50193
-2.0842
-1.66129
-1.23424
-0.804062
-0.371801
0.0615035
0.494809
0.92707
1.35725
1.7843
2.2072
2.62494
3.0365
3.44089
3.83714
4.2243
4.60143
4.96762
5.32199
5.66369
5.99189
6.30581
6.60468
6.88779
7.15445
7.40403
7.63592
7.84956
8.04444
8.22009
8.37608
8.51204
8.62765
8.72262
8.79672
8.84978
8.88167
8.89231
9.03077
9.01996
8.98754
8.93361
8.85828
8.76174
8.64423
8.50602
8.34744
8.16889
7.97079
7.75361
7.51789
7.26418
6.9931
6.70531
6.40149
6.08238
5.74875
5.4014
5.04116
4.66891
4.28555
3.89198
3.48917
3.07809
2.65972
2.23507
1.80517
1.37104
0.93375
0.494334
0.053858
-0.386618
-0.826034
-1.26333
-1.69745
-2.12735
-2.552
-2.97037
-3.38146
-3.78427
-4.17783
-4.5612
-4.93345
-5.29369
-5.64104
-5.97467
-6.29378
-6.5976
-6.8854
-7.15647
-7.41018
-7.64591
-7.86308
-8.06119
-8.23974
-8.39832
-8.53653
-8.65404
-8.75058
-8.82591
-8.87985
-8.91226
-8.92308
-8.91227
-8.87985
-8.82592
-8.75059
-8.65406
-8.53654
-8.39833
-8.23976
-8.06121
-7.86311
-7.64593
-7.41021
-7.1565
-6.88543
-6.59763
-6.29382
-5.97471
-5.64108
-5.29373
-4.93349
-4.56124
-4.17787
-3.78431
-3.3815
-2.97042
-2.55205
-2.1274
-1.6975
-1.26338
-0.826081
-0.386666
0.0538106
0.494287
0.933702
1.371
1.80512
2.23502
2.65967
3.07804
3.48913
3.89194
4.2855
4.66887
5.04112
5.40136
5.74871
6.08235
6.40146
6.70528
6.99307
7.26415
7.51786
7.75359
7.97076
8.16887
8.34742
8.506
8.64421
8.76173
8.85827
8.9336
8.98754
9.01995
9.03077
9.16923
9.15824
9.1253
9.07049
8.99393
8.89582
8.77639
8.63593
8.47478
8.29332
8.09199
7.87128
7.63172
7.37388
7.09839
6.80591
6.49715
6.17284
5.83378
5.48077
5.11467
4.73636
4.34675
3.94678
3.53741
3.11963
2.69445
2.26289
1.82599
1.3848
0.940383
0.493814
0.0461659
-0.401482
-0.848051
-1.29247
-1.73366
-2.17056
-2.60212
-3.0273
-3.44508
-3.85445
-4.25442
-4.64403
-5.02234
-5.38844
-5.74145
-6.08052
-6.40482
-6.71359
-7.00607
-7.28156
-7.5394
-7.77896
-7.99967
-8.201
-8.38246
-8.54362
-8.68408
-8.80351
-8.90162
-8.97818
-9.03299
-9.06593
-9.07692
-9.06594
-9.033
-8.97818
-8.90163
-8.80352
-8.68409
-8.54363
-8.38248
-8.20102
-7.99969
-7.77898
-7.53942
-7.28159
-7.0061
-6.71362
-6.40486
-6.08055
-5.74149
-5.38848
-5.02238
-4.64407
-4.25446
-3.85449
-3.44513
-3.02735
-2.60217
-2.17061
-1.7337
-1.29251
-0.848099
-0.40153
0.0461177
0.493766
0.940335
1.38475
1.82594
2.26284
2.69441
3.11959
3.53737
3.94674
4.34671
4.73632
5.11463
5.48073
5.83374
6.17281
6.49711
6.80588
7.09836
7.37385
7.63169
7.87126
8.09197
8.2933
8.47476
8.63592
8.77638
8.89581
8.99392
9.07048
9.1253
9.15824
9.16923
9.30769
9.29653
9.26306
9.20737
9.12959
9.02991
8.90856
8.76585
8.60212
8.41775
8.2132
7.98895
7.74555
7.48358
7.20368
6.90651
6.5928
6.2633
5.9188
5.56014
5.18818
4.80381
4.40795
4.00158
3.58565
3.16118
2.72919
2.29071
1.84681
1.39855
0.947016
0.493293
0.0384738
-0.416345
-0.870069
-1.3216
-1.76986
-2.21376
-2.65224
-3.08423
-3.50871
-3.92463
-4.33101
-4.72686
-5.11123
-5.4832
-5.84186
-6.18636
-6.51586
-6.82957
-7.12674
-7.40664
-7.66861
-7.91201
-8.13626
-8.34081
-8.52518
-8.68892
-8.83163
-8.95298
-9.05266
-9.13044
-9.18613
-9.2196
-9.23077
-9.21961
-9.18614
-9.13045
-9.05267
-8.95299
-8.83165
-8.68894
-8.5252
-8.34084
-8.13628
-7.91204
-7.66864
-7.40667
-7.12677
-6.82961
-6.5159
-6.1864
-5.8419
-5.48324
-5.11127
-4.7269
-4.33105
-3.92468
-3.50875
-3.08428
-2.65229
-2.21381
-1.76991
-1.32165
-0.870118
-0.416394
0.0384248
0.493244
0.946968
1.3985
1.84676
2.29066
2.72914
3.16113
3.58561
4.00153
4.40791
4.80376
5.18814
5.5601
5.91877
6.26326
6.59277
6.90648
7.20365
7.48355
7.74552
7.98892
8.21317
8.41773
8.6021
8.76584
8.90855
9.02989
9.12958
9.20736
9.26305
9.29652
9.30769
9.44615
9.43481
9.40082
9.34425
9.26524
9.16399
9.04073
8.89577
8.72945
8.54218
8.3344
8.10662
7.85938
7.59328
7.30896
7.00711
6.68846
6.35376
6.00383
5.63951
5.26168
4.87125
4.46916
4.05637
3.63389
3.20273
2.76392
2.31853
1.86763
1.4123
0.95365
0.492772
0.0307817
-0.431209
-0.892087
-1.35074
-1.80607
-2.25697
-2.70236
-3.14116
-3.57233
-3.99481
-4.4076
-4.80969
-5.20012
-5.57795
-5.94227
-6.2922
-6.6269
-6.94556
-7.24741
-7.53173
-7.79783
-8.04506
-8.27285
-8.48063
-8.6679
-8.83422
-8.97919
-9.10244
-9.2037
-9.2827
-9.33928
-9.37327
-9.38462
-9.37328
-9.33928
-9.28271
-9.20371
-9.10245
-8.9792
-8.83424
-8.66792
-8.48065
-8.27287
-8.04509
-7.79785
-7.53176
-7.24744
-6.94559
-6.62694
-6.29224
-5.94231
-5.57799
-5.20017
-4.80973
-4.40764
-3.99486
-3.57237
-3.14121
-2.70241
-2.25702
-1.80612
-1.35079
-0.892136
-0.431259
0.0307319
0.492723
0.9536
1.41225
1.86758
2.31848
2.76387
3.20268
3.63384
4.05633
4.46911
4.87121
5.26164
5.63947
6.00379
6.35372
6.68842
7.00708
7.30893
7.59325
7.85935
8.10659
8.33438
8.54216
8.72943
8.89575
9.04072
9.16397
9.26523
9.34424
9.40081
9.43481
9.44615
9.58462
9.5731
9.53857
9.48113
9.40089
9.29807
9.1729
9.02569
8.85679
8.66661
8.4556
8.22428
7.97321
7.70298
7.41425
7.10771
6.78411
6.44422
6.08886
5.71888
5.33519
4.9387
4.53036
4.11117
3.68213
3.24427
2.79865
2.34635
1.88845
1.42606
0.960283
0.492252
0.0230896
-0.446072
-0.914104
-1.37988
-1.84227
-2.30017
-2.75248
-3.19809
-3.63595
-4.06499
-4.48419
-4.89252
-5.28901
-5.67271
-6.04268
-6.39805
-6.73794
-7.06154
-7.36808
-7.65681
-7.92704
-8.17812
-8.40944
-8.62044
-8.81062
-8.97953
-9.12674
-9.25191
-9.35473
-9.43497
-9.49242
-9.52694
-9.53846
-9.52695
-9.49242
-9.43498
-9.35474
-9.25192
-9.12675
-8.97954
-8.81064
-8.62046
-8.40946
-8.17814
-7.92707
-7.65684
-7.36811
-7.06158
-6.73797
-6.39808
-6.04272
-5.67275
-5.28906
-4.89257
-4.48423
-4.06504
-3.636
-3.19814
-2.75253
-2.30022
-1.84232
-1.37993
-0.914155
-0.446123
0.023039
0.492201
0.960233
1.42601
1.8884
2.3463
2.79861
3.24422
3.68208
4.11112
4.53032
4.93865
5.33515
5.71884
6.08882
6.44418
6.78407
7.10768
7.41422
7.70295
7.97318
8.22426
8.45558
8.66659
8.85677
9.02567
9.17288
9.29806
9.40088
9.48112
9.53857
9.5731
9.58462
9.72308
9.71138
9.67633
9.61801
9.53655
9.43215
9.30507
9.15561
8.98412
8.79104
8.57681
8.34195
8.08704
7.81268
7.51954
7.20831
6.87976
6.53468
6.17389
5.79826
5.4087
5.00614
4.59157
4.16597
3.73037
3.28582
2.83339
2.37417
1.90927
1.43981
0.966917
0.491731
0.0153975
-0.460936
-0.936122
-1.40902
-1.87848
-2.34338
-2.8026
-3.25502
-3.69957
-4.13517
-4.56077
-4.97535
-5.37791
-5.76747
-6.1431
-6.50389
-6.84898
-7.17753
-7.48875
-7.78189
-8.05625
-8.31117
-8.54603
-8.76026
-8.95335
-9.12483
-9.27429
-9.40137
-9.50577
-9.58723
-9.64556
-9.68061
-9.69231
-9.68062
-9.64557
-9.58724
-9.50578
-9.40139
-9.27431
-9.12485
-8.95336
-8.76028
-8.54605
-8.3112
-8.05628
-7.78193
-7.48878
-7.17756
-6.84901
-6.50393
-6.14314
-5.76751
-5.37795
-4.9754
-4.56082
-4.13522
-3.69962
-3.25507
-2.80264
-2.34343
-1.87853
-1.40907
-0.936173
-0.460987
0.015346
0.49168
0.966866
1.43976
1.90922
2.37412
2.83334
3.28577
3.73032
4.16592
4.59152
5.0061
5.40865
5.79821
6.17385
6.53464
6.87973
7.20828
7.5195
7.81265
8.08701
8.34193
8.57678
8.79101
8.9841
9.15559
9.30505
9.43214
9.53654
9.618
9.67633
9.71138
9.72308
9.86154
9.84967
9.81409
9.75489
9.6722
9.56623
9.43724
9.28552
9.11146
8.91547
8.69801
8.45962
8.20087
7.92238
7.62482
7.30891
6.97542
6.62514
6.25891
5.87763
5.4822
5.07359
4.65277
4.22076
3.77861
3.32736
2.86812
2.40199
1.93009
1.45356
0.97355
0.49121
0.00770537
-0.4758
-0.95814
-1.43815
-1.91468
-2.38658
-2.85271
-3.31195
-3.7632
-4.20535
-4.63736
-5.05818
-5.4668
-5.86222
-6.24351
-6.60973
-6.96002
-7.29351
-7.60942
-7.90698
-8.18547
-8.44422
-8.68261
-8.90007
-9.09607
-9.27013
-9.42184
-9.55084
-9.65681
-9.7395
-9.7987
-9.83428
-9.84615
-9.83429
-9.79871
-9.7395
-9.65682
-9.55085
-9.42186
-9.27015
-9.09609
-8.90009
-8.68264
-8.44425
-8.1855
-7.90701
-7.60945
-7.29355
-6.96005
-6.60977
-6.24355
-5.86226
-5.46684
-5.05823
-4.63741
-4.2054
-3.76324
-3.312
-2.85276
-2.38663
-1.91473
-1.4382
-0.958192
-0.475852
0.00765312
0.491158
0.973498
1.45351
1.93004
2.40194
2.86807
3.32731
3.77856
4.22072
4.65273
5.07354
5.48216
5.87759
6.25887
6.6251
6.97538
7.30888
7.62479
7.92235
8.20084
8.45959
8.69799
8.91544
9.11144
9.28551
9.43722
9.56622
9.67219
9.75488
9.81408
9.84967
9.86154
