-0.000602007
-0.00059396
-0.000579953
-0.000589967
-0.000589967
-0.000609994
-0.000609994
-0.000630021
-0.000639915
-0.000660062
-0.00067997
-0.000699997
-0.000730038
-0.000759959
-0.000780106
-0.000800014
-0.000830054
-0.000849962
-0.000869989
-0.000899911
-0.000929952
-0.000970006
-0.00100994
-0.00105
-0.00111008
-0.00115001
-0.00120997
-0.00127995
-0.00134003
-0.00141001
-0.00149
-0.00156999
-0.00167
-0.00176001
-0.0018599
-0.00198007
-0.00209999
-0.00222993
-0.00235987
-0.00251007
-0.00267005
-0.00284004
-0.00301003
-0.00320983
-0.0034101
-0.00363016
-0.00387001
-0.00411987
-0.00437975
-0.00466967
-0.00497007
-0.00529003
-0.00563002
-0.00599957
-0.00639963
-0.00680971
-0.00725031
-0.00773001
-0.00822973
-0.00878
-0.00934982
-0.00995922
-0.0106096
-0.0113001
-0.0120001
-0.00180602
-0.001773
-0.00176799
-0.00177002
-0.00179005
-0.00181007
-0.00185001
-0.00188005
-0.00193
-0.00198996
-0.00205004
-0.00212002
-0.00221002
-0.00228
-0.00234997
-0.00241995
-0.00247991
-0.00256002
-0.00264001
-0.00273001
-0.00282001
-0.00292993
-0.00305009
-0.00318003
-0.00331998
-0.00348997
-0.00365007
-0.00384009
-0.00404
-0.00425994
-0.00450003
-0.00475001
-0.00502002
-0.00532007
-0.00563002
-0.00597
-0.00634003
-0.00672007
-0.00713992
-0.00759006
-0.00805998
-0.00856996
-0.00910997
-0.00969005
-0.0103099
-0.0109699
-0.0116699
-0.0124099
-0.0132203
-0.01407
-0.0149798
-0.0159497
-0.0169797
-0.0180802
-0.0192404
-0.0204902
-0.0218296
-0.0232401
-0.0247502
-0.02635
-0.02806
-0.0298901
-0.0318403
-0.0339003
-0.0361996
-0.00300395
-0.00296199
-0.00295001
-0.00295997
-0.00297999
-0.00301993
-0.00307
-0.00313997
-0.00321007
-0.00329995
-0.00339997
-0.00352991
-0.00364995
-0.00380003
-0.00390995
-0.00401998
-0.00413001
-0.00424993
-0.00437999
-0.00453007
-0.00470006
-0.00487006
-0.00506997
-0.00528991
-0.00553
-0.00579
-0.00608993
-0.00638998
-0.00672996
-0.00709999
-0.00748992
-0.00792003
-0.00837004
-0.00885999
-0.00938988
-0.00994992
-0.01055
-0.01121
-0.0119002
-0.01264
-0.0134299
-0.0142801
-0.0151799
-0.01615
-0.01717
-0.01827
-0.0194402
-0.02069
-0.0220199
-0.0234404
-0.02495
-0.0265503
-0.0282702
-0.0300999
-0.0320497
-0.0341301
-0.0363402
-0.0386996
-0.0411997
-0.04388
-0.04673
-0.0497503
-0.0529795
-0.0564203
-0.0600004
-0.00419503
-0.00415301
-0.00413799
-0.00414801
-0.00418299
-0.00423002
-0.0043
-0.00437999
-0.00449002
-0.00462008
-0.00476003
-0.00492001
-0.00510001
-0.00528002
-0.00545001
-0.00559998
-0.00576007
-0.00592005
-0.00610995
-0.00630999
-0.00653994
-0.00679994
-0.00707996
-0.00739002
-0.00773001
-0.00809002
-0.00849009
-0.00892997
-0.00940001
-0.00991011
-0.01046
-0.01105
-0.0117
-0.01239
-0.0131202
-0.0139101
-0.01476
-0.01566
-0.0166299
-0.0176599
-0.01877
-0.0199499
-0.02122
-0.0225601
-0.0240002
-0.0255301
-0.0271599
-0.0289102
-0.0307698
-0.0327497
-0.0348601
-0.0371099
-0.0395098
-0.0420599
-0.0447803
-0.0476799
-0.0507598
-0.05405
-0.05756
-0.0612803
-0.0652599
-0.0694904
-0.0740004
-0.0787992
-0.0838995
-0.00537699
-0.00533402
-0.00532103
-0.00533599
-0.00537401
-0.00543404
-0.00551897
-0.00563002
-0.00575995
-0.00590992
-0.00609004
-0.00629008
-0.00651002
-0.00673997
-0.00695002
-0.00715005
-0.00734997
-0.00757003
-0.00781
-0.00808001
-0.00837004
-0.00869
-0.00906003
-0.00944996
-0.00987995
-0.01036
-0.01087
-0.01143
-0.01204
-0.0126899
-0.0134001
-0.0141701
-0.01498
-0.01586
-0.0168099
-0.0178199
-0.0189099
-0.0200698
-0.0213101
-0.02264
-0.02406
-0.0255699
-0.0271902
-0.0289199
-0.0307698
-0.0327299
-0.0348301
-0.03706
-0.0394402
-0.0419803
-0.0446801
-0.0475698
-0.0506401
-0.0539103
-0.0574098
-0.06111
-0.0650702
-0.0692902
-0.07377
-0.0785499
-0.0836401
-0.0890694
-0.09484
-0.10099
-0.1076
-0.00654596
-0.00650597
-0.00649601
-0.00651401
-0.00656098
-0.006634
-0.006733
-0.006859
-0.00700998
-0.00718009
-0.00739002
-0.00762999
-0.0079
-0.00817001
-0.00841999
-0.00866997
-0.00891995
-0.00917995
-0.00946999
-0.00979996
-0.01016
-0.01056
-0.011
-0.0114901
-0.01202
-0.0125999
-0.01323
-0.0139099
-0.01465
-0.01545
-0.01631
-0.01723
-0.01824
-0.01931
-0.02046
-0.0217001
-0.02301
-0.02443
-0.0259399
-0.02757
-0.0292902
-0.0311401
-0.0331099
-0.0352099
-0.0374501
-0.03985
-0.0423999
-0.04512
-0.0480199
-0.0511098
-0.05441
-0.05792
-0.0616598
-0.06564
-0.06988
-0.07441
-0.0792198
-0.0843401
-0.0898099
-0.0956302
-0.10182
-0.10842
-0.11545
-0.12294
-0.1309
-0.007698
-0.007662
-0.00765598
-0.00768203
-0.00773603
-0.007819
-0.00793004
-0.00807101
-0.00823802
-0.00844991
-0.00867999
-0.00893998
-0.00924003
-0.00954998
-0.00985003
-0.0101401
-0.01043
-0.0107501
-0.0111001
-0.01148
-0.01191
-0.01239
-0.0129
-0.0134699
-0.0141001
-0.01478
-0.01552
-0.01633
-0.0172
-0.01815
-0.01916
-0.02026
-0.02143
-0.0227
-0.02406
-0.0255098
-0.02707
-0.0287302
-0.0305099
-0.0324101
-0.0344498
-0.0366199
-0.03894
-0.0414102
-0.04405
-0.04687
-0.04987
-0.0530698
-0.0564902
-0.0601201
-0.0639901
-0.06812
-0.0725203
-0.0772099
-0.0822001
-0.0875101
-0.0931802
-0.0992098
-0.10564
-0.11248
-0.11977
-0.12753
-0.13579
-0.14459
-0.15396
-0.00883204
-0.00880003
-0.00880098
-0.00883096
-0.00889301
-0.008986
-0.00910896
-0.00926399
-0.00945097
-0.00966603
-0.00992298
-0.0102201
-0.01054
-0.0109
-0.01124
-0.01156
-0.0119001
-0.01227
-0.0126699
-0.0131201
-0.01361
-0.01415
-0.01476
-0.01542
-0.01614
-0.01693
-0.0177901
-0.01871
-0.01972
-0.02079
-0.0219699
-0.02323
-0.02458
-0.0260301
-0.02758
-0.0292501
-0.03104
-0.0329499
-0.0350001
-0.03719
-0.03952
-0.0420201
-0.0446801
-0.0475199
-0.05055
-0.0537701
-0.05722
-0.0609002
-0.06481
-0.0689797
-0.0734301
-0.0781703
-0.08321
-0.0885901
-0.0943103
-0.10041
-0.10691
-0.11383
-0.1212
-0.12905
-0.13741
-0.14631
-0.15579
-0.16589
-0.17664
-0.00994498
-0.00991797
-0.00992304
-0.00996202
-0.010031
-0.010132
-0.010266
-0.010432
-0.010632
-0.010868
-0.011141
-0.011447
-0.0117999
-0.01218
-0.01256
-0.01293
-0.01332
-0.0137399
-0.0141901
-0.0146999
-0.0152601
-0.01589
-0.01657
-0.01731
-0.0181299
-0.01902
-0.01998
-0.02104
-0.0221601
-0.0233901
-0.0247101
-0.0261201
-0.02765
-0.0292799
-0.03105
-0.0329299
-0.03494
-0.0371001
-0.0394099
-0.0418599
-0.0445001
-0.0473001
-0.0502999
-0.0534999
-0.0569201
-0.06056
-0.06444
-0.0685699
-0.0729799
-0.0776801
-0.0826898
-0.0880198
-0.0936999
-0.09975
-0.1062
-0.11308
-0.12039
-0.12818
-0.13648
-0.14532
-0.15472
-0.16475
-0.17543
-0.1868
-0.19891
-0.011034
-0.011013
-0.011024
-0.011067
-0.011144
-0.011253
-0.011395
-0.011571
-0.011782
-0.01203
-0.012316
-0.012642
-0.013014
-0.0134211
-0.0138299
-0.0142499
-0.01468
-0.0151401
-0.0156599
-0.0162201
-0.0168599
-0.01755
-0.01831
-0.01915
-0.02005
-0.0210401
-0.02212
-0.02328
-0.02455
-0.02591
-0.02737
-0.02896
-0.03065
-0.03248
-0.03442
-0.0365101
-0.0387499
-0.0411499
-0.0437
-0.0464401
-0.04935
-0.05248
-0.05581
-0.05936
-0.0631399
-0.0671799
-0.07149
-0.0760801
-0.08097
-0.08619
-0.0917401
-0.0976601
-0.10397
-0.11069
-0.11784
-0.12546
-0.13357
-0.14222
-0.15142
-0.16123
-0.17168
-0.1828
-0.194639
-0.20725
-0.22068
-0.012097
-0.01208
-0.012097
-0.012147
-0.01223
-0.012346
-0.012495
-0.012679
-0.012898
-0.013154
-0.013449
-0.013786
-0.014167
-0.014597
-0.015047
-0.0155001
-0.01598
-0.0165
-0.0170701
-0.0177
-0.0183901
-0.01915
-0.0199901
-0.02091
-0.02192
-0.02301
-0.0242
-0.02548
-0.02687
-0.02837
-0.0299799
-0.0317099
-0.0335699
-0.03557
-0.03771
-0.04001
-0.04246
-0.0450799
-0.0479
-0.0509
-0.0541098
-0.0575199
-0.0611701
-0.0650699
-0.0692201
-0.0736601
-0.0783699
-0.08341
-0.0887799
-0.0944901
-0.10058
-0.10707
-0.11398
-0.12135
-0.1292
-0.13754
-0.14645
-0.15593
-0.16602
-0.17676
-0.18821
-0.2004
-0.21338
-0.227201
-0.24192
-0.013129
-0.013118
-0.013142
-0.013198
-0.013286
-0.013407
-0.013562
-0.013751
-0.013976
-0.014238
-0.01454
-0.014882
-0.015272
-0.015717
-0.016194
-0.016688
-0.01721
-0.0177799
-0.0184
-0.0190901
-0.01985
-0.02069
-0.0216099
-0.02262
-0.02371
-0.02491
-0.0262001
-0.0276
-0.0291101
-0.0307299
-0.03249
-0.0343701
-0.0364101
-0.03857
-0.0409
-0.0433899
-0.0460701
-0.0489302
-0.05197
-0.0552299
-0.0587101
-0.0624301
-0.06639
-0.0706201
-0.07514
-0.0799398
-0.0850701
-0.0905399
-0.09635
-0.10256
-0.10918
-0.11622
-0.12373
-0.13172
-0.14023
-0.1493
-0.15896
-0.16924
-0.1802
-0.19186
-0.20429
-0.21751
-0.2316
-0.24661
-0.262589
-0.014131
-0.014126
-0.014154
-0.014215
-0.014308
-0.014434
-0.014593
-0.014787
-0.015015
-0.01528
-0.015583
-0.015929
-0.016321
-0.016778
-0.017283
-0.017814
-0.018379
-0.01899
-0.01968
-0.02043
-0.02126
-0.0221699
-0.02316
-0.02425
-0.02544
-0.0267199
-0.02812
-0.02964
-0.03126
-0.03303
-0.03492
-0.03696
-0.03913
-0.0414799
-0.044
-0.0466801
-0.04956
-0.0526299
-0.0559201
-0.0594301
-0.06318
-0.0671799
-0.07145
-0.07601
-0.0808599
-0.08604
-0.0915599
-0.09744
-0.10372
-0.1104
-0.11751
-0.1251
-0.13317
-0.14177
-0.15094
-0.1607
-0.17109
-0.18216
-0.19395
-0.20651
-0.21987
-0.23412
-0.24928
-0.26543
-0.28262
-0.015099
-0.015099
-0.015132
-0.015197
-0.015295
-0.015424
-0.015586
-0.015781
-0.016011
-0.016277
-0.016581
-0.016925
-0.017318
-0.017781
-0.018307
-0.018873
-0.019481
-0.02015
-0.02088
-0.02169
-0.0225799
-0.02356
-0.0246401
-0.02581
-0.0270901
-0.02847
-0.0299699
-0.03159
-0.03335
-0.03523
-0.03725
-0.03943
-0.04178
-0.0442801
-0.04697
-0.04985
-0.05292
-0.0562099
-0.0597301
-0.0634799
-0.0674901
-0.07177
-0.07634
-0.0812001
-0.08639
-0.0919302
-0.0978301
-0.10412
-0.11082
-0.11796
-0.12556
-0.13366
-0.1423
-0.15149
-0.16128
-0.17171
-0.18282
-0.19465
-0.20724
-0.22066
-0.23494
-0.25015
-0.26635
-0.283599
-0.30198
-0.01603
-0.016036
-0.016074
-0.016143
-0.016243
-0.016375
-0.016539
-0.016735
-0.016965
-0.01723
-0.01753
-0.017871
-0.01826
-0.018725
-0.019271
-0.019868
-0.020518
-0.021231
-0.022015
-0.02289
-0.0238401
-0.0248899
-0.02604
-0.02729
-0.0286499
-0.03014
-0.0317301
-0.03346
-0.0353199
-0.03733
-0.0395
-0.0418199
-0.0443
-0.04698
-0.04983
-0.0528899
-0.0561601
-0.0596601
-0.0633899
-0.0673802
-0.07164
-0.07619
-0.0810299
-0.08621
-0.0917201
-0.0976
-0.10387
-0.11054
-0.11765
-0.12523
-0.13332
-0.14192
-0.15108
-0.16085
-0.17124
-0.18232
-0.1941
-0.20666
-0.22003
-0.23427
-0.24944
-0.26558
-0.28278
-0.30109
-0.32059
-0.016922
-0.016933
-0.016976
-0.017049
-0.017152
-0.017285
-0.017449
-0.017645
-0.017873
-0.018134
-0.018431
-0.018766
-0.01915
-0.019614
-0.020173
-0.020799
-0.021488
-0.022247
-0.023086
-0.024007
-0.02504
-0.0261501
-0.02737
-0.0287
-0.0301501
-0.0317199
-0.03342
-0.0352499
-0.03723
-0.0393499
-0.04164
-0.04409
-0.04673
-0.0495399
-0.05256
-0.0558001
-0.0592599
-0.06295
-0.0669
-0.0711199
-0.0756199
-0.08042
-0.0855401
-0.0909998
-0.0968299
-0.10303
-0.10965
-0.1167
-0.12422
-0.13223
-0.14075
-0.14983
-0.15951
-0.16981
-0.18079
-0.19247
-0.20492
-0.21817
-0.23229
-0.24732
-0.26333
-0.28038
-0.29853
-0.31786
-0.33844
-0.017774
-0.01779
-0.017836
-0.017913
-0.018017
-0.018152
-0.018316
-0.01851
-0.018735
-0.018992
-0.019283
-0.019611
-0.019986
-0.020445
-0.021017
-0.021668
-0.022393
-0.023196
-0.024086
-0.025067
-0.0261419
-0.0273299
-0.02862
-0.03003
-0.0315599
-0.03321
-0.035
-0.0369301
-0.0390201
-0.04126
-0.0436699
-0.04625
-0.0490199
-0.052
-0.0551801
-0.0585799
-0.0622101
-0.0661
-0.07025
-0.07469
-0.0794101
-0.08446
-0.0898499
-0.0955801
-0.1017
-0.10823
-0.11518
-0.12259
-0.13048
-0.13888
-0.14784
-0.15739
-0.16755
-0.17837
-0.1899
-0.20217
-0.21525
-0.22918
-0.244
-0.25979
-0.27659
-0.2945
-0.31356
-0.33386
-0.35548
-0.018582
-0.018604
-0.018654
-0.018732
-0.018839
-0.018973
-0.019137
-0.019328
-0.01955
-0.019802
-0.020086
-0.020405
-0.020771
-0.021224
-0.021801
-0.022476
-0.023234
-0.02408
-0.025018
-0.026053
-0.027191
-0.028439
-0.0298001
-0.03128
-0.0328801
-0.0346301
-0.03651
-0.03854
-0.04072
-0.0430801
-0.04559
-0.04831
-0.0512201
-0.05432
-0.05765
-0.06121
-0.06502
-0.0690899
-0.07344
-0.07807
-0.0830199
-0.08829
-0.09392
-0.09993
-0.10633
-0.11315
-0.12042
-0.12817
-0.13642
-0.14522
-0.15459
-0.16456
-0.17519
-0.1865
-0.19855
-0.2114
-0.22506
-0.23961
-0.25511
-0.27162
-0.2892
-0.30791
-0.32784
-0.34906
-0.37166
-0.019347
-0.019373
-0.019427
-0.019507
-0.019615
-0.019749
-0.01991
-0.0201
-0.020317
-0.020563
-0.020839
-0.02115
-0.021505
-0.021949
-0.022532
-0.023225
-0.024015
-0.0249
-0.025883
-0.026969
-0.028163
-0.029471
-0.030898
-0.032451
-0.03413
-0.0359499
-0.03792
-0.0400399
-0.04232
-0.0447699
-0.04742
-0.0502399
-0.05327
-0.05652
-0.05999
-0.0637
-0.06767
-0.07191
-0.0764301
-0.08126
-0.0864301
-0.09193
-0.09779
-0.10405
-0.11072
-0.11782
-0.12539
-0.13346
-0.14205
-0.15121
-0.16096
-0.17135
-0.18241
-0.1942
-0.20675
-0.2201
-0.23434
-0.24949
-0.26563
-0.2828
-0.3011
-0.32058
-0.34133
-0.36342
-0.38694
-0.020065
-0.020094
-0.020151
-0.020234
-0.020342
-0.020476
-0.020636
-0.020822
-0.021034
-0.021275
-0.021544
-0.021845
-0.022189
-0.022623
-0.023206
-0.023916
-0.024735
-0.025657
-0.026684
-0.02782
-0.029067
-0.030432
-0.031921
-0.033538
-0.035297
-0.03719
-0.03924
-0.04145
-0.0438199
-0.04638
-0.0491099
-0.05206
-0.0552
-0.05857
-0.0621799
-0.06604
-0.07016
-0.07456
-0.07926
-0.08428
-0.08962
-0.09533
-0.10142
-0.10791
-0.11482
-0.12219
-0.13005
-0.13842
-0.14734
-0.15683
-0.16695
-0.17772
-0.18919
-0.20142
-0.21443
-0.22829
-0.24304
-0.25876
-0.27549
-0.29331
-0.31228
-0.33248
-0.35399
-0.3769
-0.40129
-0.020734
-0.020769
-0.0208279
-0.020912
-0.021021
-0.021154
-0.021311
-0.021494
-0.021703
-0.021936
-0.022198
-0.022489
-0.022823
-0.023248
-0.02383
-0.024553
-0.025397
-0.026354
-0.027421
-0.028602
-0.029901
-0.03132
-0.032867
-0.034549
-0.03637
-0.0383371
-0.04046
-0.04275
-0.04522
-0.04786
-0.0507101
-0.05374
-0.0570101
-0.0605
-0.0642301
-0.06822
-0.07249
-0.07704
-0.0819
-0.08708
-0.09262
-0.0985199
-0.10481
-0.11152
-0.11867
-0.12629
-0.13441
-0.14305
-0.15227
-0.16209
-0.17254
-0.18367
-0.19554
-0.20816
-0.2216
-0.23593
-0.25118
-0.26741
-0.2847
-0.30311
-0.32271
-0.34359
-0.36581
-0.38947
-0.41467
-0.021353
-0.021391
-0.021454
-0.02154
-0.021649
-0.021781
-0.021938
-0.022117
-0.022321
-0.022549
-0.022802
-0.023086
-0.023409
-0.023821
-0.024402
-0.025136
-0.026003
-0.026991
-0.028098
-0.029321
-0.030666
-0.032137
-0.03374
-0.035479
-0.037364
-0.039401
-0.0416011
-0.043965
-0.04651
-0.04924
-0.0521699
-0.05532
-0.0586799
-0.0622799
-0.0661299
-0.07024
-0.07463
-0.0793301
-0.08434
-0.08969
-0.09539
-0.10147
-0.10796
-0.11486
-0.12223
-0.13008
-0.13844
-0.14735
-0.15684
-0.16695
-0.17772
-0.18919
-0.2014
-0.2144
-0.22826
-0.243
-0.2587
-0.27542
-0.29322
-0.31218
-0.33237
-0.35386
-0.37675
-0.40112
-0.42706
-0.021921
-0.021963
-0.022029
-0.022116
-0.022225
-0.022357
-0.022511
-0.022688
-0.022887
-0.02311
-0.023357
-0.023631
-0.023944
-0.024348
-0.024924
-0.025668
-0.026555
-0.027572
-0.028712
-0.029977
-0.031365
-0.032884
-0.034537
-0.036332
-0.038275
-0.040374
-0.042638
-0.045074
-0.0476921
-0.050507
-0.0535201
-0.0567499
-0.06021
-0.06391
-0.06787
-0.0720999
-0.07662
-0.08144
-0.0865899
-0.09208
-0.09793
-0.10418
-0.11084
-0.11794
-0.1255
-0.13356
-0.14215
-0.1513
-0.16105
-0.17142
-0.18247
-0.19425
-0.20678
-0.22014
-0.23435
-0.24949
-0.26561
-0.28277
-0.30105
-0.3205
-0.34122
-0.36328
-0.38677
-0.41178
-0.43842
-0.022435
-0.022483
-0.02255
-0.022639
-0.022748
-0.02288
-0.023032
-0.0232069
-0.023402
-0.02362
-0.023861
-0.024128
-0.024433
-0.024825
-0.025399
-0.026148
-0.027054
-0.028098
-0.02927
-0.030569
-0.031998
-0.03356
-0.03526
-0.037106
-0.039103
-0.041259
-0.043582
-0.046084
-0.048771
-0.051656
-0.054746
-0.0580601
-0.06161
-0.0654
-0.06946
-0.0737901
-0.07842
-0.08336
-0.0886301
-0.09425
-0.10026
-0.10665
-0.11346
-0.12073
-0.12848
-0.13673
-0.14552
-0.15489
-0.16486
-0.17548
-0.1868
-0.19885
-0.21168
-0.22534
-0.23989
-0.25538
-0.27188
-0.28945
-0.30815
-0.32806
-0.34926
-0.37184
-0.39587
-0.42147
-0.44872
-0.022897
-0.022947
-0.023017
-0.023107
-0.023219
-0.023349
-0.023501
-0.023672
-0.023865
-0.024078
-0.024313
-0.024574
-0.024871
-0.025256
-0.025824
-0.02658
-0.027501
-0.028568
-0.02977
-0.031102
-0.032567
-0.034168
-0.035911
-0.037801
-0.039846
-0.042054
-0.044433
-0.046992
-0.049742
-0.052691
-0.055854
-0.059241
-0.0628611
-0.066745
-0.0708799
-0.07532
-0.08004
-0.08508
-0.0904599
-0.09621
-0.10233
-0.10887
-0.11583
-0.12325
-0.13115
-0.13958
-0.14855
-0.1581
-0.16828
-0.17913
-0.19068
-0.20297
-0.21607
-0.23001
-0.24486
-0.26067
-0.2775
-0.29542
-0.31451
-0.33483
-0.35646
-0.37949
-0.40402
-0.43013
-0.45793
-0.023303
-0.023356
-0.023429
-0.023522
-0.023633
-0.023764
-0.023915
-0.024085
-0.024275
-0.024485
-0.024716
-0.02497
-0.025261
-0.025638
-0.026203
-0.026964
-0.027899
-0.028986
-0.0302131
-0.031575
-0.033073
-0.034709
-0.03649
-0.03842
-0.040508
-0.042762
-0.045189
-0.0478
-0.050603
-0.053612
-0.056836
-0.060288
-0.063981
-0.067932
-0.0721561
-0.076658
-0.08147
-0.08662
-0.0921
-0.0979501
-0.10418
-0.11083
-0.11792
-0.12546
-0.13351
-0.14208
-0.15122
-0.16095
-0.17131
-0.18235
-0.1941
-0.20662
-0.21994
-0.23414
-0.24924
-0.26533
-0.28246
-0.3007
-0.32011
-0.34079
-0.3628
-0.38624
-0.41119
-0.43776
-0.46605
-0.023652
-0.02371
-0.023786
-0.023879
-0.023992
-0.024124
-0.024274
-0.024443
-0.024631
-0.024839
-0.025066
-0.025317
-0.025601
-0.025973
-0.026536
-0.0273
-0.028248
-0.029353
-0.030602
-0.03199
-0.033515
-0.035182
-0.036995
-0.038961
-0.041087
-0.04338
-0.04585
-0.048505
-0.051357
-0.054415
-0.057692
-0.061201
-0.064955
-0.068967
-0.073256
-0.077836
-0.08273
-0.087941
-0.093514
-0.09945
-0.10578
-0.11253
-0.11972
-0.1274
-0.13557
-0.14427
-0.15354
-0.16342
-0.17394
-0.18513
-0.19706
-0.20976
-0.22329
-0.23769
-0.25303
-0.26936
-0.28674
-0.30525
-0.32495
-0.34593
-0.36828
-0.39205
-0.41738
-0.44434
-0.47305
-0.023945
-0.024006
-0.024084
-0.024181
-0.024295
-0.024428
-0.024578
-0.024747
-0.024934
-0.025139
-0.025364
-0.025612
-0.025894
-0.02626
-0.02682
-0.02759
-0.028547
-0.029669
-0.030937
-0.032346
-0.033895
-0.035589
-0.03743
-0.039426
-0.041583
-0.04391
-0.046416
-0.049109
-0.052
-0.055101
-0.058422
-0.061978
-0.065782
-0.069849
-0.074193
-0.078834
-0.083787
-0.089073
-0.094712
-0.100724
-0.107143
-0.113971
-0.121262
-0.12902
-0.13729
-0.14611
-0.15549
-0.16549
-0.17613
-0.18748
-0.19955
-0.21242
-0.22611
-0.24068
-0.25621
-0.27273
-0.29033
-0.30906
-0.32901
-0.35025
-0.37285
-0.39693
-0.42256
-0.44985
-0.4789
-0.0241801
-0.024245
-0.024327
-0.024425
-0.024541
-0.024674
-0.024826
-0.024996
-0.025183
-0.025387
-0.025611
-0.025857
-0.026135
-0.0265
-0.027059
-0.027831
-0.0287991
-0.029933
-0.031218
-0.032645
-0.034215
-0.035929
-0.0377941
-0.039814
-0.041997
-0.044352
-0.046885
-0.049609
-0.052533
-0.055667
-0.059026
-0.06262
-0.0664639
-0.070574
-0.074964
-0.079652
-0.084656
-0.089996
-0.095692
-0.101767
-0.108243
-0.115148
-0.122505
-0.130345
-0.1387
-0.147595
-0.157075
-0.16717
-0.17793
-0.18938
-0.20158
-0.21455
-0.22838
-0.2431
-0.25877
-0.27546
-0.29323
-0.31214
-0.33228
-0.35372
-0.37655
-0.40085
-0.42672
-0.45426
-0.4836
-0.024357
-0.024426
-0.02451
-0.024612
-0.02473
-0.024866
-0.025018
-0.025188
-0.025376
-0.025581
-0.025805
-0.02605
-0.026328
-0.02669
-0.027251
-0.028028
-0.029003
-0.030149
-0.031446
-0.0328881
-0.034473
-0.036204
-0.038086
-0.040125
-0.042328
-0.044703
-0.04726
-0.050007
-0.052955
-0.056116
-0.059501
-0.063125
-0.067
-0.07114
-0.075565
-0.080289
-0.085332
-0.090713
-0.096453
-0.102572
-0.109098
-0.116052
-0.123465
-0.131363
-0.139778
-0.148743
-0.158292
-0.168461
-0.179292
-0.190826
-0.203103
-0.216188
-0.23011
-0.244941
-0.26073
-0.27753
-0.29542
-0.31447
-0.33476
-0.35634
-0.37933
-0.40381
-0.42986
-0.4576
-0.48713
-0.024474
-0.024547
-0.024636
-0.02474
-0.024861
-0.024999
-0.025154
-0.025326
-0.0255139
-0.025721
-0.025945
-0.026192
-0.0264699
-0.026834
-0.027396
-0.028177
-0.029159
-0.030313
-0.031621
-0.0330729
-0.03467
-0.036413
-0.038307
-0.040359
-0.042577
-0.044966
-0.047538
-0.0503
-0.053265
-0.056444
-0.059848
-0.06349
-0.067385
-0.07155
-0.075997
-0.080745
-0.085814
-0.091221
-0.096989
-0.10314
-0.109697
-0.116687
-0.124135
-0.132072
-0.140528
-0.149536
-0.15913
-0.169349
-0.180232
-0.191821
-0.204161
-0.217301
-0.231291
-0.246187
-0.262041
-0.278931
-0.296904
-0.316049
-0.336415
-0.358114
-0.381204
-0.405785
-0.431964
-0.459832
-0.489493
-0.024534
-0.024611
-0.024702
-0.02481
-0.024934
-0.025075
-0.025233
-0.025407
-0.025599
-0.025807
-0.026034
-0.026281
-0.026562
-0.026928
-0.027493
-0.02828
-0.029267
-0.0304281
-0.031742
-0.0332021
-0.034805
-0.036555
-0.038457
-0.040517
-0.042741
-0.045138
-0.047718
-0.05049
-0.053464
-0.056651
-0.060064
-0.063717
-0.067623
-0.071797
-0.076256
-0.081017
-0.086098
-0.091519
-0.097301
-0.103468
-0.110041
-0.117047
-0.124514
-0.13247
-0.140946
-0.149974
-0.159592
-0.169834
-0.180742
-0.192357
-0.204726
-0.217896
-0.231919
-0.246847
-0.262742
-0.279665
-0.29768
-0.31686
-0.337279
-0.359017
-0.382159
-0.406796
-0.433026
-0.460949
-0.490677
-0.024534
-0.024615
-0.024711
-0.024822
-0.02495
-0.025094
-0.025255
-0.025432
-0.025627
-0.025839
-0.026068
-0.02632
-0.026604
-0.026973
-0.027544
-0.028334
-0.029328
-0.030492
-0.031809
-0.033272
-0.034878
-0.036631
-0.038534
-0.040595
-0.042821
-0.045221
-0.047801
-0.050573
-0.053547
-0.056736
-0.06015
-0.063803
-0.06771
-0.071884
-0.076343
-0.081105
-0.086185
-0.091607
-0.097389
-0.103554
-0.110127
-0.117134
-0.1246
-0.132555
-0.14103
-0.150058
-0.159673
-0.169915
-0.180822
-0.192436
-0.204803
-0.21797
-0.23199
-0.246917
-0.262809
-0.279727
-0.297739
-0.316915
-0.337328
-0.359061
-0.382196
-0.406826
-0.433046
-0.46096
-0.490677
-0.024475
-0.02456
-0.02466
-0.024775
-0.024906
-0.025054
-0.025219
-0.025402
-0.0256
-0.025816
-0.02605
-0.026305
-0.026594
-0.02697
-0.027546
-0.028343
-0.029338
-0.030504
-0.031823
-0.033284
-0.034889
-0.036638
-0.038539
-0.040596
-0.042817
-0.04521
-0.047785
-0.050551
-0.053519
-0.056699
-0.060105
-0.063748
-0.067645
-0.071809
-0.076257
-0.081005
-0.086074
-0.091482
-0.097249
-0.1034
-0.109956
-0.116944
-0.124391
-0.132326
-0.14078
-0.149785
-0.159377
-0.169592
-0.18047
-0.192054
-0.204389
-0.217523
-0.231506
-0.246394
-0.262244
-0.279118
-0.297082
-0.316206
-0.336567
-0.35824
-0.381313
-0.405875
-0.432023
-0.459861
-0.489494
-0.024356
-0.024447
-0.02455
-0.024669
-0.024806
-0.024959
-0.025128
-0.025314
-0.025517
-0.025738
-0.025978
-0.02624
-0.026534
-0.026916
-0.0275
-0.028302
-0.0293
-0.030466
-0.03178
-0.033237
-0.034835
-0.036578
-0.038469
-0.040517
-0.042727
-0.045109
-0.04767
-0.050422
-0.053374
-0.056538
-0.059926
-0.063552
-0.067428
-0.071571
-0.075997
-0.080722
-0.085765
-0.091144
-0.096884
-0.103002
-0.109526
-0.116479
-0.123889
-0.131784
-0.140196
-0.149156
-0.158699
-0.168863
-0.179687
-0.191214
-0.203487
-0.216554
-0.230467
-0.24528
-0.26105
-0.277839
-0.295713
-0.31474
-0.334995
-0.356557
-0.379512
-0.403949
-0.429962
-0.457654
-0.487134
-0.02418
-0.024274
-0.024382
-0.024507
-0.024647
-0.024804
-0.024979
-0.02517
-0.02538
-0.025607
-0.025852
-0.02612
-0.026423
-0.026814
-0.027407
-0.028213
-0.029211
-0.030373
-0.031682
-0.03313
-0.034717
-0.036447
-0.038325
-0.040356
-0.04255
-0.044913
-0.047455
-0.050185
-0.053114
-0.056253
-0.059615
-0.063213
-0.067059
-0.071171
-0.075562
-0.080251
-0.085255
-0.090595
-0.09629
-0.102363
-0.108838
-0.115739
-0.123093
-0.13093
-0.139278
-0.148171
-0.157643
-0.167732
-0.178475
-0.189915
-0.202096
-0.215067
-0.228876
-0.243577
-0.259229
-0.275892
-0.29363
-0.312515
-0.332617
-0.354018
-0.376796
-0.401049
-0.426869
-0.454344
-0.483595
-0.023945
-0.024044
-0.024157
-0.024285
-0.024431
-0.024594
-0.024773
-0.024972
-0.025187
-0.02542
-0.025674
-0.02595
-0.02626
-0.026662
-0.027262
-0.028074
-0.029072
-0.030227
-0.031525
-0.03296
-0.034533
-0.036245
-0.038104
-0.040114
-0.042284
-0.044622
-0.047137
-0.049838
-0.052737
-0.055843
-0.05917
-0.06273
-0.066538
-0.070606
-0.074952
-0.0795935
-0.0845473
-0.0898327
-0.09547
-0.101482
-0.107892
-0.114723
-0.122005
-0.129762
-0.138028
-0.146831
-0.15621
-0.166197
-0.176834
-0.18816
-0.20022
-0.213061
-0.226733
-0.241289
-0.256785
-0.273281
-0.290843
-0.309535
-0.329439
-0.350623
-0.37318
-0.39718
-0.42273
-0.44994
-0.4789
-0.023652
-0.023755
-0.023873
-0.024007
-0.024157
-0.024325
-0.024513
-0.024716
-0.024938
-0.02518
-0.025441
-0.025725
-0.026046
-0.026458
-0.02707
-0.027885
-0.028878
-0.030025
-0.03131
-0.032728
-0.034281
-0.035971
-0.037804
-0.039789
-0.04193
-0.044236
-0.046717
-0.049383
-0.052242
-0.055308
-0.058591
-0.062104
-0.0658613
-0.0698776
-0.0741689
-0.0787499
-0.0836403
-0.0888584
-0.0944245
-0.100361
-0.106689
-0.113435
-0.120624
-0.128285
-0.136446
-0.145141
-0.154402
-0.164265
-0.174768
-0.185953
-0.197863
-0.210544
-0.224045
-0.238419
-0.25372
-0.270017
-0.287359
-0.30582
-0.32547
-0.34639
-0.36865
-0.39236
-0.4176
-0.44446
-0.47305
-0.023303
-0.02341
-0.023532
-0.023671
-0.023828
-0.024002
-0.024194
-0.024406
-0.024636
-0.024885
-0.025155
-0.02545
-0.025781
-0.026205
-0.026826
-0.027643
-0.028631
-0.029765
-0.031033
-0.032431
-0.033958
-0.035623
-0.037427
-0.039377
-0.041483
-0.043753
-0.046194
-0.048815
-0.051629
-0.054646
-0.0578768
-0.0613344
-0.0650328
-0.0689863
-0.0732099
-0.0777204
-0.0825352
-0.0876729
-0.0931545
-0.098999
-0.105231
-0.111875
-0.118955
-0.126499
-0.134538
-0.143101
-0.152222
-0.161937
-0.172282
-0.183299
-0.19503
-0.207519
-0.220813
-0.234979
-0.25005
-0.26609
-0.28317
-0.30135
-0.32071
-0.34131
-0.36325
-0.3866
-0.41144
-0.43789
-0.46605
-0.022897
-0.023009
-0.023136
-0.02328
-0.023441
-0.023623
-0.023822
-0.02404
-0.024278
-0.024536
-0.024815
-0.02512
-0.025463
-0.0259
-0.02653
-0.027348
-0.028328
-0.029447
-0.030693
-0.032066
-0.033566
-0.035197
-0.036966
-0.03888
-0.040946
-0.043171
-0.045564
-0.048137
-0.0508977
-0.0538569
-0.0570272
-0.0604207
-0.0640507
-0.0679312
-0.0720776
-0.0765062
-0.0812332
-0.086278
-0.09166
-0.097401
-0.103521
-0.110046
-0.116999
-0.12441
-0.132305
-0.140716
-0.149675
-0.159217
-0.16938
-0.180205
-0.191722
-0.203997
-0.21706
-0.23096
-0.24577
-0.26153
-0.27831
-0.29617
-0.31518
-0.33542
-0.35696
-0.37989
-0.4043
-0.43028
-0.45793
-0.022436
-0.022551
-0.022683
-0.022832
-0.023001
-0.023187
-0.023393
-0.023619
-0.023865
-0.024132
-0.024422
-0.024738
-0.025093
-0.025543
-0.026182
-0.026999
-0.027967
-0.029066
-0.030289
-0.031632
-0.033099
-0.034694
-0.036424
-0.038295
-0.040314
-0.042489
-0.0448307
-0.0473461
-0.0500457
-0.0529408
-0.0560425
-0.0593632
-0.0629155
-0.0667139
-0.0707726
-0.075107
-0.079736
-0.084676
-0.089945
-0.095566
-0.10156
-0.10795
-0.114761
-0.122019
-0.129752
-0.137991
-0.146766
-0.156113
-0.166066
-0.17666
-0.18796
-0.19997
-0.21277
-0.22639
-0.24089
-0.25633
-0.27277
-0.29027
-0.30889
-0.32872
-0.34982
-0.37228
-0.39619
-0.42163
-0.44872
-0.02192
-0.022041
-0.022177
-0.022331
-0.022504
-0.022697
-0.02291
-0.023144
-0.023399
-0.023676
-0.023976
-0.024303
-0.02467
-0.025133
-0.025779
-0.026593
-0.027546
-0.028623
-0.029817
-0.031127
-0.032558
-0.034112
-0.035797
-0.03762
-0.0395868
-0.0417073
-0.043989
-0.0464413
-0.0490738
-0.0518973
-0.0549227
-0.0581617
-0.0616277
-0.065334
-0.069295
-0.073526
-0.078044
-0.082866
-0.088012
-0.0935
-0.099353
-0.105592
-0.112243
-0.119331
-0.126883
-0.134929
-0.143504
-0.152625
-0.16235
-0.17271
-0.18373
-0.19547
-0.20797
-0.22128
-0.23544
-0.25052
-0.26657
-0.28366
-0.30185
-0.32121
-0.34182
-0.36376
-0.38711
-0.41197
-0.43842
-0.021353
-0.021476
-0.021616
-0.021776
-0.021954
-0.022153
-0.022374
-0.022615
-0.022878
-0.023164
-0.023474
-0.023813
-0.024193
-0.024669
-0.025322
-0.026128
-0.027064
-0.028115
-0.029276
-0.030549
-0.031938
-0.033448
-0.0350842
-0.0368533
-0.0387641
-0.0408236
-0.0430403
-0.0454231
-0.0479818
-0.0507264
-0.0536678
-0.056818
-0.06019
-0.063795
-0.067648
-0.071766
-0.076162
-0.080855
-0.085863
-0.091205
-0.096902
-0.102976
-0.109452
-0.116352
-0.123706
-0.131543
-0.13988
-0.14878
-0.15825
-0.16832
-0.17906
-0.19049
-0.20266
-0.21562
-0.22942
-0.2441
-0.25973
-0.27638
-0.29409
-0.31294
-0.33301
-0.35437
-0.3771
-0.4013
-0.42706
-0.020734
-0.02086
-0.021004
-0.021167
-0.021352
-0.021557
-0.021783
-0.022032
-0.022304
-0.022599
-0.02292
-0.023269
-0.023662
-0.02415
-0.024805
-0.025602
-0.026517
-0.027538
-0.028663
-0.029897
-0.0312394
-0.0326997
-0.0342827
-0.035995
-0.037844
-0.0398374
-0.0419835
-0.0442911
-0.04677
-0.0494286
-0.05228
-0.055333
-0.0586
-0.062096
-0.065833
-0.069826
-0.07409
-0.078643
-0.083501
-0.088684
-0.094213
-0.100107
-0.10639
-0.113087
-0.120227
-0.12783
-0.13593
-0.14456
-0.15374
-0.16354
-0.17395
-0.18505
-0.19687
-0.20944
-0.22283
-0.23709
-0.25227
-0.26841
-0.28561
-0.30391
-0.32339
-0.34412
-0.36619
-0.38968
-0.41467
-0.020065
-0.020194
-0.020341
-0.020509
-0.020698
-0.020908
-0.021141
-0.021396
-0.021676
-0.021979
-0.022309
-0.022672
-0.023076
-0.023574
-0.02423
-0.025014
-0.025902
-0.02689
-0.027978
-0.0291649
-0.0304602
-0.0318671
-0.0333925
-0.035043
-0.0368258
-0.0387483
-0.0408186
-0.0430454
-0.045437
-0.048005
-0.050757
-0.053706
-0.056864
-0.060241
-0.063852
-0.067711
-0.071834
-0.076235
-0.080932
-0.085945
-0.09129
-0.096991
-0.103067
-0.10955
-0.11645
-0.1238
-0.13164
-0.13998
-0.14888
-0.15834
-0.16843
-0.17916
-0.19058
-0.20275
-0.21571
-0.2295
-0.24418
-0.25981
-0.27644
-0.29415
-0.31299
-0.33305
-0.3544
-0.37711
-0.40129
-0.019347
-0.019477
-0.019629
-0.0198
-0.019992
-0.020208
-0.020446
-0.020708
-0.020994
-0.021306
-0.021646
-0.022016
-0.022432
-0.02294
-0.023593
-0.024359
-0.02522
-0.0261715
-0.0272144
-0.0283554
-0.0295979
-0.0309481
-0.0324123
-0.0339969
-0.035709
-0.037556
-0.0395459
-0.041686
-0.043986
-0.046456
-0.049104
-0.051942
-0.05498
-0.058232
-0.061709
-0.065425
-0.069395
-0.073635
-0.07816
-0.082988
-0.088139
-0.093634
-0.09949
-0.10573
-0.11238
-0.11947
-0.12702
-0.13507
-0.14363
-0.15276
-0.16248
-0.17283
-0.18385
-0.19558
-0.20806
-0.22135
-0.2355
-0.25056
-0.2666
-0.28366
-0.30183
-0.32116
-0.34173
-0.36364
-0.38694
-0.018583
-0.018715
-0.018867
-0.019041
-0.019238
-0.019457
-0.019699
-0.019967
-0.020259
-0.020579
-0.020926
-0.021307
-0.02173
-0.022245
-0.022891
-0.023637
-0.0244662
-0.025377
-0.0263749
-0.0274645
-0.0286515
-0.0299417
-0.031341
-0.032856
-0.0344935
-0.0362604
-0.038165
-0.040214
-0.042418
-0.044782
-0.047321
-0.050041
-0.052954
-0.056071
-0.059407
-0.062972
-0.06678
-0.070847
-0.07519
-0.079824
-0.084771
-0.09004
-0.09566
-0.10165
-0.10804
-0.11485
-0.1221
-0.12982
-0.13805
-0.14681
-0.15613
-0.16607
-0.17665
-0.18791
-0.19991
-0.21267
-0.22626
-0.24072
-0.25611
-0.2725
-0.28994
-0.3085
-0.32826
-0.34928
-0.37166
-0.017773
-0.017907
-0.01806
-0.018236
-0.018434
-0.018656
-0.018903
-0.019174
-0.019472
-0.019796
-0.020151
-0.020538
-0.020971
-0.0214883
-0.0221243
-0.0228448
-0.0236379
-0.0245063
-0.0254555
-0.0264915
-0.02762
-0.0288469
-0.0301783
-0.0316208
-0.0331798
-0.034863
-0.036677
-0.038632
-0.040732
-0.042989
-0.04541
-0.048006
-0.050787
-0.053765
-0.056949
-0.060354
-0.063993
-0.067879
-0.072028
-0.076455
-0.08118
-0.08622
-0.09159
-0.0973201
-0.10342
-0.10993
-0.11686
-0.12425
-0.13211
-0.14049
-0.14942
-0.15891
-0.16903
-0.1798
-0.19126
-0.20347
-0.21645
-0.23029
-0.24501
-0.26068
-0.27735
-0.2951
-0.31399
-0.33409
-0.35548
-0.016923
-0.017054
-0.017209
-0.017386
-0.017586
-0.01781
-0.018058
-0.018332
-0.018632
-0.018961
-0.0193189
-0.0197113
-0.0201483
-0.0206671
-0.0212883
-0.0219802
-0.0227349
-0.0235575
-0.0244554
-0.0254353
-0.0265029
-0.0276639
-0.028924
-0.03029
-0.031767
-0.033364
-0.035085
-0.036938
-0.038932
-0.041075
-0.043375
-0.045841
-0.048484
-0.051313
-0.054341
-0.057578
-0.061038
-0.064734
-0.068681
-0.0728899
-0.0773799
-0.08218
-0.0872999
-0.09275
-0.0985601
-0.10474
-0.11135
-0.11837
-0.12586
-0.13383
-0.14232
-0.15136
-0.16098
-0.17124
-0.18215
-0.19377
-0.20614
-0.2193
-0.23331
-0.24822
-0.26409
-0.28098
-0.29895
-0.31808
-0.33844
-0.016029
-0.016161
-0.016314
-0.016491
-0.016691
-0.016914
-0.0171635
-0.017438
-0.01774
-0.0180703
-0.0184313
-0.0188264
-0.0192653
-0.0197801
-0.0203822
-0.0210417
-0.0217548
-0.0225295
-0.0233741
-0.0242955
-0.0252997
-0.0263926
-0.02758
-0.028866
-0.03026
-0.031764
-0.033389
-0.035139
-0.037022
-0.039046
-0.041219
-0.04355
-0.046048
-0.048724
-0.051587
-0.054649
-0.057923
-0.06142
-0.065156
-0.0691501
-0.0734
-0.07793
-0.08277
-0.08793
-0.0934299
-0.0993
-0.10554
-0.1122
-0.11929
-0.12684
-0.13487
-0.14344
-0.15256
-0.16226
-0.17259
-0.18359
-0.1953
-0.20776
-0.22103
-0.23515
-0.25019
-0.26618
-0.2832
-0.30132
-0.32059
-0.0150988
-0.0152272
-0.0153797
-0.0155539
-0.0157523
-0.0159755
-0.0162227
-0.0164962
-0.0167969
-0.0171265
-0.0174867
-0.0178813
-0.0183187
-0.0188254
-0.0194042
-0.020028
-0.0206971
-0.0214217
-0.0222111
-0.0230722
-0.0240114
-0.025034
-0.026145
-0.027351
-0.028656
-0.030068
-0.031591
-0.033234
-0.035003
-0.036904
-0.038945
-0.041137
-0.043485
-0.046001
-0.048694
-0.051575
-0.054654
-0.057947
-0.06146
-0.06521
-0.0692201
-0.07349
-0.07804
-0.0829
-0.08808
-0.0936
-0.0994802
-0.10574
-0.11241
-0.11952
-0.1271
-0.13516
-0.14374
-0.15288
-0.16262
-0.17297
-0.184
-0.19574
-0.20823
-0.22153
-0.23567
-0.25074
-0.26677
-0.28382
-0.30198
-0.014131
-0.0142566
-0.0144057
-0.0145778
-0.014773
-0.0149923
-0.0152363
-0.0155061
-0.0158032
-0.0161291
-0.0164857
-0.0168762
-0.017308
-0.0178022
-0.0183532
-0.0189383
-0.0195614
-0.0202342
-0.0209668
-0.0217664
-0.022639
-0.023589
-0.024623
-0.025745
-0.026961
-0.028277
-0.029697
-0.031229
-0.032878
-0.034653
-0.03656
-0.038605
-0.0408
-0.04315
-0.045667
-0.048359
-0.051238
-0.05431
-0.0576
-0.06111
-0.06485
-0.0688499
-0.07311
-0.07765
-0.0825
-0.08766
-0.0931599
-0.09902
-0.10527
-0.11192
-0.119
-0.12655
-0.13458
-0.14313
-0.15223
-0.16193
-0.17225
-0.18323
-0.19492
-0.20735
-0.2206
-0.23468
-0.24968
-0.26564
-0.28262
-0.0131295
-0.013251
-0.0133959
-0.0135634
-0.0137538
-0.0139676
-0.0142059
-0.0144696
-0.0147602
-0.0150791
-0.0154284
-0.0158109
-0.0162328
-0.0167096
-0.017229
-0.0177727
-0.018348
-0.018968
-0.0196426
-0.0203793
-0.021183
-0.022061
-0.023015
-0.024052
-0.025177
-0.026393
-0.027709
-0.029127
-0.030655
-0.032299
-0.034066
-0.035964
-0.037998
-0.040179
-0.042513
-0.045012
-0.047681
-0.0505401
-0.0535899
-0.0568399
-0.06032
-0.0640301
-0.0679901
-0.0722101
-0.07671
-0.0815001
-0.0866101
-0.0920601
-0.0978599
-0.10404
-0.11062
-0.11762
-0.12508
-0.13303
-0.14148
-0.15049
-0.16006
-0.17027
-0.18112
-0.19269
-0.20498
-0.21807
-0.232
-0.24682
-0.262589
-0.0120964
-0.0122127
-0.0123521
-0.0125136
-0.0126972
-0.0129035
-0.0131334
-0.0133882
-0.0136691
-0.0139776
-0.0143158
-0.014686
-0.0150933
-0.0155477
-0.0160319
-0.0165321
-0.0170583
-0.0176242
-0.0182402
-0.018913
-0.019649
-0.020451
-0.021325
-0.022276
-0.023306
-0.024423
-0.025629
-0.026932
-0.028336
-0.029847
-0.031472
-0.033216
-0.035088
-0.037093
-0.039241
-0.04154
-0.044
-0.0466299
-0.04943
-0.05244
-0.05564
-0.05905
-0.0626999
-0.0665799
-0.07072
-0.07514
-0.07985
-0.0848598
-0.0902002
-0.0958898
-0.10195
-0.10841
-0.11528
-0.12259
-0.13039
-0.13867
-0.14751
-0.15689
-0.1669
-0.17754
-0.18887
-0.20093
-0.21375
-0.2274
-0.24192
-0.011034
-0.0111443
-0.0112769
-0.0114306
-0.0116054
-0.0118019
-0.0120209
-0.0122637
-0.0125316
-0.0128262
-0.013149
-0.0135025
-0.0138902
-0.0143175
-0.0147631
-0.0152182
-0.0156944
-0.0162059
-0.016763
-0.017372
-0.018037
-0.018764
-0.019557
-0.020419
-0.021355
-0.022369
-0.023467
-0.024651
-0.025928
-0.027303
-0.028781
-0.030369
-0.032073
-0.0339
-0.035858
-0.037956
-0.04019
-0.04259
-0.04515
-0.0478799
-0.0508
-0.05392
-0.05723
-0.06078
-0.0645599
-0.0685799
-0.07287
-0.07745
-0.08232
-0.0875001
-0.09303
-0.0989101
-0.10518
-0.11186
-0.11896
-0.12652
-0.13457
-0.14315
-0.15226
-0.16197
-0.1723
-0.18329
-0.19499
-0.20744
-0.22068
-0.0099451
-0.0100485
-0.0101729
-0.010317
-0.0104811
-0.0106653
-0.0108708
-0.0110985
-0.0113499
-0.0116266
-0.01193
-0.0122621
-0.0126254
-0.0130208
-0.0134252
-0.0138336
-0.0142593
-0.0147162
-0.015213
-0.015757
-0.016353
-0.017005
-0.017715
-0.018488
-0.019328
-0.020239
-0.021224
-0.022289
-0.023437
-0.024673
-0.026003
-0.027433
-0.028966
-0.03061
-0.032372
-0.03425
-0.03628
-0.0384301
-0.04074
-0.0432
-0.04583
-0.04863
-0.05163
-0.0548201
-0.0582201
-0.0618501
-0.0657201
-0.0698299
-0.0742199
-0.0789101
-0.0838802
-0.08919
-0.09484
-0.10084
-0.10724
-0.11406
-0.12131
-0.12903
-0.13725
-0.14599
-0.1553
-0.16521
-0.17575
-0.18696
-0.19891
-0.0088323
-0.0089277
-0.0090425
-0.0091756
-0.0093266
-0.0094963
-0.00968531
-0.00989501
-0.0101266
-0.0103815
-0.0106612
-0.0109672
-0.0113011
-0.0116605
-0.0120214
-0.0123823
-0.0127567
-0.013159
-0.013597
-0.014077
-0.014602
-0.015176
-0.015804
-0.016488
-0.017231
-0.018037
-0.018909
-0.019852
-0.020869
-0.021966
-0.023145
-0.024411
-0.025772
-0.02723
-0.028792
-0.03047
-0.0322599
-0.0341699
-0.03622
-0.0384001
-0.04073
-0.0432301
-0.0458801
-0.0487199
-0.0517399
-0.05496
-0.0583899
-0.0620501
-0.0659499
-0.0700898
-0.0745199
-0.0792301
-0.08424
-0.0895801
-0.0952702
-0.10132
-0.10776
-0.11461
-0.12191
-0.12968
-0.13794
-0.14673
-0.1561
-0.166059
-0.17664
-0.0076981
-0.0077848
-0.0078888
-0.0080089
-0.0081449
-0.00829749
-0.00846756
-0.00865612
-0.00886449
-0.009094
-0.0093459
-0.0096214
-0.0099213
-0.0102406
-0.010556
-0.010869
-0.011193
-0.01154
-0.011919
-0.012334
-0.012789
-0.013288
-0.013832
-0.014425
-0.015071
-0.01577
-0.016529
-0.0173481
-0.018234
-0.019186
-0.020212
-0.021315
-0.022499
-0.02377
-0.025135
-0.02659
-0.0281401
-0.0298101
-0.03159
-0.0335
-0.03553
-0.0376999
-0.04002
-0.04248
-0.04512
-0.04793
-0.05092
-0.0541101
-0.0575001
-0.06112
-0.06498
-0.0690699
-0.0734398
-0.0781002
-0.0830498
-0.0883203
-0.0939398
-0.0999103
-0.10627
-0.11303
-0.12024
-0.1279
-0.13605
-0.144731
-0.15396
-0.0065454
-0.0066226
-0.00671434
-0.00681966
-0.00693874
-0.00707204
-0.00722043
-0.00738504
-0.007567
-0.0077676
-0.0079878
-0.0082287
-0.0084902
-0.0087662
-0.0090349
-0.0092991
-0.009573
-0.009866
-0.010186
-0.010536
-0.010921
-0.011342
-0.011803
-0.012306
-0.012852
-0.013447
-0.01409
-0.014786
-0.015536
-0.016346
-0.017217
-0.018154
-0.019159
-0.020238
-0.02139
-0.02263
-0.02396
-0.02538
-0.02689
-0.02851
-0.0302401
-0.0320801
-0.03405
-0.03615
-0.0383801
-0.0407701
-0.0433099
-0.04602
-0.0489099
-0.05199
-0.0552599
-0.0587502
-0.0624704
-0.0664196
-0.0706301
-0.07512
-0.0798802
-0.08497
-0.0903702
-0.0961199
-0.10224
-0.10876
-0.11569
-0.12306
-0.13091
-0.00537706
-0.00544363
-0.00552181
-0.00561083
-0.00571095
-0.00582287
-0.0059474
-0.0060855
-0.0062382
-0.0064067
-0.0065919
-0.0067943
-0.0070137
-0.0072434
-0.0074642
-0.007681
-0.00790401
-0.00814299
-0.008403
-0.00869
-0.009005
-0.00935
-0.009727
-0.010138
-0.010587
-0.011073
-0.011601
-0.012171
-0.012788
-0.013452
-0.014167
-0.014935
-0.015761
-0.016647
-0.0175999
-0.01861
-0.0196999
-0.02086
-0.02211
-0.02344
-0.02486
-0.0263699
-0.02799
-0.0297101
-0.0315499
-0.03351
-0.0356002
-0.0378299
-0.0402
-0.0427201
-0.0454102
-0.04828
-0.0513296
-0.0545802
-0.0580301
-0.0617099
-0.06564
-0.0697999
-0.0742497
-0.07897
-0.0840001
-0.0893502
-0.0950394
-0.1011
-0.10754
-0.0041956
-0.00425078
-0.00431394
-0.00438499
-0.00446446
-0.0045531
-0.0046517
-0.0047612
-0.0048825
-0.0050162
-0.0051633
-0.0053243
-0.0054984
-0.0056794
-0.0058517
-0.00601999
-0.006193
-0.006378
-0.00658101
-0.006804
-0.00704801
-0.00731599
-0.00760999
-0.00793099
-0.00828001
-0.00865901
-0.00907001
-0.00951499
-0.00999403
-0.0105121
-0.01107
-0.01167
-0.012314
-0.013004
-0.0137401
-0.01454
-0.01539
-0.0163
-0.01727
-0.0183001
-0.01941
-0.0205901
-0.0218499
-0.0232
-0.0246301
-0.02616
-0.0277898
-0.02952
-0.0313799
-0.03335
-0.03545
-0.0376799
-0.04006
-0.0426002
-0.0453
-0.0481701
-0.0512199
-0.0544801
-0.05794
-0.0616302
-0.0655503
-0.0697198
-0.0741606
-0.0788794
-0.0839205
-0.0030041
-0.00304654
-0.00309318
-0.00314481
-0.00320225
-0.0032662
-0.0033376
-0.0034168
-0.0035046
-0.0036017
-0.0037086
-0.0038253
-0.0039516
-0.0040822
-0.0042054
-0.004326
-0.00444899
-0.004582
-0.00472699
-0.00488499
-0.00506
-0.005252
-0.00546199
-0.00569102
-0.005941
-0.006212
-0.00650597
-0.00682402
-0.00716901
-0.00753897
-0.00793797
-0.008367
-0.00882804
-0.009323
-0.00985003
-0.0104201
-0.01103
-0.01168
-0.01237
-0.0131199
-0.0139099
-0.01476
-0.01566
-0.0166199
-0.0176599
-0.01875
-0.0199101
-0.0211601
-0.02248
-0.02389
-0.0253999
-0.027
-0.0287004
-0.0305099
-0.0324497
-0.0345001
-0.0366898
-0.0390201
-0.0415001
-0.0441399
-0.0469398
-0.0499301
-0.0530996
-0.0564899
-0.0600796
-0.00180536
-0.00183312
-0.00186176
-0.00189291
-0.0019275
-0.0019662
-0.0020092
-0.0020573
-0.0021105
-0.0021694
-0.0022342
-0.00230519
-0.0023819
-0.0024609
-0.002536
-0.002607
-0.002682
-0.00276101
-0.002848
-0.00294301
-0.00304899
-0.00316402
-0.00329003
-0.00342798
-0.00357801
-0.00374201
-0.00391805
-0.00410998
-0.00431699
-0.00454003
-0.00478101
-0.00503898
-0.00531596
-0.00561398
-0.00593996
-0.00627995
-0.00664008
-0.00703001
-0.00744998
-0.00788999
-0.00837004
-0.0088799
-0.00943017
-0.01001
-0.0106199
-0.0112801
-0.0119901
-0.0127299
-0.01353
-0.01438
-0.01527
-0.0162401
-0.0172696
-0.0183597
-0.0195103
-0.02075
-0.0220699
-0.0234599
-0.02495
-0.0265298
-0.0282197
-0.0300102
-0.0319204
-0.0339508
-0.0361004
-0.000602275
-0.00061222
-0.00062202
-0.0006326
-0.000644301
-0.000657301
-0.000671901
-0.000688098
-0.0007062
-0.0007261
-0.000748098
-0.000772104
-0.000798002
-0.000824802
-0.000849999
-0.000873998
-0.000899002
-0.000927001
-0.000955001
-0.000987992
-0.00102299
-0.00106198
-0.00110498
-0.00115201
-0.00120199
-0.001257
-0.00131696
-0.00138104
-0.00145102
-0.001526
-0.00160599
-0.00169402
-0.00178802
-0.00188702
-0.00198996
-0.00211
-0.00222993
-0.00237
-0.00251007
-0.00266004
-0.00281
-0.00299001
-0.00316
-0.00336003
-0.00357008
-0.0037899
-0.00401998
-0.00427008
-0.00454021
-0.00481987
-0.00513005
-0.00545001
-0.00578022
-0.00615025
-0.00653982
-0.0069499
-0.00738001
-0.00785017
-0.00833988
-0.00887012
-0.00943041
-0.0100198
-0.0106592
-0.0113297
-0.0120497
0.000602275
0.00061172
0.000621
0.000631
0.000642201
0.000654601
0.0006686
0.000684299
0.000701699
0.0007209
0.000742201
0.000765406
0.000790507
0.000816397
0.000840999
0.000863999
0.000888005
0.000914007
0.000940993
0.000971988
0.00100699
0.00104398
0.00108498
0.001131
0.00117898
0.00123301
0.00128996
0.00135201
0.00142103
0.00149304
0.001571
0.00165701
0.00174797
0.001845
0.00194991
0.00205994
0.00217998
0.00232005
0.00244999
0.00259995
0.00275004
0.00291991
0.00310016
0.00328994
0.00349998
0.00372005
0.00395012
0.00418997
0.00447011
0.00474
0.00504994
0.00537014
0.00570011
0.00608015
0.00646019
0.00687027
0.00731993
0.00778008
0.0082798
0.00881004
0.00938034
0.00999022
0.0106297
0.0113201
0.0120497
0.00180536
0.00183261
0.00186074
0.00189142
0.0019254
0.0019636
0.0020061
0.0020534
0.002106
0.0021643
0.0022284
0.0022987
0.0023746
0.0024527
0.002526
0.002597
0.00266999
0.002749
0.00283501
0.002929
0.003032
0.00314602
0.00327101
0.003407
0.00355601
0.00371701
0.003892
0.00408202
0.00428599
0.00450701
0.00474596
0.00500101
0.00527602
0.00557101
0.00589001
0.00623
0.00659001
0.00697994
0.00740004
0.00784004
0.00830996
0.00882006
0.00935984
0.00994015
0.01055
0.01121
0.01191
0.01266
0.0134499
0.0142999
0.0152001
0.01616
0.01719
0.01827
0.0194397
0.02068
0.0219898
0.0234003
0.0249
0.0264897
0.0281796
0.0299697
0.0318899
0.0339403
0.0361004
0.0030041
0.00304605
0.00309219
0.0031433
0.00320024
0.0032637
0.0033344
0.0034131
0.0035003
0.0035967
0.0037029
0.0038189
0.0039444
0.0040741
0.0041967
0.004315
0.00443801
0.00456899
0.004712
0.00487001
0.005044
0.005234
0.00544199
0.00567001
0.005918
0.00618699
0.00648004
0.006796
0.00713801
0.00750697
0.00790304
0.008331
0.00879002
0.00928199
0.00980008
0.01038
0.01098
0.01162
0.01232
0.01306
0.0138501
0.0146999
0.0155902
0.0165498
0.01758
0.0186701
0.01984
0.02108
0.0224001
0.0238101
0.02531
0.0269198
0.0286198
0.0304399
0.0323701
0.03443
0.0366201
0.03895
0.04143
0.0440803
0.0469003
0.04989
0.0530806
0.0564699
0.0600796
0.0041956
0.00425029
0.00431296
0.00438351
0.00446246
0.0045505
0.0046486
0.0047575
0.0048782
0.0050113
0.0051578
0.005318
0.0054913
0.00567149
0.0058429
0.00601
0.006182
0.006366
0.006568
0.006789
0.00703201
0.00729898
0.00759199
0.00790998
0.008257
0.00863501
0.00904399
0.00948697
0.009965
0.01048
0.011036
0.011633
0.012274
0.012963
0.0137099
0.01449
0.01534
0.01625
0.01721
0.01824
0.0193499
0.0205301
0.02179
0.0231402
0.02457
0.0260899
0.02771
0.0294502
0.0313001
0.0332799
0.0353799
0.0376101
0.0399904
0.0425301
0.0452299
0.0481
0.0511599
0.05442
0.0578899
0.0615702
0.0654998
0.0696902
0.0741396
0.0788698
0.0839205
0.00537706
0.00544322
0.00552086
0.00560939
0.00570901
0.0058204
0.0059444
0.0060819
0.0062341
0.006402
0.0065865
0.0067882
0.007007
0.0072358
0.0074556
0.00767101
0.007893
0.00813101
0.00839099
0.00867599
0.00898899
0.00933301
0.00970802
0.010118
0.010565
0.01105
0.011576
0.012144
0.012758
0.01342
0.014133
0.014899
0.015722
0.016605
0.0175501
0.0185701
0.01965
0.0208099
0.0220499
0.02338
0.0248001
0.02631
0.0279199
0.02964
0.0314798
0.0334401
0.0355301
0.0377498
0.0401199
0.04264
0.04533
0.0482001
0.05125
0.0545001
0.05796
0.0616398
0.0655699
0.0697398
0.0741901
0.0789199
0.08395
0.0893097
0.0950203
0.10108
0.10754
0.0065454
0.0066221
0.0067134
0.00681828
0.00693686
0.00706967
0.00721756
0.00738171
0.0075631
0.0077631
0.0079827
0.008223
0.0084838
0.0087589
0.0090267
0.0092906
0.009562
0.009855
0.010173
0.010522
0.010905
0.011325
0.011785
0.012287
0.012832
0.013423
0.014065
0.014758
0.0155081
0.016315
0.017184
0.018118
0.019122
0.020198
0.0213499
0.0225799
0.02391
0.0253201
0.0268401
0.02846
0.03018
0.03202
0.03399
0.0360799
0.0383101
0.0407
0.0432401
0.0459502
0.04884
0.0519099
0.0551901
0.0586698
0.0623899
0.06634
0.07056
0.0750499
0.0798101
0.0848999
0.0903101
0.0960698
0.1022
0.10872
0.11566
0.12305
0.13091
0.0076981
0.0077843
0.0078879
0.0080075
0.00814313
0.00829523
0.00846481
0.00865287
0.00886068
0.0090896
0.009341
0.0096159
0.0099152
0.0102339
0.0105484
0.0108603
0.011184
0.011529
0.011906
0.012321
0.012774
0.013272
0.013814
0.014405
0.015049
0.015748
0.016504
0.017323
0.018204
0.019156
0.02018
0.02128
0.022462
0.02373
0.025088
0.0265501
0.0281
0.02977
0.0315399
0.03344
0.03547
0.03764
0.03995
0.0424201
0.0450602
0.0478599
0.0508499
0.0540299
0.05743
0.0610502
0.0648899
0.069
0.07337
0.0780301
0.0829802
0.0882502
0.0938702
0.0998502
0.10621
0.11299
0.1202
0.12787
0.13603
0.14472
0.15396
0.0088323
0.0089273
0.0090417
0.0091743
0.0093249
0.0094941
0.00968273
0.00989193
0.010123
0.0103775
0.0106567
0.0109622
0.0112954
0.0116541
0.0120141
0.0123741
0.0127475
0.013149
0.013586
0.014063
0.014588
0.015161
0.015787
0.01647
0.017211
0.018015
0.018885
0.019826
0.020842
0.021936
0.023112
0.024377
0.025735
0.027191
0.028752
0.0304199
0.03221
0.03412
0.03617
0.03835
0.0406799
0.04317
0.04583
0.0486598
0.0516698
0.0548899
0.05832
0.06198
0.06587
0.07002
0.07445
0.0791602
0.0841699
0.08951
0.09519
0.10125
0.1077
0.11455
0.12185
0.12962
0.13789
0.1467
0.15607
0.16604
0.17664
0.0099451
0.010048
0.010172
0.0103159
0.0104794
0.0106633
0.0108683
0.0110956
0.0113466
0.0116228
0.0119257
0.0122573
0.0126201
0.013015
0.0134185
0.0138259
0.0142506
0.0147059
0.015202
0.015746
0.01634
0.016989
0.017699
0.01847
0.019308
0.020217
0.021201
0.022264
0.02341
0.024644
0.025972
0.027399
0.02893
0.030572
0.032331
0.0342101
0.03623
0.03838
0.0406901
0.0431499
0.04577
0.04857
0.0515599
0.0547501
0.0581601
0.0617802
0.06565
0.0697701
0.0741599
0.07883
0.0838099
0.0891099
0.0947602
0.10077
0.10718
0.11399
0.12125
0.12898
0.1372
0.14595
0.15527
0.16518
0.17573
0.18695
0.19891
0.011034
0.011144
0.0112762
0.0114294
0.0116039
0.0118
0.0120186
0.0122611
0.0125285
0.0128226
0.0131451
0.0134981
0.0138854
0.0143121
0.014757
0.015211
0.0156862
0.0161966
0.016752
0.017359
0.018024
0.01875
0.019541
0.020402
0.021336
0.022349
0.023444
0.024626
0.025902
0.027275
0.028751
0.030337
0.032039
0.033864
0.035818
0.037913
0.04015
0.04255
0.0451
0.0478301
0.05075
0.0538601
0.05718
0.06072
0.0644901
0.0685198
0.0728099
0.0773799
0.0822401
0.08744
0.0929601
0.09885
0.10512
0.11179
0.11889
0.12646
0.13451
0.14308
0.15221
0.16192
0.17225
0.18325
0.19496
0.20743
0.22068
0.0120964
0.0122123
0.0123513
0.0125125
0.0126957
0.0129017
0.0131313
0.0133856
0.0136662
0.0139744
0.0143122
0.014682
0.0150889
0.0155428
0.0160262
0.0165256
0.0170507
0.0176156
0.0182308
0.018903
0.019636
0.020438
0.02131
0.022258
0.023289
0.024403
0.025608
0.026909
0.02831
0.029819
0.031442
0.033185
0.035053
0.037057
0.039203
0.041499
0.04396
0.0465801
0.0493799
0.05238
0.05558
0.05899
0.0626299
0.0665201
0.0706599
0.0750802
0.0797801
0.08479
0.0901399
0.09582
0.10188
0.10833
0.1152
0.12252
0.13032
0.13861
0.14744
0.15684
0.16684
0.1775
0.18883
0.2009
0.21373
0.22739
0.24192
0.0131295
0.0132507
0.0133952
0.0135624
0.0137525
0.013966
0.0142039
0.0144674
0.0147576
0.0150762
0.0154252
0.0158073
0.0162289
0.0167052
0.0172239
0.0177668
0.0183411
0.0189599
0.0196334
0.0203685
0.021173
0.022047
0.023001
0.024037
0.025159
0.026374
0.027688
0.029104
0.030631
0.032273
0.034039
0.035933
0.037966
0.040143
0.042476
0.044973
0.047638
0.0504899
0.05355
0.0568
0.06027
0.06398
0.06794
0.07215
0.07665
0.08144
0.08655
0.09199
0.09779
0.10397
0.11055
0.11756
0.12502
0.13296
0.14141
0.15042
0.16001
0.17021
0.18108
0.19263
0.20495
0.21803
0.23197
0.2468
0.262589
0.014131
0.0142563
0.0144051
0.0145769
0.0147718
0.0149907
0.0152345
0.015504
0.0158009
0.0161265
0.0164827
0.016873
0.0173045
0.0177982
0.0183487
0.0189329
0.0195551
0.020227
0.0209584
0.0217568
0.0226274
0.023577
0.024609
0.02573
0.026944
0.028259
0.029677
0.031208
0.032855
0.034628
0.036532
0.038576
0.040768
0.043117
0.045631
0.048321
0.051197
0.05427
0.0575501
0.06106
0.06481
0.0688
0.07306
0.0776
0.08244
0.0876
0.0930998
0.0989699
0.1052
0.11185
0.11894
0.12648
0.13451
0.14307
0.15218
0.16187
0.17218
0.18318
0.19486
0.20732
0.22055
0.23466
0.24967
0.26563
0.28262
0.0150988
0.0152268
0.015379
0.0155538
0.015752
0.0159741
0.016221
0.0164943
0.0167948
0.017124
0.0174841
0.0178784
0.0183157
0.0188221
0.0194002
0.0200232
0.0206914
0.021415
0.0222033
0.0230634
0.0240013
0.0250229
0.026133
0.027337
0.028641
0.030051
0.031573
0.033214
0.034981
0.03688
0.038919
0.041109
0.043455
0.0459689
0.04866
0.051538
0.054615
0.057908
0.06142
0.06516
0.06917
0.07344
0.0779901
0.08285
0.08802
0.09354
0.0994201
0.10568
0.11236
0.11947
0.12703
0.13509
0.14368
0.15282
0.16255
0.17291
0.18395
0.19568
0.20818
0.22148
0.23565
0.25071
0.26674
0.28381
0.30198
0.016029
0.016161
0.016314
0.01649
0.016689
0.016913
0.0171618
0.0174367
0.0177383
0.0180686
0.018429
0.0188239
0.0192626
0.019777
0.0203786
0.0210375
0.0217498
0.0225234
0.023367
0.0242873
0.0252904
0.026382
0.027567
0.028853
0.030245
0.031748
0.033371
0.035119
0.037
0.039023
0.041194
0.043523
0.04602
0.048693
0.051554
0.054614
0.057886
0.061381
0.065111
0.0691
0.0733399
0.07788
0.0827199
0.08788
0.09338
0.0992399
0.10548
0.11214
0.11923
0.12677
0.13482
0.14338
0.1525
0.1622
0.17254
0.18354
0.19525
0.20772
0.22099
0.23511
0.25015
0.26615
0.28318
0.30131
0.32059
0.016923
0.017054
0.017208
0.017384
0.017585
0.017808
0.018057
0.01833
0.01863
0.018958
0.0193176
0.0197097
0.0201469
0.0206646
0.0212854
0.0219765
0.0227303
0.0235521
0.024449
0.0254278
0.0264942
0.0276541
0.0289135
0.030278
0.031754
0.033349
0.035068
0.03692
0.038913
0.041053
0.043352
0.045816
0.048456
0.051284
0.054309
0.057545
0.061002
0.064696
0.06864
0.07285
0.07735
0.08214
0.08725
0.09269
0.09851
0.10469
0.11129
0.11831
0.12579
0.13377
0.14226
0.1513
0.16093
0.17118
0.18209
0.19371
0.20608
0.21925
0.23326
0.24818
0.26405
0.28096
0.29894
0.31808
0.33844
0.017773
0.017906
0.01806
0.018236
0.018434
0.018656
0.018902
0.019173
0.019471
0.019795
0.020148
0.020536
0.020968
0.0214863
0.0221211
0.0228416
0.023634
0.0245014
0.0254497
0.0264847
0.0276122
0.0288379
0.0301681
0.0316084
0.0331665
0.034848
0.036662
0.038614
0.040713
0.042968
0.045388
0.047982
0.050762
0.053736
0.05692
0.060322
0.063959
0.067843
0.07199
0.0764199
0.08114
0.0861801
0.09154
0.0972799
0.10337
0.10988
0.11681
0.1242
0.13207
0.14044
0.14936
0.15886
0.16897
0.17974
0.19121
0.20342
0.21641
0.23024
0.24497
0.26064
0.27732
0.29507
0.31397
0.33407
0.35548
0.018583
0.018715
0.018867
0.019041
0.019237
0.019456
0.019698
0.019966
0.020258
0.020578
0.020925
0.021305
0.021729
0.022243
0.02289
0.023634
0.0244623
0.0253727
0.0263697
0.0274584
0.0286443
0.0299334
0.0313316
0.0328454
0.0344817
0.0362476
0.03815
0.040198
0.0424
0.044764
0.0473
0.050018
0.052929
0.056046
0.059378
0.062941
0.066748
0.070814
0.075155
0.079786
0.084725
0.0899899
0.09562
0.1016
0.108
0.1148
0.12205
0.12976
0.13799
0.14676
0.15608
0.16602
0.1766
0.18787
0.19985
0.21262
0.22621
0.24067
0.25607
0.27246
0.28991
0.30847
0.32824
0.34928
0.37166
0.019347
0.019477
0.019628
0.019799
0.019992
0.020207
0.020445
0.020706
0.020993
0.021304
0.021644
0.022015
0.022431
0.022938
0.023591
0.024357
0.025217
0.0261674
0.0272107
0.0283499
0.0295915
0.0309406
0.0324036
0.0339872
0.035698
0.0375437
0.0395323
0.041671
0.04397
0.046438
0.049084
0.05192
0.054958
0.058207
0.061683
0.065398
0.069366
0.073603
0.078126
0.082953
0.088102
0.093596
0.09945
0.10569
0.11233
0.11943
0.12697
0.13502
0.14359
0.15271
0.16243
0.17278
0.18379
0.19552
0.20801
0.22131
0.23546
0.25053
0.26657
0.28363
0.3018
0.32114
0.34172
0.36362
0.38694
0.020065
0.020194
0.02034
0.020508
0.020696
0.020907
0.02114
0.021396
0.021674
0.021979
0.022309
0.02267
0.023074
0.023573
0.024228
0.025012
0.0259
0.026888
0.027973
0.0291602
0.0304543
0.0318604
0.0333848
0.0350342
0.0368158
0.0387371
0.0408061
0.0430319
0.045422
0.047988
0.050739
0.053687
0.056842
0.060218
0.063827
0.067685
0.071805
0.076205
0.0809
0.085911
0.091255
0.096954
0.103028
0.10951
0.11641
0.12376
0.1316
0.13994
0.14883
0.15829
0.16838
0.17911
0.19054
0.20271
0.21567
0.22945
0.24413
0.25977
0.2764
0.29412
0.31296
0.33303
0.35437
0.3771
0.40129
0.020734
0.02086
0.021004
0.021168
0.021352
0.021556
0.021783
0.022031
0.022303
0.022598
0.022919
0.023269
0.023661
0.02415
0.024804
0.0256
0.026515
0.027535
0.02866
0.029892
0.0312344
0.0326937
0.0342758
0.035987
0.0378349
0.0398272
0.0419722
0.0442785
0.0467555
0.049413
0.052263
0.055314
0.058581
0.062075
0.065811
0.069801
0.074065
0.078615
0.083472
0.088653
0.09418
0.100073
0.106355
0.113048
0.120187
0.12778
0.13589
0.14452
0.1537
0.16349
0.17391
0.185
0.19682
0.2094
0.22279
0.23705
0.25223
0.26837
0.28557
0.30388
0.32336
0.3441
0.36618
0.38967
0.41467
0.021353
0.021476
0.021617
0.021775
0.021954
0.022154
0.022373
0.022615
0.022878
0.023163
0.023474
0.023812
0.024193
0.024668
0.025321
0.026127
0.027062
0.028112
0.029273
0.030546
0.031934
0.033442
0.0350776
0.0368468
0.038756
0.0408144
0.0430299
0.0454116
0.0479691
0.0507126
0.0536525
0.056802
0.060171
0.063775
0.067627
0.071743
0.076137
0.08083
0.085836
0.091176
0.096872
0.102945
0.109418
0.116318
0.12367
0.131508
0.13984
0.14873
0.1582
0.16829
0.17902
0.19046
0.20263
0.21558
0.22937
0.24406
0.25969
0.27634
0.29406
0.31291
0.33299
0.35435
0.37709
0.4013
0.42706
0.02192
0.02204
0.022176
0.022331
0.022504
0.022697
0.02291
0.023143
0.023398
0.023675
0.023974
0.024303
0.024669
0.025133
0.025779
0.026592
0.027545
0.028621
0.029814
0.031124
0.032553
0.034108
0.035791
0.037613
0.0395801
0.041699
0.0439798
0.046431
0.0490624
0.0518847
0.0549088
0.0581469
0.0616117
0.065317
0.069276
0.073506
0.078023
0.082843
0.087987
0.093474
0.099325
0.105563
0.112213
0.1193
0.126851
0.134896
0.143469
0.152599
0.16232
0.17267
0.18369
0.19543
0.20793
0.22124
0.23541
0.25049
0.26655
0.28364
0.30182
0.32119
0.3418
0.36374
0.3871
0.41196
0.43842
0.022436
0.022552
0.022683
0.022832
0.023
0.023186
0.023393
0.023619
0.023865
0.024133
0.024422
0.024737
0.025093
0.025542
0.026181
0.026998
0.027966
0.029065
0.030287
0.031629
0.033096
0.03469
0.03642
0.038289
0.040307
0.042482
0.0448217
0.047337
0.0500355
0.0529296
0.0560302
0.0593496
0.0629008
0.0666974
0.0707551
0.075089
0.079716
0.084654
0.089923
0.095543
0.101535
0.107924
0.114733
0.12199
0.129722
0.137959
0.146734
0.15608
0.166032
0.17663
0.18792
0.19994
0.21273
0.22636
0.24086
0.2563
0.27274
0.29023
0.30887
0.32869
0.3498
0.37227
0.39617
0.42162
0.44872
0.022897
0.023008
0.023136
0.023279
0.023441
0.023622
0.023821
0.02404
0.024278
0.024535
0.024815
0.02512
0.025463
0.0259
0.02653
0.027348
0.028327
0.029446
0.030692
0.032064
0.033563
0.035194
0.036963
0.038876
0.04094
0.043165
0.045558
0.048128
0.0508885
0.0538471
0.0570164
0.0604088
0.0640377
0.0679172
0.0720624
0.0764892
0.0812153
0.086259
0.09164
0.097379
0.103498
0.110022
0.116975
0.124384
0.132278
0.140688
0.149647
0.159189
0.16935
0.180171
0.191698
0.203961
0.21703
0.23093
0.24574
0.2615
0.27828
0.29615
0.31516
0.3354
0.35694
0.37987
0.4043
0.43028
0.45793
0.023303
0.02341
0.023532
0.023672
0.023828
0.024002
0.024194
0.024405
0.024635
0.024885
0.025155
0.02545
0.02578
0.026205
0.026826
0.027643
0.028631
0.029764
0.031031
0.032429
0.033957
0.03562
0.037422
0.039373
0.041479
0.043747
0.046188
0.048809
0.051622
0.054637
0.0578671
0.0613247
0.0650216
0.0689739
0.0731966
0.0777062
0.0825199
0.0876572
0.093137
0.098981
0.105212
0.111854
0.118934
0.126477
0.134514
0.143077
0.152197
0.16191
0.172255
0.183272
0.195002
0.207492
0.220789
0.234947
0.25002
0.26607
0.28315
0.30133
0.32069
0.34129
0.36323
0.38658
0.41143
0.43789
0.46605
0.023652
0.023756
0.023873
0.024006
0.024157
0.024326
0.024512
0.024716
0.024939
0.02518
0.025441
0.025725
0.026046
0.026458
0.02707
0.027885
0.028878
0.030024
0.031309
0.032726
0.034279
0.035969
0.037802
0.039785
0.041926
0.044232
0.046712
0.049377
0.052236
0.055301
0.058583
0.062095
0.0658522
0.0698675
0.0741569
0.0787378
0.0836272
0.0888443
0.0944096
0.100345
0.106673
0.113417
0.120605
0.128265
0.136427
0.14512
0.15438
0.164243
0.174746
0.185931
0.19784
0.21052
0.224022
0.238395
0.2537
0.269988
0.287329
0.30579
0.32545
0.34638
0.36864
0.39235
0.41759
0.44445
0.47305
0.023945
0.024043
0.024156
0.024285
0.024431
0.024593
0.024774
0.024972
0.025187
0.02542
0.025674
0.02595
0.026261
0.026662
0.027263
0.028074
0.029071
0.030227
0.031525
0.03296
0.034531
0.036243
0.038102
0.040112
0.042281
0.044619
0.047133
0.049834
0.052731
0.055838
0.059164
0.062723
0.066529
0.070598
0.074944
0.0795838
0.0845366
0.0898215
0.0954584
0.101469
0.107878
0.114709
0.121989
0.129746
0.13801
0.146814
0.156192
0.166179
0.176815
0.18814
0.2002
0.213042
0.226713
0.241269
0.256766
0.273262
0.290825
0.309526
0.329419
0.350607
0.37317
0.39718
0.42273
0.44994
0.4789
0.02418
0.024274
0.024383
0.024507
0.024647
0.024805
0.024979
0.02517
0.025379
0.025607
0.025852
0.026121
0.026423
0.026814
0.027406
0.028214
0.029211
0.030373
0.031682
0.03313
0.034717
0.036446
0.038324
0.040355
0.042548
0.04491
0.047452
0.050181
0.05311
0.056248
0.05961
0.063207
0.067054
0.071163
0.075554
0.080243
0.085247
0.090585
0.09628
0.102353
0.108827
0.115727
0.123081
0.130917
0.139264
0.148157
0.157628
0.167716
0.178459
0.1899
0.202081
0.21505
0.22886
0.243562
0.259213
0.275877
0.293616
0.312501
0.332606
0.354006
0.376788
0.401038
0.426855
0.45434
0.483595
0.024356
0.024447
0.02455
0.02467
0.024806
0.024958
0.025128
0.025315
0.025518
0.025738
0.025978
0.026239
0.026534
0.026917
0.027501
0.028302
0.029301
0.030466
0.03178
0.033237
0.034835
0.036578
0.038468
0.040515
0.042726
0.045107
0.047668
0.05042
0.053372
0.056536
0.059923
0.063548
0.067424
0.071567
0.075992
0.080716
0.085758
0.091138
0.096876
0.102994
0.109518
0.11647
0.12388
0.131774
0.140186
0.149145
0.158689
0.168852
0.179676
0.191201
0.203474
0.216542
0.230455
0.245268
0.261039
0.277828
0.295702
0.31473
0.334985
0.356549
0.379505
0.403943
0.429958
0.457652
0.487134
0.024475
0.02456
0.02466
0.024775
0.024906
0.025055
0.025219
0.025401
0.0256
0.025816
0.02605
0.026306
0.026595
0.02697
0.027547
0.028343
0.029339
0.030505
0.031823
0.033284
0.034888
0.036638
0.038539
0.040596
0.042816
0.04521
0.047784
0.05055
0.053517
0.056697
0.060103
0.063746
0.067642
0.071806
0.076254
0.081002
0.08607
0.091478
0.097245
0.103395
0.10995
0.116939
0.124385
0.13232
0.140773
0.149778
0.159369
0.169584
0.180462
0.192047
0.204382
0.217515
0.231498
0.246386
0.262236
0.279111
0.297075
0.316199
0.336559
0.358234
0.381308
0.405871
0.432021
0.459859
0.489494
0.024534
0.024615
0.02471
0.024821
0.02495
0.025093
0.025255
0.025433
0.025627
0.025839
0.026069
0.02632
0.026604
0.026974
0.027544
0.028336
0.029328
0.030493
0.03181
0.033273
0.034879
0.036631
0.038535
0.040596
0.042822
0.045221
0.047802
0.050574
0.053548
0.056736
0.060149
0.063803
0.067709
0.071883
0.076342
0.081103
0.086184
0.091604
0.097386
0.103552
0.110125
0.117131
0.124596
0.132552
0.141027
0.150055
0.15967
0.169911
0.180818
0.192431
0.204798
0.217966
0.231985
0.246912
0.262804
0.279722
0.297734
0.316911
0.337325
0.359057
0.382193
0.406824
0.433044
0.460959
0.490677
0.024534
0.024611
0.024703
0.024811
0.024934
0.025076
0.025233
0.025407
0.025599
0.025808
0.026034
0.026282
0.026562
0.026928
0.027494
0.02828
0.029268
0.030428
0.031743
0.033202
0.034806
0.036556
0.038458
0.040518
0.042742
0.045139
0.047719
0.05049
0.053464
0.056651
0.060065
0.063718
0.067624
0.071799
0.0762571
0.081017
0.086099
0.09152
0.097303
0.103468
0.110042
0.117047
0.124515
0.132469
0.140945
0.149974
0.159591
0.169834
0.180741
0.192357
0.204725
0.217895
0.231918
0.246847
0.262741
0.279664
0.29768
0.316859
0.337278
0.359016
0.382158
0.406796
0.433025
0.460948
0.490677
0.024474
0.024548
0.024636
0.02474
0.024861
0.024999
0.025154
0.025326
0.025515
0.025721
0.025946
0.026192
0.026471
0.026834
0.027396
0.028178
0.02916
0.030315
0.031622
0.033075
0.034671
0.036415
0.038309
0.040361
0.042579
0.044968
0.047539
0.050303
0.053268
0.056447
0.059851
0.063493
0.067388
0.071551
0.075999
0.080749
0.085816
0.091225
0.096992
0.103143
0.1097
0.11669
0.124138
0.132076
0.140532
0.149539
0.159134
0.169353
0.180235
0.191824
0.204165
0.217304
0.231294
0.24619
0.262051
0.278938
0.296909
0.316044
0.336418
0.358111
0.381208
0.405788
0.431967
0.459832
0.489493
0.024357
0.024425
0.02451
0.024612
0.02473
0.024866
0.025019
0.025189
0.025377
0.025582
0.025805
0.026051
0.026328
0.026692
0.027252
0.028028
0.029004
0.030149
0.031447
0.0328889
0.034475
0.036206
0.038088
0.040127
0.04233
0.044707
0.047263
0.05001
0.052959
0.056119
0.059505
0.063128
0.067004
0.071146
0.07557
0.080294
0.085338
0.090718
0.096458
0.102578
0.109104
0.11606
0.123472
0.13137
0.139785
0.14875
0.158299
0.16847
0.179301
0.190836
0.203115
0.216193
0.230116
0.244944
0.26073
0.27753
0.29543
0.31448
0.33476
0.35635
0.37933
0.40381
0.42986
0.4576
0.48713
0.0241801
0.024245
0.024327
0.024425
0.024542
0.024675
0.024826
0.024996
0.025182
0.025387
0.025612
0.025857
0.026136
0.0265
0.02706
0.027833
0.0288
0.029935
0.03122
0.032648
0.034217
0.035932
0.037797
0.039817
0.0420009
0.044355
0.04689
0.049614
0.052537
0.055673
0.059031
0.062626
0.066471
0.07058
0.074971
0.0796601
0.084664
0.090004
0.095701
0.101776
0.108253
0.115157
0.122515
0.130354
0.138709
0.14761
0.157091
0.16718
0.17794
0.18939
0.20158
0.21457
0.22839
0.24311
0.25878
0.27547
0.29324
0.31215
0.33229
0.35373
0.37656
0.40085
0.42672
0.45427
0.4836
0.023945
0.024007
0.024084
0.024181
0.024295
0.024428
0.024579
0.024747
0.024935
0.02514
0.025365
0.025613
0.025895
0.026261
0.026821
0.02759
0.028548
0.02967
0.030939
0.032348
0.033899
0.035592
0.037433
0.03943
0.0415871
0.043915
0.046421
0.049114
0.052006
0.055107
0.05843
0.061986
0.06579
0.069858
0.074203
0.078843
0.083797
0.089084
0.094722
0.100741
0.107147
0.113982
0.121268
0.12904
0.13731
0.14612
0.1555
0.16551
0.17615
0.18749
0.19957
0.21243
0.22612
0.2407
0.25622
0.27275
0.29034
0.30908
0.32902
0.35026
0.37286
0.39694
0.42257
0.44985
0.4789
0.023652
0.02371
0.0237859
0.02388
0.023993
0.024124
0.024274
0.024444
0.024632
0.024839
0.025066
0.025317
0.025602
0.025974
0.026536
0.027302
0.028249
0.029355
0.030604
0.031992
0.033518
0.035185
0.036999
0.038966
0.041092
0.043385
0.045856
0.048512
0.051364
0.054423
0.0577
0.06121
0.064964
0.068977
0.073267
0.077848
0.082741
0.0879599
0.093522
0.09946
0.1058
0.11255
0.11975
0.12741
0.13558
0.14428
0.15356
0.16343
0.17395
0.18515
0.19708
0.20978
0.22331
0.23771
0.25305
0.26937
0.28675
0.30526
0.32497
0.34594
0.36828
0.39206
0.41738
0.44434
0.47305
0.023303
0.023356
0.02343
0.023521
0.023633
0.023764
0.023916
0.024085
0.024275
0.024486
0.024717
0.024972
0.025262
0.025639
0.026205
0.026965
0.027901
0.028989
0.030216
0.031578
0.033076
0.034713
0.036494
0.038425
0.040514
0.042768
0.045196
0.047807
0.050612
0.053621
0.056846
0.060298
0.063993
0.067944
0.072162
0.0766801
0.08149
0.0866301
0.0921201
0.09796
0.1042
0.11085
0.11793
0.12548
0.13353
0.14211
0.15124
0.16097
0.17133
0.18237
0.19413
0.20664
0.21997
0.23416
0.24926
0.26535
0.28248
0.30072
0.32013
0.34081
0.36282
0.38625
0.4112
0.43777
0.46605
0.022897
0.022947
0.023017
0.023108
0.023219
0.02335
0.023501
0.023673
0.023866
0.024079
0.024314
0.024575
0.024872
0.025257
0.025826
0.026582
0.027504
0.02857
0.029773
0.031106
0.032571
0.034173
0.035916
0.037807
0.039853
0.042062
0.044441
0.0470009
0.049751
0.052702
0.055865
0.059253
0.062878
0.066755
0.0709001
0.07532
0.08005
0.0850999
0.09049
0.09623
0.10235
0.10889
0.11585
0.12327
0.13118
0.1396
0.14857
0.15813
0.16832
0.17916
0.1907
0.203
0.21609
0.23003
0.24489
0.2607
0.27753
0.29544
0.31453
0.33484
0.35647
0.37951
0.40403
0.43013
0.45793
0.022435
0.022482
0.02255
0.022639
0.022749
0.02288
0.023033
0.023208
0.023403
0.023621
0.023862
0.024128
0.024433
0.024826
0.025399
0.02615
0.027056
0.0281
0.029273
0.030573
0.032003
0.033565
0.035267
0.037112
0.03911
0.041267
0.043592
0.046094
0.048782
0.051667
0.0547619
0.058075
0.06162
0.06542
0.0694799
0.07381
0.07844
0.08338
0.08865
0.09428
0.10028
0.10667
0.11349
0.12076
0.1285
0.13676
0.14555
0.15492
0.16489
0.17551
0.18683
0.19888
0.21171
0.22538
0.23992
0.25541
0.27191
0.28947
0.30817
0.32808
0.34928
0.37185
0.39588
0.42147
0.44872
0.021921
0.021964
0.022029
0.022116
0.022225
0.022358
0.022512
0.022688
0.022888
0.023111
0.023358
0.023633
0.023946
0.024349
0.024926
0.025669
0.026557
0.027575
0.028716
0.02998
0.03137
0.032889
0.034543
0.036339
0.0382831
0.040383
0.042647
0.045085
0.0477059
0.0505149
0.0535301
0.05677
0.06023
0.0639299
0.06789
0.07212
0.07664
0.08146
0.0866101
0.0921
0.09796
0.10421
0.11087
0.11797
0.12553
0.13359
0.14218
0.15133
0.16107
0.17146
0.18251
0.19428
0.20682
0.22017
0.23438
0.24952
0.26563
0.2828
0.30107
0.32053
0.34124
0.3633
0.38679
0.41179
0.43842
0.021353
0.021392
0.021454
0.021541
0.02165
0.021782
0.021938
0.022118
0.022322
0.022549
0.022803
0.023086
0.02341
0.023823
0.024404
0.025138
0.026005
0.026995
0.028101
0.029326
0.030671
0.032144
0.033747
0.035488
0.0373729
0.039411
0.041613
0.043976
0.04652
0.04926
0.0521899
0.05533
0.0587
0.0623001
0.0661399
0.07026
0.0746601
0.07935
0.08436
0.08972
0.09542
0.1015
0.10798
0.1149
0.12227
0.13011
0.13848
0.14739
0.15688
0.16699
0.17776
0.18922
0.20144
0.21444
0.22829
0.24304
0.25874
0.27546
0.29325
0.3122
0.33239
0.35387
0.37675
0.40112
0.42706
0.020734
0.020768
0.020828
0.020912
0.021021
0.021154
0.0213121
0.021496
0.021704
0.021938
0.022199
0.022491
0.022824
0.023249
0.023831
0.024555
0.0254
0.026357
0.027426
0.028608
0.029907
0.031327
0.032875
0.034557
0.0363801
0.038352
0.04047
0.04277
0.04523
0.0478801
0.05072
0.0537601
0.0570199
0.0605099
0.06426
0.0682499
0.07251
0.07707
0.0819299
0.08711
0.0926499
0.0985501
0.10485
0.11155
0.1187
0.12633
0.13445
0.14309
0.15231
0.16212
0.17258
0.18372
0.19557
0.2082
0.22165
0.23596
0.25121
0.26744
0.28473
0.30314
0.32274
0.34361
0.36582
0.38948
0.41467
0.020065
0.020095
0.020152
0.020235
0.020343
0.020477
0.020637
0.020823
0.021035
0.021277
0.021545
0.021846
0.022191
0.022624
0.023209
0.023919
0.024738
0.025661
0.026688
0.027824
0.029073
0.030439
0.031929
0.033548
0.035308
0.0372
0.03925
0.0414599
0.0438401
0.0463899
0.0491301
0.0520799
0.05523
0.0586001
0.0622001
0.0660601
0.0701799
0.0745901
0.07929
0.0843099
0.08966
0.0953699
0.10145
0.10795
0.11487
0.12224
0.13009
0.13846
0.14738
0.15688
0.16699
0.17777
0.18924
0.20146
0.21447
0.22833
0.24308
0.2588
0.27553
0.29334
0.3123
0.3325
0.35401
0.37691
0.40129
0.019347
0.019373
0.019427
0.0195071
0.019615
0.01975
0.019912
0.020101
0.020318
0.020564
0.020841
0.021152
0.021507
0.021952
0.022533
0.023227
0.024018
0.024904
0.025889
0.026976
0.028171
0.029479
0.030906
0.032461
0.03414
0.03596
0.03794
0.04005
0.0423399
0.04479
0.0474399
0.0502601
0.05329
0.05654
0.06002
0.06373
0.0677
0.0719399
0.07647
0.0813
0.08646
0.0919601
0.0978301
0.10408
0.11075
0.11786
0.12543
0.1335
0.1421
0.15125
0.16101
0.17139
0.18246
0.19424
0.20679
0.22015
0.23438
0.24952
0.26566
0.28283
0.30113
0.3206
0.34134
0.36343
0.38694
0.018582
0.018604
0.018655
0.018733
0.01884
0.018974
0.019137
0.019329
0.019552
0.019803
0.020088
0.020407
0.020773
0.021225
0.021804
0.022479
0.023238
0.024084
0.025023
0.026059
0.027198
0.028446
0.0298041
0.0312899
0.0329
0.0346401
0.03652
0.03855
0.04074
0.04309
0.0456101
0.0483299
0.05124
0.0543499
0.05768
0.06124
0.06505
0.06912
0.07346
0.07811
0.08305
0.08833
0.0939701
0.0999799
0.10638
0.1132
0.12047
0.12823
0.13647
0.14527
0.15463
0.16461
0.17524
0.18656
0.19861
0.21144
0.22511
0.23966
0.25515
0.27166
0.28922
0.30793
0.32786
0.34906
0.37166
0.017774
0.01779
0.017837
0.017914
0.0180179
0.018153
0.018317
0.018512
0.018737
0.018994
0.019285
0.019613
0.019988
0.020448
0.021019
0.021671
0.022397
0.023201
0.024091
0.025074
0.026157
0.0273401
0.0286399
0.03004
0.03157
0.0332299
0.03502
0.03696
0.0390401
0.04129
0.0437
0.04628
0.0490501
0.0520201
0.0552
0.05861
0.06225
0.0661299
0.07029
0.07472
0.0794599
0.0845098
0.08989
0.0956202
0.10175
0.10827
0.11523
0.12263
0.13053
0.13894
0.1479
0.15744
0.1676
0.17842
0.18995
0.20222
0.21529
0.22922
0.24404
0.25982
0.27663
0.29453
0.31358
0.33388
0.35548
0.016922
0.016934
0.016976
0.017049
0.017153
0.017286
0.017451
0.017646
0.017874
0.018137
0.018433
0.018768
0.019152
0.019616
0.020176
0.020803
0.021493
0.022253
0.023092
0.024024
0.0250399
0.02616
0.02738
0.02871
0.0301601
0.0317301
0.03343
0.03526
0.0372399
0.0393699
0.0416499
0.0441101
0.0467499
0.04958
0.0526
0.05584
0.0592999
0.0630001
0.0669401
0.07116
0.07566
0.0804601
0.0855899
0.0910599
0.0968699
0.10309
0.10971
0.11676
0.12427
0.13228
0.1408
0.14989
0.15956
0.16987
0.18084
0.19253
0.20497
0.21822
0.23233
0.24736
0.26337
0.2804
0.29855
0.31786
0.33844
0.01603
0.016036
0.016074
0.016144
0.016244
0.016377
0.01654
0.016737
0.016967
0.017231
0.0175321
0.017874
0.018263
0.018729
0.019275
0.019873
0.020522
0.021237
0.022027
0.02289
0.0238501
0.0249
0.0260501
0.02731
0.02867
0.0301499
0.03175
0.0334901
0.0353501
0.0373601
0.03952
0.04184
0.04433
0.0470001
0.04986
0.05292
0.05619
0.05969
0.0634398
0.06742
0.0716801
0.07623
0.08108
0.0862501
0.0917799
0.0976501
0.10392
0.1106
0.11772
0.1253
0.13338
0.14198
0.15115
0.1609
0.17129
0.18236
0.19416
0.20671
0.22008
0.23431
0.24946
0.26561
0.2828
0.30111
0.32059
0.015099
0.015099
0.015133
0.015198
0.015296
0.015425
0.015588
0.015783
0.016013
0.016279
0.016583
0.016928
0.01732
0.017784
0.018311
0.018877
0.019488
0.0201579
0.02089
0.0217
0.0225899
0.0235801
0.02465
0.02582
0.0271
0.0284901
0.0299901
0.03161
0.03336
0.0352499
0.03729
0.03947
0.04181
0.04431
0.0470099
0.04988
0.05296
0.05625
0.0597701
0.06353
0.0675399
0.07182
0.07639
0.08126
0.0864501
0.09199
0.0978799
0.10417
0.11088
0.11801
0.12562
0.13373
0.14236
0.15155
0.16134
0.17177
0.18287
0.19469
0.20729
0.2207
0.23498
0.25018
0.26637
0.28361
0.30198
0.014131
0.014126
0.014155
0.014216
0.014309
0.014436
0.014594
0.014788
0.015017
0.015283
0.015587
0.015931
0.016325
0.016782
0.0172859
0.017819
0.0183859
0.0190001
0.01968
0.02044
0.02127
0.0221699
0.02317
0.0242599
0.0254501
0.02674
0.0281399
0.02965
0.0312899
0.0330501
0.03494
0.03698
0.03916
0.04152
0.0440201
0.04672
0.0496
0.05268
0.0559599
0.05948
0.06323
0.06723
0.0715001
0.0760601
0.08091
0.0860901
0.09162
0.0975099
0.10377
0.11046
0.11758
0.12515
0.13323
0.14184
0.15101
0.16076
0.17115
0.18222
0.194
0.20655
0.21991
0.23415
0.2493
0.26544
0.28262
0.013129
0.013119
0.013142
0.013198
0.0132869
0.013408
0.013564
0.013754
0.013979
0.014241
0.014542
0.014886
0.015275
0.015721
0.0162
0.016698
0.01722
0.0177799
0.01841
0.0191
0.01986
0.0207
0.02163
0.02264
0.0237299
0.02493
0.0262201
0.02762
0.02913
0.0307599
0.0325201
0.0344
0.0364399
0.03861
0.0409399
0.04343
0.04611
0.04896
0.0520201
0.0552702
0.0587599
0.06248
0.0664499
0.0706799
0.0751998
0.0800099
0.08514
0.0906
0.0964301
0.10263
0.10924
0.11629
0.12379
0.13178
0.14029
0.14936
0.15902
0.1693
0.18025
0.19191
0.20433
0.21755
0.231629
0.246619
0.262589
0.012097
0.01208
0.012098
0.012149
0.012232
0.012348
0.012497
0.0126809
0.0129
0.013157
0.013453
0.013789
0.014172
0.014601
0.0150511
0.0155001
0.01598
0.01651
0.0170701
0.0177001
0.0184
0.01917
0.02001
0.0209301
0.02193
0.02302
0.02421
0.0255001
0.02689
0.02839
0.03
0.03174
0.0336001
0.0355999
0.03775
0.04005
0.0425
0.04514
0.04794
0.0509498
0.0541601
0.05758
0.0612302
0.06513
0.0692801
0.07371
0.0784402
0.0834701
0.08884
0.0945599
0.10065
0.10714
0.11406
0.12142
0.12926
0.13761
0.1465
0.15598
0.16606
0.17681
0.18825
0.20043
0.213401
0.227221
0.24192
0.011034
0.011013
0.011024
0.011068
0.011145
0.011255
0.011398
0.011573
0.011786
0.012033
0.012319
0.012646
0.013018
0.013422
0.01384
0.0142499
0.01469
0.0151501
0.0156701
0.01624
0.01687
0.01756
0.01832
0.01916
0.0200801
0.02107
0.0221499
0.0233099
0.02458
0.0259399
0.02741
0.02899
0.03069
0.03251
0.0344601
0.0365499
0.03879
0.0411899
0.04375
0.0464902
0.0494099
0.0525401
0.0558598
0.0594101
0.06321
0.06725
0.0715499
0.0761499
0.0810399
0.0862601
0.0918198
0.0977402
0.10403
0.11075
0.11791
0.12553
0.13364
0.14228
0.15149
0.16128
0.17172
0.18282
0.194659
0.20726
0.22068
0.00994498
0.00991899
0.00992501
0.00996298
0.010033
0.010134
0.010267
0.010435
0.010635
0.010871
0.011144
0.011452
0.0118001
0.0121901
0.01256
0.0129501
0.01332
0.0137399
0.01421
0.0147099
0.01527
0.0159
0.01658
0.0173199
0.01814
0.01904
0.0200001
0.02106
0.02219
0.0234101
0.02474
0.02616
0.02768
0.02932
0.03108
0.03297
0.0349898
0.0371401
0.0394499
0.0419199
0.0445502
0.0473599
0.0503702
0.0535698
0.0569799
0.0606201
0.0645101
0.06864
0.07306
0.0777502
0.0827599
0.0880899
0.09378
0.0998302
0.10627
0.11314
0.12045
0.12824
0.13653
0.14536
0.15477
0.16479
0.17545
0.18681
0.19891
0.00883204
0.00879997
0.00880098
0.00883198
0.00889504
0.00898796
0.009112
0.00926602
0.009453
0.00967801
0.00993001
0.0102201
0.01055
0.0108999
0.01124
0.01157
0.01191
0.01228
0.0126799
0.0131301
0.01363
0.0141699
0.01478
0.01544
0.01616
0.01695
0.01781
0.01873
0.01974
0.0208299
0.0219899
0.02325
0.0246099
0.02607
0.02763
0.0293002
0.03109
0.033
0.0350499
0.03724
0.0395799
0.0420699
0.0447299
0.04758
0.0506101
0.0538499
0.0572898
0.0609701
0.0648801
0.0690598
0.0735002
0.0782399
0.0832801
0.0886602
0.0943899
0.10048
0.10698
0.11389
0.12126
0.12911
0.13745
0.14635
0.15582
0.1659
0.17664
0.007698
0.00766301
0.00765699
0.00768304
0.00773698
0.00782001
0.00793302
0.00807399
0.00824296
0.00844002
0.00867999
0.00895
0.00924993
0.00955999
0.00986004
0.0101399
0.01045
0.0107601
0.0111101
0.01149
0.01192
0.0124
0.0129199
0.0134901
0.01412
0.0148
0.01555
0.01636
0.01723
0.01817
0.0192001
0.02029
0.0214701
0.02273
0.0240999
0.0255499
0.0271101
0.02878
0.03057
0.03247
0.0345001
0.03668
0.039
0.0414801
0.0441201
0.0469401
0.0499401
0.0531499
0.0565598
0.0601897
0.0640702
0.0682001
0.0725999
0.07728
0.0822701
0.0875897
0.0932503
0.0992699
0.10569
0.11252
0.11981
0.12756
0.13581
0.1446
0.15396
0.00654596
0.00650603
0.00649703
0.00651598
0.00656301
0.00663602
0.00673503
0.00685799
0.00700998
0.00718999
0.00740004
0.00764
0.0079
0.00818002
0.00842988
0.00868011
0.00892007
0.00918996
0.00948
0.00981998
0.01018
0.01057
0.0110101
0.01151
0.01204
0.0126201
0.01324
0.01393
0.01467
0.01548
0.0163399
0.01727
0.01827
0.0193501
0.0204999
0.02174
0.0230601
0.0244799
0.02599
0.0276098
0.02935
0.0312002
0.03318
0.03527
0.0375199
0.0399199
0.04247
0.0451901
0.04809
0.0511904
0.0544796
0.0579901
0.0617299
0.0657196
0.0699501
0.07447
0.0792799
0.0844102
0.08987
0.0956798
0.10186
0.10846
0.11548
0.12296
0.1309
0.00537699
0.00533497
0.00532198
0.00533599
0.00537497
0.00543499
0.00552195
0.00563002
0.00576007
0.00591993
0.00608993
0.00628996
0.00651002
0.00674999
0.00696003
0.00715995
0.00735998
0.00758004
0.00782001
0.00808001
0.00838006
0.00870991
0.00907004
0.00946999
0.00989997
0.0103799
0.0109
0.0114599
0.0120699
0.01272
0.01343
0.0142101
0.0150299
0.0159099
0.01685
0.0178699
0.01896
0.0201201
0.0213699
0.0227001
0.0241199
0.02564
0.0272498
0.02899
0.0308399
0.0328
0.0349
0.0371399
0.0395203
0.0420599
0.0447702
0.0476499
0.0507202
0.0539904
0.0574799
0.0611901
0.0651402
0.0693498
0.0738297
0.0786099
0.0836897
0.0890999
0.0948696
0.101
0.1076
0.00419503
0.004152
0.00413805
0.00415003
0.00418001
0.00424004
0.0043
0.00439
0.00449991
0.00461006
0.00476003
0.00492001
0.00511003
0.00528002
0.00545001
0.00559998
0.00576997
0.00593996
0.00611997
0.00633001
0.00655997
0.00682008
0.00709999
0.00740004
0.00775003
0.00811005
0.00851989
0.00896001
0.00943005
0.00995004
0.0105001
0.0110899
0.0117301
0.0124201
0.01316
0.0139501
0.0147998
0.0157099
0.01668
0.01772
0.0188301
0.02001
0.0212801
0.02263
0.02406
0.0256
0.02724
0.02898
0.0308499
0.0328298
0.0349298
0.0371799
0.0395899
0.04213
0.0448599
0.04775
0.0508399
0.0541201
0.05762
0.0613399
0.0653105
0.0695295
0.0740204
0.0788097
0.0838995
0.00300395
0.00296402
0.00295097
0.00296396
0.00299001
0.00301993
0.00308001
0.00313997
0.00321007
0.00330997
0.00340998
0.00353992
0.00365996
0.00380003
0.00391996
0.00402999
0.00414002
0.00425994
0.00440001
0.00453997
0.00469995
0.00488997
0.00509
0.00530994
0.00555003
0.00582004
0.00611007
0.00642002
0.00676
0.00712001
0.00751996
0.00795007
0.00840998
0.00889993
0.00943017
0.00999999
0.0106001
0.01126
0.01195
0.0127001
0.01349
0.0143399
0.01525
0.0162101
0.0172501
0.0183401
0.01952
0.0207701
0.02209
0.02351
0.0250301
0.0266399
0.0283499
0.03019
0.0321202
0.0342002
0.0364099
0.0387602
0.0412602
0.0439301
0.0467701
0.0497904
0.05301
0.0564404
0.0600004
0.00180602
0.001773
0.00177002
0.00177002
0.00178003
0.00181007
0.00184
0.00189006
0.00194001
0.00199008
0.00206006
0.00212002
0.00221002
0.00229001
0.00236011
0.00243008
0.00249004
0.00256002
0.00264001
0.00274003
0.00284004
0.00293994
0.00305998
0.00320005
0.00334001
0.00349998
0.00366998
0.00386
0.00407004
0.00428998
0.00453007
0.00477993
0.00505996
0.00536001
0.00567985
0.00602007
0.00639009
0.00677013
0.0072
0.00763988
0.00812006
0.00863004
0.00917006
0.0097599
0.01037
0.01104
0.01174
0.01249
0.0132999
0.0141501
0.0150599
0.0160303
0.0170603
0.0181499
0.01933
0.0205698
0.0218902
0.0233102
0.0248098
0.0264101
0.0281096
0.0299196
0.0318594
0.0339098
0.0361996
0.000602007
0.00059396
0.000579953
0.000589967
0.00059998
0.000609994
0.000620008
0.000630021
0.000639915
0.000669956
0.00067997
0.000710011
0.000740051
0.000769973
0.00079
0.000809908
0.000839949
0.000860095
0.000889897
0.000919938
0.000949979
0.000990033
0.00102997
0.0010699
0.00112998
0.00117993
0.00124002
0.00129998
0.00136995
0.00144994
0.00151992
0.00161004
0.00170004
0.00180006
0.00191021
0.00201988
0.00213981
0.00228
0.00242019
0.00257015
0.00272989
0.00289989
0.0030899
0.00328016
0.00348997
0.00371003
0.00394988
0.00418997
0.00445986
0.00475025
0.00505018
0.00537014
0.00571012
0.00608015
0.0064702
0.0068903
0.00732994
0.00779963
0.00829029
0.00883007
0.00938988
0.0100002
0.0106401
0.0113201
0.0120001
