-0.223559
-0.326592
-0.429084
-0.531586
-0.634497
-0.738176
-0.842974
-0.949246
-1.05741
-1.1681
-1.28251
-1.40421
-1.547
-1.71955
-1.90402
-2.09823
-2.30195
-2.51571
-2.74023
-2.97635
-3.22499
-3.48706
-3.76357
-4.05562
-4.36429
-4.69078
-5.0364
-5.40244
-5.79036
-6.20166
-6.63793
-7.10092
-7.59238
-8.11427
-8.66858
-9.25755
-9.88339
-10.5486
-11.2557
-12.0076
-12.807
-13.6574
-14.5617
-15.5235
-16.5468
-17.6355
-18.7936
-20.0262
-21.3377
-22.7332
-24.2185
-25.7991
-27.4815
-29.2724
-31.1785
-33.2077
-35.3682
-37.6682
-40.117
-42.7245
-45.5014
-48.4583
-51.6078
-29.1608
-0.215291
-0.201966
-0.202061
-0.202249
-0.202842
-0.203946
-0.20564
-0.207975
-0.211053
-0.21504
-0.22081
-0.231051
-0.257654
-0.301466
-0.335291
-0.361893
-0.384613
-0.405917
-0.427242
-0.449496
-0.473017
-0.498185
-0.525169
-0.554094
-0.585133
-0.618472
-0.654112
-0.692369
-0.73331
-0.776953
-0.823974
-0.873844
-0.927287
-0.984438
-1.04535
-1.11013
-1.17945
-1.2536
-1.3321
-1.41607
-1.50585
-1.60107
-1.70263
-1.81116
-1.92623
-2.04912
-2.18044
-2.31937
-2.46802
-2.62636
-2.79466
-2.97454
-3.16541
-3.36916
-3.58622
-3.81761
-4.06361
-4.32646
-4.60623
-4.90416
-5.22211
-5.56101
-5.92205
19.4369
-0.217057
-0.194354
-0.195193
-0.196206
-0.197445
-0.199021
-0.201026
-0.203497
-0.206558
-0.210591
-0.216313
-0.226701
-0.254254
-0.29984
-0.334699
-0.361641
-0.384359
-0.405452
-0.426608
-0.448546
-0.471877
-0.496791
-0.523565
-0.5523
-0.582978
-0.616126
-0.651728
-0.689585
-0.73027
-0.773827
-0.820279
-0.870109
-0.923312
-0.979903
-1.04029
-1.10532
-1.17415
-1.24763
-1.32596
-1.40979
-1.49867
-1.59326
-1.69482
-1.80229
-1.91736
-2.0394
-2.16967
-2.30861
-2.45619
-2.61371
-2.78133
-2.95977
-3.15042
-3.35291
-3.5691
-3.79885
-4.04438
-4.30472
-4.58447
-4.88028
-5.19723
-5.53354
-5.89229
19.3479
-0.220041
-0.187338
-0.18802
-0.189239
-0.190744
-0.19256
-0.194671
-0.197225
-0.200309
-0.204194
-0.209895
-0.220387
-0.249188
-0.297369
-0.333728
-0.361198
-0.383895
-0.404755
-0.425553
-0.447152
-0.470209
-0.494532
-0.521197
-0.549345
-0.580003
-0.61273
-0.647776
-0.685359
-0.725688
-0.768974
-0.815
-0.864405
-0.916982
-0.973356
-1.03353
-1.09751
-1.16612
-1.23876
-1.31689
-1.39964
-1.4879
-1.58249
-1.68258
-1.78963
-1.90342
-2.02484
-2.15405
-2.29192
-2.43867
-2.5947
-2.7613
-2.93866
-3.12739
-3.32758
-3.54313
-3.77329
-4.01439
-4.27329
-4.55005
-4.84567
-5.15813
-5.49387
-5.85068
19.2134
-0.222921
-0.180311
-0.18059
-0.181623
-0.183164
-0.18498
-0.18707
-0.189541
-0.192454
-0.196212
-0.201723
-0.212344
-0.242579
-0.294013
-0.332313
-0.36052
-0.383178
-0.403764
-0.424074
-0.445124
-0.467676
-0.491956
-0.517717
-0.545796
-0.575779
-0.607871
-0.642498
-0.679872
-0.719776
-0.762219
-0.808028
-0.856596
-0.908959
-0.96449
-1.02424
-1.08737
-1.15515
-1.22736
-1.30442
-1.38635
-1.47418
-1.56707
-1.66652
-1.77252
-1.88528
-2.00561
-2.13336
-2.26977
-2.4148
-2.57022
-2.73341
-2.90994
-3.09891
-3.29587
-3.50916
-3.73297
-3.97578
-4.23332
-4.50576
-4.7971
-5.10958
-5.43898
-5.79367
19.0323
-0.225198
-0.172941
-0.172692
-0.173535
-0.174866
-0.176513
-0.178498
-0.180735
-0.183417
-0.186859
-0.192158
-0.202821
-0.234534
-0.289725
-0.330392
-0.359403
-0.382121
-0.402307
-0.422068
-0.442974
-0.464296
-0.488367
-0.513279
-0.540941
-0.5705
-0.602173
-0.636165
-0.6729
-0.711964
-0.754189
-0.79896
-0.847305
-0.898614
-0.953503
-1.01221
-1.07492
-1.14164
-1.21299
-1.28901
-1.37009
-1.45623
-1.54851
-1.64669
-1.75098
-1.86267
-1.98113
-2.1076
-2.24145
-2.38676
-2.53745
-2.70261
-2.87359
-3.05942
-3.2558
-3.46481
-3.68862
-3.9272
-4.1827
-4.4487
-4.74009
-5.04414
-5.37351
-5.72191
18.8035
-0.226679
-0.165099
-0.164372
-0.164879
-0.165977
-0.167414
-0.169123
-0.171065
-0.173409
-0.176535
-0.181474
-0.192096
-0.225201
-0.284385
-0.327752
-0.358115
-0.380685
-0.40032
-0.419537
-0.439381
-0.46092
-0.483299
-0.508639
-0.535029
-0.563739
-0.595207
-0.62856
-0.664251
-0.702887
-0.744266
-0.788395
-0.835696
-0.886363
-0.940421
-0.998054
-1.05971
-1.12559
-1.19569
-1.27042
-1.35044
-1.43535
-1.52611
-1.62261
-1.72586
-1.83438
-1.95198
-2.077
-2.21105
-2.34998
-2.49992
-2.66247
-2.8335
-3.01087
-3.20931
-3.41625
-3.6337
-3.86813
-4.11721
-4.38537
-4.66835
-4.97024
-5.29327
-5.63739
18.5331
-0.227259
-0.156793
-0.155547
-0.1558
-0.156603
-0.157806
-0.159158
-0.160805
-0.162747
-0.165407
-0.17001
-0.180419
-0.214666
-0.278072
-0.324608
-0.35577
-0.378575
-0.397787
-0.416366
-0.435372
-0.456062
-0.478233
-0.502088
-0.528271
-0.556568
-0.586546
-0.619279
-0.654529
-0.692328
-0.732449
-0.77615
-0.822173
-0.872009
-0.924998
-0.981593
-1.04218
-1.10681
-1.17562
-1.2491
-1.32723
-1.41125
-1.49995
-1.59601
-1.6944
-1.80506
-1.91925
-2.03961
-2.17052
-2.30986
-2.45977
-2.61391
-2.78283
-2.96229
-3.15235
-3.35288
-3.57251
-3.8005
-4.04545
-4.30938
-4.58595
-4.88577
-5.20039
-5.53611
18.2165
-0.226925
-0.14803
-0.146404
-0.146299
-0.146911
-0.147756
-0.148832
-0.150057
-0.15162
-0.153837
-0.157996
-0.168046
-0.203286
-0.27047
-0.320297
-0.353029
-0.376038
-0.394622
-0.412358
-0.430725
-0.45015
-0.471897
-0.494912
-0.520254
-0.547482
-0.577044
-0.608928
-0.643134
-0.679661
-0.719562
-0.761583
-0.807184
-0.855542
-0.907486
-0.963011
-1.02212
-1.08525
-1.15284
-1.22461
-1.30146
-1.38318
-1.4706
-1.56158
-1.66378
-1.76723
-1.8813
-1.99947
-2.12831
-2.26342
-2.40699
-2.56325
-2.72791
-2.90105
-3.08897
-3.28748
-3.49861
-3.72448
-3.96521
-4.2228
-4.49307
-4.78444
-5.09478
-5.42637
17.8551
-0.225708
-0.138909
-0.136925
-0.136607
-0.136903
-0.137516
-0.138254
-0.139121
-0.140239
-0.142054
-0.14573
-0.155462
-0.190871
-0.261814
-0.315021
-0.349436
-0.37224
-0.3904
-0.407497
-0.425028
-0.444028
-0.464082
-0.486892
-0.510954
-0.537357
-0.565856
-0.597098
-0.630259
-0.666139
-0.704366
-0.745751
-0.790094
-0.837162
-0.887841
-0.941894
-0.999759
-1.06119
-1.12706
-1.19738
-1.27212
-1.3515
-1.43744
-1.52867
-1.6258
-1.72713
-1.83687
-1.95519
-2.07759
-2.21276
-2.35421
-2.50412
-2.66249
-2.8377
-3.01721
-3.21142
-3.41832
-3.64006
-3.87233
-4.12146
-4.39169
-4.67465
-4.97663
-5.30163
17.4509
-0.223615
-0.129598
-0.127275
-0.126706
-0.126832
-0.127148
-0.127593
-0.128119
-0.128879
-0.130254
-0.133249
-0.14252
-0.177992
-0.252312
-0.308686
-0.344582
-0.367807
-0.385539
-0.401591
-0.418266
-0.435998
-0.456071
-0.476962
-0.500616
-0.525949
-0.554026
-0.583594
-0.61568
-0.650735
-0.687898
-0.728
-0.770877
-0.8169
-0.866095
-0.91846
-0.974828
-1.03481
-1.09876
-1.16696
-1.24067
-1.31752
-1.40196
-1.48854
-1.58142
-1.68489
-1.78839
-1.90657
-2.02484
-2.15363
-2.293
-2.43866
-2.59703
-2.76174
-2.93903
-3.12912
-3.32967
-3.54296
-3.77518
-4.01585
-4.2756
-4.55217
-4.84983
-5.16032
17.006
-0.22074
-0.120139
-0.117563
-0.116865
-0.116719
-0.116845
-0.117013
-0.117225
-0.117584
-0.118427
-0.121407
-0.12964
-0.164899
-0.241124
-0.301085
-0.338877
-0.362106
-0.37942
-0.394616
-0.410457
-0.427567
-0.445922
-0.466624
-0.488786
-0.513704
-0.539887
-0.568813
-0.600269
-0.633424
-0.669732
-0.70838
-0.749961
-0.794524
-0.84202
-0.893127
-0.947594
-1.00566
-1.06816
-1.13467
-1.2035
-1.28162
-1.35975
-1.44628
-1.53924
-1.6342
-1.73979
-1.84747
-1.96783
-2.09237
-2.22753
-2.36899
-2.5189
-2.6815
-2.85461
-3.03619
-3.23256
-3.44369
-3.66116
-3.89977
-4.15106
-4.42124
-4.70636
-5.01242
16.5214
-0.217132
-0.110659
-0.107935
-0.107048
-0.106794
-0.106689
-0.106626
-0.106583
-0.106563
-0.10726
-0.109369
-0.117392
-0.15118
-0.229719
-0.292219
-0.33149
-0.355559
-0.372029
-0.386599
-0.401377
-0.417417
-0.434954
-0.45458
-0.476333
-0.499345
-0.525106
-0.552547
-0.582544
-0.61505
-0.649886
-0.687049
-0.72717
-0.770021
-0.816497
-0.865453
-0.917831
-0.973771
-1.03564
-1.09793
-1.1676
-1.23939
-1.3154
-1.40199
-1.48641
-1.58356
-1.68278
-1.79048
-1.90448
-2.02698
-2.15358
-2.29086
-2.44082
-2.59486
-2.76174
-2.93908
-3.12907
-3.32755
-3.54507
-3.77523
-4.0158
-4.27565
-4.55212
-4.85204
15.9952
-0.212948
-0.101241
-0.0984755
-0.0974836
-0.0970825
-0.0968284
-0.0965547
-0.0962794
-0.0960906
-0.0962794
-0.0981797
-0.105572
-0.137871
-0.216631
-0.282085
-0.323253
-0.347114
-0.363374
-0.377516
-0.391032
-0.406235
-0.42291
-0.441498
-0.461546
-0.484148
-0.508632
-0.535249
-0.563729
-0.594789
-0.627925
-0.664257
-0.702667
-0.744071
-0.787955
-0.835702
-0.885941
-0.940836
-0.9966
-1.0599
-1.12748
-1.19506
-1.27105
-1.35129
-1.43576
-1.52655
-1.62363
-1.72716
-1.8369
-1.95092
-2.07767
-2.21067
-2.35202
-2.50208
-2.66247
-2.83558
-3.0151
-3.21147
-3.41615
-3.63584
-3.87445
-4.12141
-4.39174
-4.67253
15.4283
-0.208184
-0.0920784
-0.0892491
-0.0881928
-0.0877083
-0.0873063
-0.0869256
-0.0865245
-0.0859975
-0.0861454
-0.0874117
-0.0939559
-0.124786
-0.203539
-0.27068
-0.313333
-0.337616
-0.353655
-0.366328
-0.379631
-0.393562
-0.409614
-0.426711
-0.446356
-0.467454
-0.490705
-0.515806
-0.54348
-0.573029
-0.605134
-0.639113
-0.676289
-0.715969
-0.758418
-0.804026
-0.852364
-0.903673
-0.960683
-1.01772
-1.08102
-1.15072
-1.2225
-1.2964
-1.38084
-1.46534
-1.56035
-1.65738
-1.76305
-1.87707
-1.99521
-2.12408
-2.25713
-2.40483
-2.55902
-2.72162
-2.89685
-3.0826
-3.28114
-3.49438
-3.71608
-3.96093
-4.21444
-4.48879
14.8273
-0.203007
-0.0831466
-0.0803807
-0.0793039
-0.0787336
-0.0782908
-0.0777418
-0.077026
-0.076853
-0.0762206
-0.0777025
-0.0831895
-0.112327
-0.189391
-0.258013
-0.302142
-0.32684
-0.342052
-0.354297
-0.366744
-0.379844
-0.394619
-0.411093
-0.42924
-0.449313
-0.471469
-0.495544
-0.521519
-0.54981
-0.580001
-0.61315
-0.647985
-0.685992
-0.72654
-0.769606
-0.815
-0.867781
-0.916359
-0.977572
-1.03461
-1.10002
-1.1676
-1.2415
-1.32174
-1.40407
-1.49061
-1.58781
-1.68703
-1.79461
-1.90878
-2.03111
-2.15998
-2.29932
-2.445
-2.60332
-2.77024
-2.94749
-3.13969
-3.33813
-3.55761
-3.78585
-4.0306
-4.29035
14.1892
-0.197448
-0.0745743
-0.0718937
-0.0708586
-0.0702255
-0.0697189
-0.0692108
-0.0684085
-0.0677761
-0.0675669
-0.0681977
-0.0734771
-0.100289
-0.175034
-0.244503
-0.289258
-0.314393
-0.329159
-0.341202
-0.352189
-0.36485
-0.378146
-0.39399
-0.411093
-0.43009
-0.450565
-0.47381
-0.498074
-0.524892
-0.554026
-0.584645
-0.618436
-0.653472
-0.694033
-0.732644
-0.779108
-0.823457
-0.878327
-0.926905
-0.988143
-1.04724
-1.11271
-1.18452
-1.25628
-1.33647
-1.42104
-1.50964
-1.60674
-1.70818
-1.81787
-1.93405
-2.05653
-2.18953
-2.32675
-2.47671
-2.63699
-2.80825
-2.98555
-3.18177
-3.38464
-3.60211
-3.83639
-4.08557
13.5207
-0.191593
-0.0664036
-0.0638913
-0.0628562
-0.0622859
-0.0617165
-0.0610841
-0.0603856
-0.0597532
-0.0591177
-0.0601748
-0.0643971
-0.0888905
-0.160678
-0.229719
-0.27533
-0.300446
-0.315026
-0.326
-0.336766
-0.347961
-0.361049
-0.375188
-0.391467
-0.409186
-0.429033
-0.449936
-0.47381
-0.498489
-0.525962
-0.555511
-0.586747
-0.621393
-0.654517
-0.698891
-0.736873
-0.783336
-0.82766
-0.882556
-0.933248
-0.994486
-1.0557
-1.12114
-1.19081
-1.26478
-1.34704
-1.43151
-1.52232
-1.61943
-1.72081
-1.8306
-1.95092
-2.06916
-2.20855
-2.34573
-2.49786
-2.65612
-2.82919
-3.01092
-3.20513
-3.41192
-3.63161
-3.86599
12.8135
-0.185516
-0.0586756
-0.0563529
-0.0553823
-0.0548121
-0.0542835
-0.0536291
-0.0529967
-0.0521504
-0.0519411
-0.0519411
-0.0563742
-0.0781209
-0.146533
-0.214519
-0.260124
-0.285042
-0.299395
-0.309526
-0.319456
-0.33043
-0.342052
-0.355562
-0.370551
-0.387439
-0.405398
-0.425647
-0.447193
-0.471066
-0.496375
-0.524263
-0.554454
-0.584872
-0.620739
-0.654517
-0.696777
-0.736873
-0.783336
-0.8298
-0.88253
-0.935362
-0.994486
-1.05567
-1.12117
-1.19501
-1.26685
-1.3492
-1.43367
-1.52444
-1.62154
-1.72499
-1.83272
-1.95519
-2.07546
-2.21062
-2.35207
-2.50198
-2.66468
-2.83352
-3.01716
-3.21147
-3.42048
-3.64218
12.0791
-0.179271
-0.0514338
-0.0492802
-0.0484567
-0.0479077
-0.0473162
-0.0468096
-0.0462402
-0.0453954
-0.0449722
-0.0453938
-0.0485621
-0.0688332
-0.132173
-0.198471
-0.243654
-0.268147
-0.282299
-0.292222
-0.301082
-0.311011
-0.321992
-0.334658
-0.348363
-0.363805
-0.380895
-0.399483
-0.419946
-0.442134
-0.465781
-0.491315
-0.518348
-0.551069
-0.580643
-0.614421
-0.652428
-0.690434
-0.732644
-0.779108
-0.823457
-0.876213
-0.931108
-0.988143
-1.0515
-1.11694
-1.18872
-1.26051
-1.34075
-1.42728
-1.51809
-1.61314
-1.71865
-1.82632
-1.94251
-2.06926
-2.19793
-2.34362
-2.49151
-2.6519
-2.82295
-3.00659
-3.19879
-3.40568
11.3173
-0.17284
-0.0446348
-0.0427557
-0.0419959
-0.0415318
-0.0411511
-0.0405392
-0.0399036
-0.0392744
-0.0386389
-0.0392713
-0.0420179
-0.0597532
-0.11866
-0.181792
-0.226132
-0.250622
-0.263497
-0.273219
-0.281657
-0.290322
-0.300868
-0.312282
-0.324943
-0.339302
-0.355134
-0.372451
-0.391039
-0.411502
-0.433903
-0.457751
-0.483727
-0.508834
-0.540523
-0.5743
-0.60385
-0.643971
-0.682002
-0.722098
-0.768536
-0.812911
-0.865667
-0.918498
-0.977547
-1.0367
-1.10214
-1.17397
-1.24777
-1.326
-1.4083
-1.50118
-1.59411
-1.69549
-1.80528
-1.92126
-2.04389
-2.17266
-2.31613
-2.46191
-2.6224
-2.78912
-2.97075
-3.16294
10.5247
-0.166278
-0.0383006
-0.0367181
-0.0360621
-0.0356814
-0.0353463
-0.0348382
-0.0342043
-0.0337811
-0.0333595
-0.0333626
-0.036103
-0.0517303
-0.105358
-0.165108
-0.207765
-0.231198
-0.244292
-0.25273
-0.260552
-0.26899
-0.27829
-0.288623
-0.300666
-0.313755
-0.328114
-0.343946
-0.36125
-0.380052
-0.400113
-0.421217
-0.445506
-0.472967
-0.498288
-0.525748
-0.56164
-0.591189
-0.627082
-0.667177
-0.707348
-0.751622
-0.798136
-0.846663
-0.89947
-0.956454
-1.0156
-1.07888
-1.14865
-1.22033
-1.30063
-1.38092
-1.46947
-1.56244
-1.66373
-1.76733
-1.88341
-2.00372
-2.12826
-2.26972
-2.41329
-2.56964
-2.73425
-2.91165
9.71059
-0.159535
-0.0324951
-0.0311209
-0.030594
-0.0302998
-0.0300229
-0.0295588
-0.0293512
-0.0285049
-0.0282909
-0.0287125
-0.0308299
-0.0443367
-0.0926911
-0.148225
-0.188547
-0.211137
-0.223382
-0.231204
-0.238799
-0.246193
-0.254832
-0.264132
-0.274918
-0.286722
-0.300239
-0.314397
-0.330228
-0.347117
-0.366536
-0.386395
-0.4075
-0.428592
-0.456078
-0.481373
-0.508859
-0.542637
-0.572186
-0.608078
-0.646085
-0.684142
-0.726301
-0.774829
-0.819228
-0.872035
-0.929019
-0.986054
-1.04722
-1.11276
-1.18449
-1.25834
-1.3408
-1.42512
-1.51603
-1.61097
-1.71658
-1.82421
-1.94462
-2.06705
-2.20015
-2.3415
-2.49353
-2.65179
8.86841
-0.152614
-0.0270466
-0.0259926
-0.0256119
-0.0253571
-0.0251038
-0.024915
-0.0244903
-0.0242826
-0.0240718
-0.0238579
-0.0261798
-0.0377957
-0.0806568
-0.131113
-0.168915
-0.190026
-0.201428
-0.209029
-0.215573
-0.222539
-0.229939
-0.238799
-0.248502
-0.259073
-0.270677
-0.283979
-0.298137
-0.313541
-0.330228
-0.348376
-0.365265
-0.390636
-0.409589
-0.43496
-0.460281
-0.485602
-0.519405
-0.54689
-0.582707
-0.618625
-0.654567
-0.694688
-0.741101
-0.787514
-0.833978
-0.886784
-0.945933
-1.00292
-1.06836
-1.13385
-1.20564
-1.28376
-1.36602
-1.45472
-1.54342
-1.6448
-1.75041
-1.86015
-1.98258
-2.10923
-2.24243
-2.39003
8.00699
-0.145537
-0.0220441
-0.0212386
-0.0209885
-0.0209869
-0.0206928
-0.0204804
-0.020482
-0.0200541
-0.0198496
-0.0202712
-0.0217467
-0.0318808
-0.0690409
-0.114233
-0.148848
-0.168072
-0.178624
-0.185798
-0.191505
-0.197627
-0.204807
-0.212194
-0.220853
-0.230568
-0.240913
-0.252529
-0.264976
-0.278693
-0.291794
-0.310369
-0.327284
-0.344147
-0.36529
-0.386382
-0.409589
-0.432871
-0.460281
-0.485602
-0.517316
-0.54684
-0.584847
-0.618625
-0.656681
-0.696752
-0.741101
-0.789679
-0.836092
-0.893127
-0.945883
-1.00921
-1.07052
-1.14019
-1.20986
-1.29011
-1.37236
-1.45895
-1.54976
-1.65326
-1.75665
-1.87072
-1.99094
-2.11991
7.12934
-0.138128
-0.0174183
-0.0168496
-0.0167427
-0.0166388
-0.0166797
-0.0168921
-0.0162566
-0.0164705
-0.0162566
-0.0166782
-0.01816
-0.0263937
-0.0580637
-0.0975395
-0.128165
-0.145689
-0.155185
-0.161314
-0.166801
-0.172294
-0.178203
-0.185162
-0.192575
-0.200994
-0.210294
-0.22001
-0.231198
-0.243027
-0.256745
-0.26816
-0.287138
-0.299823
-0.318801
-0.335715
-0.356858
-0.377925
-0.399043
-0.426503
-0.447646
-0.479284
-0.506719
-0.540548
-0.572111
-0.608154
-0.64606
-0.688295
-0.728466
-0.776993
-0.823457
-0.878327
-0.933197
-0.992397
-1.05562
-1.12117
-1.19295
-1.27118
-1.35333
-1.4378
-1.52872
-1.62789
-1.73148
-1.84324
6.22996
-0.130436
-0.0131119
-0.0127941
-0.0128162
-0.0129216
-0.0130915
-0.0128791
-0.0130915
-0.0130915
-0.0130883
-0.0130915
-0.0147778
-0.021536
-0.0477189
-0.0808676
-0.107261
-0.122672
-0.130908
-0.136603
-0.141253
-0.146105
-0.151384
-0.157098
-0.163629
-0.170601
-0.17863
-0.187276
-0.196564
-0.206078
-0.218323
-0.230128
-0.240724
-0.255474
-0.270249
-0.287163
-0.301912
-0.323055
-0.339944
-0.361036
-0.382129
-0.40755
-0.430706
-0.458142
-0.485677
-0.51724
-0.551119
-0.580668
-0.622853
-0.658695
-0.70098
-0.743266
-0.793857
-0.842385
-0.897456
-0.952226
-1.01555
-1.07677
-1.14654
-1.22044
-1.29846
-1.38082
-1.47153
-1.56254
5.31708
-0.122381
-0.009058
-0.0090171
-0.0091634
-0.00928925
-0.00950162
-0.00971084
-0.00992321
-0.00971242
-0.0101372
-0.0105588
-0.0113988
-0.0168921
-0.0377925
-0.064611
-0.0861438
-0.0992321
-0.106418
-0.111062
-0.11507
-0.1195
-0.123521
-0.128807
-0.133853
-0.140196
-0.146325
-0.153486
-0.161326
-0.170803
-0.177347
-0.187943
-0.198439
-0.21115
-0.221721
-0.236471
-0.249131
-0.261792
-0.278731
-0.297734
-0.314598
-0.333551
-0.354744
-0.373722
-0.401157
-0.424414
-0.449735
-0.481348
-0.506719
-0.540548
-0.57649
-0.612231
-0.648275
-0.690359
-0.734758
-0.783386
-0.8298
-0.884569
-0.939641
-1.00075
-1.06418
-1.12962
-1.20352
-1.27943
4.38937
-0.113885
-0.00529983
-0.00544613
-0.0056585
-0.00622954
-0.00633179
-0.00654731
-0.00654731
-0.00717655
-0.0069689
-0.00759815
-0.00866157
-0.0126667
-0.0280833
-0.0485589
-0.0652402
-0.0751698
-0.0815
-0.0853006
-0.0886797
-0.0920587
-0.0956454
-0.0996474
-0.103889
-0.108532
-0.114007
-0.119506
-0.125421
-0.130908
-0.13934
-0.147797
-0.156254
-0.162572
-0.173143
-0.181575
-0.194261
-0.206921
-0.217442
-0.230153
-0.247017
-0.259703
-0.276617
-0.29348
-0.310395
-0.329373
-0.352579
-0.371608
-0.396979
-0.4223
-0.44757
-0.475106
-0.506619
-0.538534
-0.572161
-0.605889
-0.648275
-0.686231
-0.730429
-0.777144
-0.82547
-0.880441
-0.935312
-0.994511
3.45454
-0.104898
-0.00166672
-0.00204977
-0.00251227
-0.00274509
-0.00316668
-0.00358985
-0.00422224
-0.00401144
-0.00464384
-0.00506858
-0.00570097
-0.00865528
-0.0187924
-0.0325194
-0.0439151
-0.0517303
-0.0557386
-0.0591177
-0.0618675
-0.0643971
-0.0675685
-0.070098
-0.0736847
-0.0768436
-0.0806568
-0.0850993
-0.0893026
-0.0952427
-0.0992447
-0.103448
-0.109791
-0.118223
-0.122451
-0.133023
-0.137251
-0.147797
-0.156254
-0.164661
-0.173169
-0.185804
-0.196325
-0.211175
-0.221696
-0.23856
-0.249182
-0.266045
-0.282909
-0.299773
-0.320966
-0.339894
-0.361137
-0.382078
-0.40755
-0.432821
-0.460206
-0.489906
-0.519506
-0.553032
-0.587062
-0.625118
-0.662873
-0.705159
2.51024
-0.0953532
0.00183583
0.00118298
0.000654416
0.000212371
-0.000424741
-0.000632392
-0.00105399
-0.00169267
-0.00210797
-0.00232506
-0.00316511
-0.00464698
-0.00970927
-0.0166813
-0.0230178
-0.0274414
-0.0304052
-0.032941
-0.0346211
-0.036748
-0.0386231
-0.0407626
-0.0426503
-0.0453938
-0.0475081
-0.0500377
-0.0527938
-0.0546815
-0.0590988
-0.0633525
-0.0654416
-0.0696953
-0.0760129
-0.0760129
-0.0844448
-0.0865843
-0.0929019
-0.0992195
-0.105562
-0.111905
-0.118248
-0.122476
-0.135112
-0.13934
-0.149912
-0.158369
-0.171004
-0.177397
-0.189982
-0.202768
-0.213239
-0.230153
-0.240624
-0.257639
-0.272438
-0.291366
-0.30818
-0.325194
-0.348351
-0.367379
-0.390636
-0.416007
1.56025
-0.0851748
0.0051724
0.00437012
0.00375817
0.00316668
0.00274666
0.00190032
0.00168953
0.00105713
0.000418449
0
-0.000632392
-0.00084319
-0.000638685
-0.00084319
-0.00210797
-0.00337905
-0.00507172
-0.00633022
-0.00781524
-0.00864584
-0.00972815
-0.0109615
-0.0122451
-0.0128995
-0.0143468
-0.0150012
-0.0164485
-0.0189907
-0.0169141
-0.0211175
-0.0211175
-0.0211175
-0.0232066
-0.025346
-0.0274603
-0.0274351
-0.0316637
-0.0316888
-0.0337779
-0.0358922
-0.0380065
-0.0421847
-0.042235
-0.0443996
-0.0485275
-0.052756
-0.0528063
-0.0591491
-0.0591491
-0.0633273
-0.0695695
-0.0718851
-0.0760129
-0.0823557
-0.0843693
-0.0886985
-0.0950414
-0.101384
-0.105512
-0.111855
-0.118399
-0.12444
0.604235
-0.0743732
0.00853101
0.00751792
0.00683991
0.00612257
0.00527938
0.00506543
0.00422224
0.00358985
0.00316825
0.00232506
0.00232192
0.00295431
0.00802289
0.014781
0.0190032
0.0204757
0.0202743
0.020268
0.0194248
0.0190032
0.0187893
0.0187893
0.0187893
0.0188019
0.0194185
0.0196451
0.0204631
0.0225899
0.0190032
0.025346
0.0232318
0.0232318
0.0274351
0.0274603
0.0295746
0.0295494
0.0337779
0.0337528
0.0358922
0.0401207
0.042235
0.0443493
0.0464635
0.0485778
0.052756
0.0590988
0.0591491
0.0654919
0.0676062
0.0738987
0.0780265
0.08447
0.0908128
0.0971556
0.101283
0.109841
0.118198
0.126755
0.135112
0.143468
0.156456
0.168739
-0.352567
-0.0627763
0.011866
0.010661
0.00975646
0.00907845
0.00865371
0.00760444
0.0069689
0.00633336
0.00549017
0.00506543
0.00485463
0.0069689
0.0175308
0.0301912
0.0396929
0.044129
0.0458154
0.046237
0.046451
0.0466649
0.0472941
0.0483513
0.0494084
0.0510948
0.0525672
0.0546815
0.0568084
0.0582682
0.0633525
0.0654668
0.0675307
0.0738987
0.0738987
0.0802415
0.0865591
0.0908128
0.094991
0.101384
0.107677
0.114019
0.120312
0.128769
0.137276
0.145683
0.15414
0.162597
0.177296
0.18369
0.200553
0.209111
0.225925
0.240724
0.255424
0.272338
0.291467
0.30818
0.331537
0.352579
0.375836
0.403322
0.428492
0.456078
-1.30887
-0.0504922
0.015286
0.0138529
0.0128571
0.0122467
0.0114035
0.0105556
0.00992007
0.00886923
0.00844448
0.00760444
0.00781209
0.011188
0.0266045
0.0458154
0.0603888
0.0675622
0.0709475
0.0717907
0.0730555
0.0745279
0.075799
0.0774854
0.0800275
0.0825571
0.0859299
0.0891013
0.0931159
0.0992447
0.101334
0.105562
0.114019
0.120362
0.12668
0.133023
0.13934
0.149912
0.158369
0.166801
0.177347
0.187868
0.200654
0.213239
0.225874
0.23861
0.257588
0.272388
0.287188
0.310344
0.325194
0.350364
0.369493
0.394865
0.420236
0.447621
0.479234
0.508934
0.540447
0.578504
0.616561
0.656631
0.698916
0.749659
-2.26226
-0.0373588
0.0187295
0.0171847
0.0162581
0.0152026
0.0145671
0.0137239
0.012673
0.0120312
0.0109803
0.0107664
0.0107695
0.0154134
0.0360999
0.0616598
0.0806505
0.0910079
0.0950099
0.0977534
0.0994524
0.101132
0.103889
0.106619
0.110005
0.114007
0.118462
0.123735
0.129209
0.135338
0.141455
0.149912
0.158369
0.164686
0.175232
0.185804
0.196375
0.206896
0.219607
0.234356
0.249131
0.261867
0.278681
0.295595
0.314623
0.335665
0.354744
0.3779
0.403271
0.426528
0.456027
0.485677
0.517291
0.549005
0.582632
0.625018
0.66086
0.707273
0.751773
0.802314
0.852956
0.912155
0.971153
1.03257
-3.2058
-0.0234971
0.0223587
0.0206723
0.0195302
0.0187909
0.0175261
0.0171029
0.0158318
0.0152057
0.0141455
0.0135131
0.0141455
0.0202712
0.0458217
0.0774791
0.100931
0.113378
0.119506
0.122464
0.125201
0.127951
0.131122
0.135338
0.139768
0.145066
0.150742
0.157513
0.164686
0.17186
0.183715
0.190032
0.200579
0.213239
0.22381
0.236471
0.251271
0.266045
0.280795
0.299798
0.314623
0.33783
0.356808
0.37795
0.403271
0.428643
0.456027
0.483513
0.515227
0.54684
0.582783
0.618574
0.658846
0.703044
0.747444
0.793857
0.848828
0.901584
0.960582
1.02401
1.09167
1.15922
1.23936
1.3195
-4.14882
-0.00880197
0.0261814
0.0242795
0.0231421
0.0221699
0.0213252
0.020268
0.0196356
0.0181569
0.0175277
0.0170998
0.0175277
0.0255443
0.0559526
0.0931159
0.120979
0.135766
0.142726
0.146954
0.150333
0.154134
0.158142
0.163
0.168915
0.175245
0.182846
0.190662
0.199949
0.209237
0.219582
0.232242
0.244928
0.255499
0.274477
0.289277
0.304027
0.32303
0.342058
0.363176
0.384268
0.409564
0.432871
0.46242
0.489805
0.519405
0.553233
0.589075
0.624917
0.665138
0.709387
0.751723
0.802213
0.853057
0.907927
0.967026
1.02824
1.09579
1.16768
1.24148
1.32383
1.41042
1.50324
1.6004
-5.07895
0.00671205
0.0301724
0.0281666
0.0269192
0.0259706
0.0251242
0.0240718
0.0230147
0.0221715
0.0211112
0.020482
0.0217467
0.0308268
0.066719
0.109162
0.14041
0.157299
0.165743
0.170601
0.174823
0.179253
0.184533
0.19046
0.197206
0.205222
0.213679
0.223382
0.233941
0.24557
0.258847
0.272363
0.285049
0.304027
0.318852
0.337805
0.358922
0.37795
0.403271
0.426503
0.453963
0.47722
0.510898
0.542612
0.574326
0.614446
0.648174
0.690409
0.734809
0.783286
0.8298
0.886834
0.941654
1.00075
1.0663
1.13597
1.20765
1.28799
1.36823
1.45895
1.55399
1.65527
1.76098
1.87928
-5.99694
0.022982
0.0344371
0.0323055
0.0312059
0.029982
0.0291388
0.0280801
0.0270261
0.025969
0.0253366
0.0247042
0.025969
0.0369525
0.0776962
0.124993
0.159621
0.178203
0.18771
0.193613
0.198263
0.20375
0.21008
0.217052
0.225069
0.233954
0.244072
0.255474
0.267518
0.281021
0.294978
0.312484
0.327258
0.348401
0.36524
0.386382
0.411754
0.43496
0.460281
0.487716
0.51943
0.551018
0.584897
0.620789
0.658745
0.70093
0.74533
0.793907
0.842435
0.895241
0.95439
1.01344
1.07898
1.14855
1.22255
1.29846
1.38505
1.47375
1.5709
1.67017
1.77981
1.8961
2.02064
2.1493
-6.9017
0.0399809
0.039018
0.0367385
0.0353023
0.0346274
0.0335703
0.0325163
0.0314592
0.0304052
0.029348
0.029348
0.0308268
0.0437074
0.0891013
0.141046
0.178196
0.198471
0.208608
0.215573
0.221482
0.227397
0.234382
0.242587
0.2519
0.262219
0.273861
0.286307
0.300025
0.315454
0.331902
0.348401
0.371582
0.386382
0.413843
0.437074
0.460281
0.48983
0.517291
0.551094
0.580593
0.620789
0.656631
0.698866
0.743215
0.787565
0.840371
0.888898
0.950111
1.00926
1.07042
1.14226
1.21193
1.29232
1.37649
1.46327
1.55822
1.65748
1.76501
1.87918
2.00171
2.13038
2.26982
2.41953
-7.7874
0.0576902
0.0438758
0.0415303
0.0402859
0.0392713
0.0382173
0.0371601
0.0363169
0.0354706
0.0342058
0.033995
0.0363138
0.050884
0.10156
0.156663
0.196363
0.217474
0.229083
0.236269
0.243235
0.250207
0.258205
0.26753
0.277636
0.289277
0.302126
0.316498
0.332141
0.348577
0.365894
0.388497
0.407525
0.432821
0.456078
0.481399
0.510948
0.542637
0.5743
0.608078
0.648199
0.686231
0.73053
0.772765
0.823457
0.874149
0.928969
0.990232
1.04938
1.11905
1.18872
1.26473
1.34714
1.43347
1.52237
1.62154
1.72716
1.8369
1.95731
2.08396
2.21907
2.36264
2.51467
2.6816
-8.65972
0.0759996
0.0490906
0.0466397
0.0453749
0.0443398
0.0434935
0.0426503
0.0415963
0.0403284
0.0399036
0.0394821
0.0422287
0.0586961
0.113805
0.172709
0.213258
0.236055
0.248087
0.256323
0.263711
0.271948
0.28104
0.290938
0.302781
0.315441
0.329801
0.345431
0.362521
0.381323
0.402227
0.422489
0.447621
0.470827
0.498288
0.529951
0.559526
0.593304
0.629196
0.667228
0.709437
0.751597
0.798136
0.848778
0.901584
0.958569
1.01772
1.08316
1.15072
1.22456
1.30486
1.38505
1.47375
1.56889
1.67007
1.7778
1.88975
2.01419
2.14316
2.2824
2.42798
2.58655
2.75741
2.93269
-9.5062
0.0948689
0.0546642
0.0521519
0.0508431
0.0500392
0.0491945
0.0481405
0.0470833
0.046451
0.045397
0.0458154
0.048776
0.0675653
0.126469
0.18771
0.230134
0.253158
0.266253
0.275113
0.283564
0.292423
0.302353
0.313755
0.326214
0.340775
0.356204
0.373294
0.392071
0.412358
0.434532
0.458381
0.483513
0.510973
0.542637
0.572186
0.605964
0.641856
0.684117
0.724187
0.766447
0.815025
0.865667
0.920562
0.979661
1.03881
1.10425
1.17397
1.25205
1.32806
1.41253
1.50334
1.60045
1.69967
1.81163
1.92761
2.05225
2.18333
2.32459
2.4745
2.63508
2.80604
2.98555
3.18409
-10.332
0.114155
0.0605744
0.0580857
0.0568587
0.0559526
0.0551094
0.0544738
0.0536307
0.0523596
0.0521519
0.0523659
0.0559494
0.0764314
0.139778
0.2029
0.245771
0.269412
0.282714
0.292857
0.301925
0.311647
0.322828
0.3353
0.349219
0.364422
0.381537
0.4001
0.420399
0.442335
0.466196
0.491542
0.519166
0.551094
0.578504
0.616535
0.652428
0.692548
0.732644
0.776993
0.825546
0.878352
0.931159
0.990232
1.04938
1.119
1.19084
1.26262
1.34286
1.42733
1.52021
1.61731
1.72288
1.8306
1.94875
2.07349
2.20639
2.34784
2.49987
2.66257
2.83352
3.01716
3.21359
3.42038
-11.1322
0.133792
0.0669109
0.0643546
0.0631747
0.0624967
0.061652
0.0610196
0.0601748
0.0595424
0.0591177
0.0595424
0.0637647
0.0865686
0.153074
0.217055
0.260338
0.284193
0.29876
0.308897
0.319248
0.330008
0.341838
0.355549
0.370563
0.387439
0.4056
0.425446
0.447407
0.471268
0.496601
0.524036
0.55278
0.586961
0.620764
0.654517
0.696777
0.736873
0.783336
0.829774
0.882581
0.935337
0.99655
1.05572
1.12323
1.193
1.26685
1.35127
1.43362
1.52867
1.62366
1.7271
1.83483
1.95721
2.07989
2.21263
2.3564
2.51044
2.66881
2.83976
3.02773
3.22204
3.42884
3.65275
-11.904
0.153669
0.0735605
0.0710277
0.0700131
0.0692548
0.0688317
0.0679885
0.0675622
0.0669329
0.0662974
0.0675653
0.0724199
0.0971242
0.166168
0.230987
0.273848
0.298131
0.312704
0.324307
0.334866
0.347117
0.359992
0.374559
0.391026
0.40857
0.428391
0.449949
0.473155
0.498288
0.525534
0.555096
0.587389
0.617995
0.65877
0.696777
0.736847
0.781222
0.829774
0.882581
0.933223
0.994486
1.05358
1.12114
1.193
1.26468
1.34915
1.42945
1.52444
1.61943
1.72081
1.83272
1.95092
2.07339
2.20845
2.35006
2.49987
2.66035
2.83352
3.01716
3.20724
3.41837
3.64006
3.87656
-12.6534
0.173642
0.0805294
0.0781005
0.0771078
0.0764959
0.0762222
0.075799
0.0749558
0.0749527
0.074745
0.0760098
0.0812892
0.108315
0.17926
0.244075
0.286307
0.310583
0.325578
0.338037
0.349861
0.362528
0.376881
0.392304
0.409828
0.42902
0.449735
0.47274
0.497457
0.524464
0.553183
0.58423
0.617794
0.654756
0.690837
0.732644
0.779133
0.823432
0.874124
0.929019
0.988143
1.04724
1.11271
1.18238
1.25625
1.33868
1.41882
1.51175
1.60679
1.70813
1.81792
1.93405
2.05859
2.18741
2.32892
2.48089
2.6371
2.80815
2.98766
3.18197
3.38877
3.60613
3.8386
4.08768
-13.3672
0.193548
0.0878121
0.0854705
0.0846462
0.0841397
0.0840327
0.0836111
0.0836111
0.0831926
0.0834003
0.0848759
0.0912124
0.119714
0.192351
0.255902
0.297492
0.32157
0.337609
0.350496
0.363157
0.377095
0.39209
0.408985
0.427548
0.447835
0.470211
0.494286
0.52045
0.548552
0.579146
0.612093
0.64757
0.684935
0.725043
0.770676
0.812885
0.867806
0.918448
0.973343
1.03458
1.09793
1.16972
1.24153
1.31963
1.40191
1.49071
1.58776
1.68487
1.79471
1.90868
2.03116
2.15786
2.29937
2.44495
2.60337
2.77019
2.94749
3.13959
3.33813
3.55559
3.78373
4.03271
4.29247
-14.0512
0.213247
0.095352
0.0931756
0.0924158
0.0923309
0.0921421
0.0920572
0.0920587
0.0918416
0.0926911
0.0945914
0.10135
0.131541
0.20459
0.267093
0.307421
0.331493
0.347961
0.361672
0.375415
0.390189
0.406229
0.424389
0.44382
0.465567
0.489
0.514333
0.541995
0.571758
0.603875
0.638056
0.675018
0.714924
0.758003
0.802314
0.850892
0.903673
0.958594
1.01769
1.08105
1.1486
1.22039
1.29637
1.37875
1.46534
1.5603
1.65532
1.76305
1.8749
1.99531
2.1198
2.25925
2.40271
2.55484
2.71945
2.89473
3.08054
3.27903
3.49015
3.71608
3.9567
4.21233
4.48245
-14.6988
0.232659
0.103057
0.10103
0.100525
0.100481
0.100566
0.100923
0.100925
0.10135
0.10219
0.104304
0.112116
0.143154
0.21642
0.277227
0.316077
0.340353
0.357041
0.371608
0.386382
0.402013
0.419537
0.438327
0.459016
0.481612
0.506524
0.533123
0.561841
0.593102
0.626666
0.662974
0.701194
0.742787
0.786709
0.833802
0.886356
0.937476
0.99655
1.05995
1.12537
1.19504
1.26896
1.3492
1.43362
1.52653
1.62157
1.72502
1.83478
1.94885
2.07757
2.2086
2.34779
2.49997
2.6603
2.82929
3.01298
3.20724
3.41202
3.63372
3.86599
4.11507
4.38116
4.66619
-15.3118
0.251576
0.110869
0.109074
0.108757
0.108907
0.109223
0.109561
0.110214
0.11085
0.111907
0.114856
0.122882
0.155399
0.2274
0.285882
0.323889
0.347539
0.365057
0.380266
0.396312
0.412773
0.430939
0.450993
0.472954
0.496815
0.522356
0.550439
0.580857
0.61315
0.647973
0.685375
0.725685
0.768549
0.815
0.863779
0.917202
0.972915
1.03249
1.09791
1.16338
1.23941
1.3154
1.39773
1.48854
1.57933
1.68067
1.78837
1.90025
2.02481
2.14945
2.29081
2.43448
2.5928
2.75751
2.93485
3.12272
3.32333
3.53662
3.76667
4.00744
4.26931
4.54376
4.83513
-15.8909
0.26985
0.118703
0.117163
0.117056
0.117436
0.118006
0.118767
0.119379
0.120348
0.122038
0.125209
0.133863
0.167011
0.237742
0.293698
0.330011
0.353869
0.371818
0.388286
0.404542
0.422281
0.441706
0.462609
0.485621
0.510325
0.537351
0.566284
0.597727
0.63131
0.66763
0.706681
0.748287
0.792825
0.840346
0.891642
0.945896
1.0044
1.06709
1.13171
1.2035
1.2774
1.35764
1.44631
1.53498
1.63211
1.7377
1.84535
1.96574
2.08819
2.22325
2.36269
2.5189
2.6751
2.84827
3.03201
3.22622
3.43312
3.65481
3.88925
4.14044
4.40654
4.69357
4.99762
-16.4316
0.28738
0.126452
0.125185
0.12527
0.125903
0.126705
0.127676
0.128711
0.130127
0.131962
0.135552
0.145052
0.178203
0.247036
0.300028
0.335502
0.359363
0.377516
0.394622
0.412147
0.430725
0.451207
0.472948
0.496815
0.52257
0.550653
0.581059
0.613364
0.648193
0.68579
0.725898
0.768977
0.815
0.864182
0.916774
0.972941
1.0331
1.09668
1.16443
1.2396
1.3154
1.39773
1.48643
1.58145
1.68069
1.78623
1.90236
2.02061
2.15149
2.28877
2.43443
2.59073
2.75534
2.93279
3.12061
3.32121
3.5345
3.76465
4.00321
4.26292
4.53737
4.82879
5.14341
-16.927
0.304016
0.133989
0.13306
0.133356
0.134158
0.135236
0.136438
0.137874
0.139501
0.141823
0.146108
0.155611
0.188971
0.255056
0.305943
0.339724
0.363374
0.382374
0.40032
0.418691
0.438116
0.45923
0.482248
0.506946
0.533972
0.562899
0.593725
0.62751
0.663616
0.702245
0.743423
0.787753
0.835274
0.88574
0.939993
0.997645
1.05929
1.12517
1.19525
1.2696
1.3498
1.43576
1.52655
1.61943
1.7271
1.83272
1.95094
2.07551
2.20853
2.34787
2.49781
2.65612
2.82929
3.01082
3.20301
3.40991
3.62743
3.8596
4.10878
4.37694
4.65562
4.95755
5.27852
-17.3871
0.319671
0.141189
0.140556
0.141083
0.142118
0.143448
0.144906
0.146616
0.148685
0.151367
0.155905
0.165956
0.199106
0.262235
0.310376
0.343314
0.366539
0.386386
0.404967
0.424178
0.444663
0.466404
0.490479
0.515818
0.543895
0.573457
0.605763
0.640176
0.677333
0.716825
0.759261
0.804869
0.853421
0.905372
0.960897
1.02001
1.08316
1.15049
1.22251
1.29893
1.38065
1.46827
1.55905
1.65957
1.76302
1.87913
1.99526
2.12406
2.25711
2.40279
2.55688
2.72159
2.89262
3.08056
3.27686
3.48804
3.71185
3.95041
4.20593
4.47404
4.76757
5.07157
5.39672
-17.8002
0.334174
0.147925
0.147608
0.148368
0.149592
0.151092
0.152886
0.154894
0.157297
0.160404
0.165344
0.17569
0.207993
0.26857
0.314176
0.345849
0.369279
0.389557
0.408768
0.428825
0.449939
0.472954
0.497234
0.523838
0.55234
0.583173
0.616101
0.651364
0.689377
0.729913
0.773614
0.819858
0.869694
0.922884
0.979271
1.03987
1.10447
1.1731
1.24678
1.32469
1.40852
1.49698
1.59199
1.69313
1.80103
1.91293
2.03541
2.16629
2.30563
2.45134
2.60757
2.77437
2.95597
3.13964
3.34447
3.55776
3.78776
4.03075
4.29242
4.56485
4.86045
5.17502
5.51079
-18.1772
0.347491
0.154047
0.154026
0.154956
0.15637
0.158123
0.160171
0.162492
0.165218
0.168721
0.174001
0.184515
0.21625
0.273595
0.316986
0.347745
0.371397
0.391876
0.412144
0.432626
0.454583
0.478026
0.503356
0.530804
0.559947
0.591186
0.62498
0.661294
0.699929
0.741516
0.785658
0.833367
0.883827
0.937892
0.995732
1.05739
1.12327
1.19335
1.26769
1.34792
1.43216
1.52317
1.61923
1.72206
1.83059
1.94796
2.07212
2.20433
2.34364
2.49567
2.65406
2.82292
3.00452
3.19876
3.40148
3.62104
3.85335
4.10241
4.3643
4.64716
4.94698
5.26377
5.60573
-18.5052
0.359467
0.159368
0.159643
0.16072
0.162346
0.164288
0.166589
0.169208
0.172311
0.176132
0.181707
0.192433
0.223302
0.277839
0.319073
0.349059
0.372874
0.393985
0.41447
0.435794
0.458595
0.482453
0.508639
0.536294
0.566067
0.598372
0.632783
0.669524
0.709009
0.751238
0.796418
0.844562
0.896078
0.951181
1.00988
1.07239
1.13909
1.21026
1.28647
1.36692
1.45348
1.54513
1.64309
1.7474
1.85824
1.97649
2.10338
2.23554
2.37934
2.5303
2.69413
2.8673
3.04676
3.24522
3.45423
3.67382
3.91243
4.16158
4.42969
4.71482
5.01879
5.34391
5.68813
-18.7895
0.370013
0.163739
0.164225
0.165534
0.167265
0.169481
0.171974
0.17495
0.178308
0.182531
0.188379
0.199167
0.229235
0.281133
0.320722
0.350218
0.373906
0.395277
0.416514
0.438327
0.461343
0.486255
0.512647
0.541155
0.571343
0.604073
0.639119
0.676493
0.716608
0.759472
0.805077
0.854057
0.906429
0.961954
1.02129
1.08504
1.15262
1.22461
1.30168
1.38359
1.47081
1.5637
1.66295
1.76828
1.88104
2.00035
2.12829
2.26364
2.40826
2.56239
2.72667
2.89937
3.08791
3.28513
3.49436
3.72031
3.95678
4.21222
4.48461
4.77386
5.08003
5.40731
5.7578
-19.028
0.379001
0.166843
0.167645
0.16906
0.171087
0.173494
0.176323
0.17949
0.183228
0.187682
0.193847
0.204701
0.233942
0.283689
0.321862
0.350766
0.374584
0.396394
0.417974
0.44029
0.463917
0.489022
0.515815
0.54474
0.575567
0.608928
0.644191
0.68198
0.722523
0.765802
0.812256
0.861665
0.914235
0.971034
1.03099
1.09477
1.16338
1.23622
1.31371
1.39669
1.48495
1.5787
1.67898
1.7854
1.89878
2.01997
2.14836
2.28579
2.4315
2.58711
2.75241
2.92894
3.11643
3.31531
3.5288
3.75554
3.99707
4.25511
4.52685
4.82033
5.12858
5.46221
5.81054
-19.2208
0.386101
0.168511
0.169545
0.17134
0.17362
0.176301
0.179406
0.182932
0.18688
0.191631
0.197965
0.208901
0.237491
0.285524
0.322579
0.351168
0.37507
0.39709
0.419008
0.441662
0.465606
0.49109
0.518327
0.547424
0.578946
0.611967
0.647925
0.686248
0.727017
0.770874
0.817534
0.867366
0.920568
0.977156
1.03796
1.10278
1.17119
1.24488
1.32322
1.4064
1.4953
1.59009
1.6906
1.79829
1.91251
2.03433
2.16397
2.30207
2.44922
2.60567
2.77227
2.94984
3.13901
3.34023
3.55434
3.78279
4.0258
4.28402
4.56042
4.85325
5.16683
5.49869
5.85493
-19.3676
0.390633
0.168198
0.169898
0.172223
0.174936
0.178
0.181371
0.185107
0.189308
0.194249
0.200773
0.21171
0.239855
0.286665
0.323045
0.351421
0.375301
0.397556
0.419682
0.442592
0.466746
0.492463
0.519953
0.549344
0.580783
0.61446
0.650438
0.68895
0.730185
0.773976
0.821038
0.871077
0.92471
0.981758
1.04261
1.10747
1.17691
1.25071
1.32921
1.41316
1.50226
1.59748
1.69883
1.80672
1.92159
2.04405
2.17432
2.31303
2.46063
2.61814
2.78578
2.96398
3.1538
3.35607
3.57164
3.80073
4.04481
4.30494
4.58194
4.87692
5.19108
5.52596
5.88236
-19.4671
0.390417
0.165763
0.169019
0.172156
0.175346
0.178692
0.182277
0.186174
0.190531
0.195561
0.202145
0.21316
0.24101
0.287249
0.323275
0.351474
0.375469
0.39776
0.420013
0.443024
0.467321
0.493157
0.520745
0.550252
0.581831
0.615586
0.651709
0.69033
0.7316
0.775687
0.822787
0.873049
0.926708
0.983942
1.045
1.1101
1.17953
1.25352
1.33234
1.41633
1.506
1.60122
1.70284
1.81088
1.92619
2.04877
2.17948
2.31854
2.4668
2.62427
2.79223
2.97111
3.16135
3.36421
3.57993
3.80978
4.05461
4.31529
4.59288
4.88845
5.20347
5.53882
5.89619
-19.5193
0.390669
0.165767
0.16902
0.172161
0.175349
0.178696
0.182288
0.186172
0.190535
0.195555
0.202167
0.213153
0.241022
0.287263
0.323278
0.351495
0.375451
0.397773
0.420008
0.443046
0.467332
0.493162
0.520745
0.550273
0.581825
0.615594
0.651721
0.690335
0.731622
0.775685
0.822797
0.873057
0.926721
0.983967
1.04501
1.11012
1.17954
1.25354
1.33233
1.41653
1.50571
1.60136
1.70285
1.81101
1.92606
2.04882
2.1795
2.31852
2.4667
2.62446
2.79221
2.971
3.16145
3.36419
3.57983
3.80985
4.05464
4.31505
4.59297
4.88839
5.20341
5.53885
5.89619
-19.5244
0.391387
0.168213
0.169906
0.17222
0.174953
0.178012
0.181378
0.185127
0.189308
0.194291
0.200773
0.211752
0.239876
0.286686
0.323065
0.351401
0.375343
0.397577
0.419684
0.442591
0.466767
0.492483
0.519975
0.549364
0.580805
0.614501
0.650458
0.688992
0.730018
0.774187
0.821039
0.871269
0.924622
0.981759
1.04267
1.10773
1.17666
1.25069
1.32938
1.41295
1.50268
1.59748
1.69863
1.80672
1.92179
2.04405
2.17432
2.31304
2.46084
2.61814
2.78556
2.96399
3.15401
3.35586
3.57165
3.80072
4.04481
4.30493
4.58175
4.8769
5.19088
5.52574
5.88215
-19.4823
0.387365
0.16849
0.169566
0.171361
0.17362
0.176323
0.179448
0.182953
0.186922
0.191652
0.198007
0.208944
0.237512
0.285546
0.322622
0.351189
0.37509
0.397113
0.419048
0.441685
0.465626
0.491135
0.51839
0.54755
0.578776
0.612074
0.648138
0.686099
0.727335
0.77066
0.817534
0.867366
0.920782
0.977367
1.03796
1.10257
1.17161
1.24489
1.32321
1.40661
1.4953
1.58988
1.69101
1.79829
1.91251
2.03433
2.16398
2.30227
2.44901
2.60568
2.77248
2.94983
3.13881
3.34024
3.55432
3.78258
4.02539
4.28529
4.55934
4.85266
5.16638
5.49978
5.85491
-19.394
0.380738
0.166885
0.167645
0.169081
0.171108
0.173536
0.176323
0.179532
0.18327
0.187745
0.193869
0.204764
0.234006
0.283729
0.321885
0.35083
0.374605
0.396414
0.417974
0.440225
0.463939
0.489126
0.516006
0.544742
0.575781
0.608716
0.644188
0.682194
0.722519
0.766019
0.812464
0.861665
0.914443
0.970826
1.03099
1.09497
1.1636
1.23622
1.31392
1.39669
1.48495
1.5789
1.67899
1.7854
1.899
2.01997
2.14855
2.2856
2.4317
2.5871
2.75242
2.92894
3.11622
3.3151
3.52964
3.7566
3.99604
4.25193
4.52896
4.8203
5.12861
5.46007
5.81059
-19.2556
0.37226
0.163739
0.164246
0.165555
0.167307
0.169482
0.172037
0.174993
0.178371
0.182552
0.188463
0.199253
0.229298
0.281196
0.320763
0.350155
0.37397
0.395425
0.416368
0.438539
0.461552
0.486044
0.512647
0.541152
0.571554
0.604284
0.639122
0.676701
0.716611
0.759469
0.805294
0.854057
0.906429
0.962155
1.02171
1.08505
1.1526
1.22504
1.30168
1.38361
1.4708
1.56412
1.66294
1.76851
1.88104
2.00055
2.12809
2.26384
2.40826
2.56218
2.7273
2.89958
3.08728
3.28366
3.49436
3.71819
3.95886
4.21436
4.4825
4.77178
5.08214
5.40517
5.75775
-19.0724
0.362177
0.159411
0.159642
0.160762
0.162389
0.16433
0.166631
0.169249
0.172354
0.176216
0.181814
0.192474
0.223387
0.277903
0.319243
0.349266
0.372662
0.393987
0.414681
0.436002
0.458387
0.482666
0.508635
0.536297
0.566278
0.59858
0.632575
0.669741
0.709214
0.751452
0.796204
0.844983
0.896078
0.951401
1.00988
1.07259
1.13931
1.21026
1.28647
1.36734
1.4537
1.54514
1.6433
1.74738
1.85825
1.9767
2.10188
2.23788
2.37787
2.53326
2.69202
2.86518
3.04887
3.24731
3.45215
3.67382
3.91031
4.16158
4.42972
4.71474
5.01879
5.34396
5.68602
-18.8437
0.350698
0.154048
0.154069
0.154976
0.156412
0.158165
0.160214
0.162556
0.165301
0.168786
0.174064
0.184621
0.216418
0.27368
0.316984
0.347748
0.371608
0.391876
0.412144
0.432626
0.454794
0.478233
0.503359
0.530807
0.559938
0.591407
0.625395
0.66108
0.700143
0.741516
0.78608
0.833367
0.884041
0.938093
0.995952
1.05761
1.12326
1.19337
1.26811
1.34792
1.43258
1.52315
1.61945
1.72206
1.83269
1.9465
2.07342
2.20219
2.34575
2.49355
2.65406
2.82504
3.0045
3.19667
3.40148
3.62106
3.85539
4.10037
4.36423
4.64721
4.9428
5.26583
5.60578
-18.5712
0.337852
0.147945
0.147629
0.148411
0.149614
0.151155
0.152928
0.154977
0.157362
0.16051
0.165342
0.175796
0.208247
0.268569
0.313966
0.34606
0.369493
0.389554
0.408979
0.428828
0.449936
0.472954
0.497658
0.523835
0.55256
0.583167
0.616108
0.651786
0.689371
0.730335
0.773614
0.820065
0.869908
0.92289
0.979472
1.04008
1.10469
1.17351
1.24678
1.32512
1.40832
1.4974
1.59092
1.69378
1.79869
1.91716
2.03539
2.16629
2.30563
2.44925
2.60966
2.7744
2.95386
3.14175
3.34447
3.55771
3.78575
4.03065
4.29252
4.5648
4.86045
5.17291
5.50862
-18.2502
0.323789
0.141211
0.140619
0.141105
0.142161
0.14349
0.144989
0.14668
0.14877
0.151449
0.156034
0.166167
0.198894
0.262449
0.310587
0.34331
0.366753
0.386386
0.405178
0.424178
0.444663
0.466831
0.490265
0.51624
0.543895
0.573665
0.605763
0.640384
0.677553
0.716818
0.759689
0.804869
0.853837
0.905586
0.961111
1.02001
1.08336
1.15092
1.22273
1.29893
1.38086
1.46743
1.56329
1.65743
1.76514
1.87493
1.99738
2.12406
2.25711
2.40488
2.55482
2.72159
2.89259
3.07845
3.27898
3.48804
3.71185
3.95041
4.20165
4.47621
4.76541
5.07162
5.39677
-17.8847
0.308605
0.134011
0.133081
0.133399
0.134221
0.135279
0.136523
0.137915
0.139564
0.142057
0.146108
0.155609
0.189181
0.255269
0.30594
0.339727
0.363582
0.382585
0.400109
0.418905
0.43833
0.459224
0.482456
0.50716
0.533972
0.562899
0.594361
0.627723
0.663603
0.702472
0.743624
0.788194
0.835274
0.885941
0.940207
0.99806
1.0595
1.12538
1.19547
1.27085
1.34961
1.43574
1.52444
1.62157
1.72502
1.83478
1.95094
2.07553
2.2085
2.34787
2.49781
2.65821
2.82718
3.01087
3.20301
3.4078
3.62738
3.86176
4.10878
4.37482
4.65355
4.95755
5.27636
-17.4784
0.292409
0.126472
0.125207
0.125333
0.125944
0.126768
0.12772
0.128796
0.130189
0.131961
0.135765
0.145054
0.178413
0.247033
0.300452
0.335502
0.359149
0.37773
0.394833
0.412354
0.430933
0.451207
0.472954
0.497237
0.522784
0.551075
0.580845
0.613565
0.648419
0.685992
0.726326
0.768964
0.815428
0.864408
0.916975
0.973356
1.03332
1.09729
1.16633
1.23603
1.31749
1.39776
1.48643
1.58354
1.68069
1.78837
1.90025
2.02059
2.15154
2.28666
2.43652
2.58862
2.75751
2.93269
3.12066
3.32121
3.5345
3.76038
4.00538
4.26075
4.53737
4.82884
5.14129
-17.0293
0.275308
0.118724
0.117203
0.117078
0.117479
0.118091
0.11864
0.119695
0.12035
0.122039
0.125417
0.134073
0.167011
0.237956
0.293698
0.330433
0.353869
0.372029
0.388289
0.404542
0.422489
0.441712
0.463025
0.485407
0.510747
0.537357
0.566693
0.597954
0.631738
0.668046
0.706681
0.748702
0.792825
0.840975
0.891856
0.946122
1.00418
1.06606
1.1317
1.20561
1.27742
1.35973
1.44631
1.53287
1.63423
1.73556
1.84747
1.96574
2.08817
2.2233
2.36476
2.51678
2.67515
2.84827
3.02985
3.22834
3.43105
3.65486
3.88919
4.13833
4.40865
4.68934
4.99551
-16.5403
0.257425
0.110913
0.109117
0.1088
0.10897
0.109328
0.109898
0.110005
0.110846
0.112116
0.114859
0.123096
0.155399
0.227397
0.286096
0.323889
0.347747
0.365063
0.380681
0.396312
0.412993
0.431355
0.451207
0.473168
0.496809
0.522778
0.55066
0.580857
0.613351
0.648199
0.685778
0.725898
0.768977
0.815201
0.864207
0.91612
0.974853
1.03247
1.09793
1.16549
1.23939
1.3154
1.39773
1.48857
1.57931
1.68278
1.78628
1.90236
2.0227
2.15152
2.2888
2.43654
2.59275
2.75756
2.93269
3.12066
3.32544
3.53657
3.7646
4.00754
4.26498
4.54376
4.83513
-16.01
0.238931
0.103099
0.101054
0.100565
0.100524
0.100609
0.100925
0.100923
0.10156
0.102193
0.104515
0.112116
0.143575
0.216627
0.277227
0.316287
0.340362
0.357242
0.371608
0.386596
0.40222
0.419537
0.438333
0.459432
0.482034
0.506531
0.53355
0.562257
0.593518
0.626868
0.662986
0.701622
0.743215
0.787137
0.834406
0.886381
0.939565
0.996575
1.05993
1.12325
1.19506
1.27108
1.34918
1.43574
1.52444
1.62154
1.72499
1.83483
1.95097
2.07757
2.20644
2.34784
2.49997
2.6603
2.83141
3.01298
3.20296
3.41208
3.63161
3.86589
4.11728
4.37905
4.66619
-15.441
0.219925
0.095352
0.0931961
0.0924787
0.09229
0.0922679
0.0920572
0.0922695
0.0920556
0.0926911
0.0945883
0.101346
0.131752
0.204807
0.267093
0.307632
0.331698
0.347961
0.362106
0.375408
0.390397
0.406657
0.424596
0.44404
0.46556
0.489415
0.514547
0.542209
0.571985
0.604278
0.638282
0.675647
0.715126
0.756732
0.804441
0.850892
0.903673
0.960683
1.0156
1.08313
1.1486
1.22039
1.29642
1.37873
1.46743
1.55822
1.6596
1.76083
1.87495
1.99531
2.12192
2.25708
2.40276
2.55479
2.7195
2.89257
3.0827
3.27691
3.49015
3.71396
3.95459
4.21011
4.48255
-14.8336
0.200553
0.0878554
0.0855334
0.0846462
0.0842451
0.0840343
0.0838219
0.0833987
0.0834034
0.0833971
0.085093
0.0914232
0.119717
0.192348
0.25611
0.297709
0.321778
0.337616
0.350698
0.363585
0.377101
0.392291
0.409193
0.427762
0.448262
0.470424
0.494487
0.520664
0.549168
0.579586
0.612521
0.647557
0.685576
0.727585
0.768561
0.815
0.865667
0.918473
0.975458
1.03458
1.10005
1.1676
1.24359
1.31963
1.40196
1.49277
1.58354
1.68703
1.79677
1.90662
2.03116
2.15998
2.2972
2.445
2.60332
2.77024
2.94538
3.13747
3.33813
3.55771
3.78152
4.0307
4.28824
-14.1914
0.181022
0.0805703
0.0781005
0.0771723
0.0765808
0.0762206
0.075799
0.0753774
0.0747419
0.074745
0.0762206
0.0812892
0.108315
0.179467
0.244292
0.286301
0.310804
0.326
0.338037
0.350069
0.362943
0.376893
0.392713
0.410036
0.429247
0.45015
0.473168
0.497872
0.524477
0.553397
0.584847
0.618222
0.654542
0.691693
0.732644
0.781222
0.823457
0.874099
0.931133
0.986029
1.04724
1.11482
1.1824
1.2563
1.33858
1.41887
1.51175
1.60891
1.70601
1.81787
1.93405
2.05864
2.18741
2.33103
2.47666
2.6371
2.81026
2.98766
3.18187
3.38253
3.60624
3.83639
4.08768
-13.5165
0.161382
0.0735825
0.0710907
0.0699502
0.0694232
0.0688317
0.0679885
0.0675653
0.0669298
0.0667221
0.0675622
0.0724231
0.0973318
0.166382
0.230987
0.274062
0.298124
0.313119
0.324314
0.335288
0.347117
0.360199
0.374999
0.39124
0.408972
0.428617
0.45015
0.473583
0.498703
0.526163
0.55531
0.586973
0.619266
0.658745
0.696777
0.736873
0.783336
0.831889
0.878352
0.937451
0.994461
1.05361
1.12114
1.1929
1.26478
1.3492
1.43151
1.52232
1.62154
1.72293
1.83055
1.94885
2.07757
2.20433
2.35001
2.50198
2.65824
2.83141
3.01505
3.20936
3.41625
3.63795
3.87434
-12.8093
0.141844
0.0669109
0.064375
0.0633226
0.0624967
0.061652
0.0610196
0.0603856
0.0595424
0.0591177
0.0595424
0.0639755
0.0865686
0.153077
0.217471
0.260546
0.284621
0.298552
0.309319
0.319248
0.330436
0.342253
0.355763
0.370764
0.387653
0.406015
0.425874
0.447621
0.471696
0.496815
0.524666
0.553397
0.586961
0.620764
0.656656
0.696752
0.736873
0.783361
0.831864
0.880467
0.937476
0.994461
1.05781
1.12328
1.19501
1.26685
1.35127
1.43579
1.52439
1.62371
1.72927
1.83685
1.95313
2.0818
2.21485
2.35419
2.50631
2.67082
2.83986
3.02562
3.21993
3.42884
3.64862
-12.0664
0.122482
0.0606184
0.0581062
0.0567753
0.055951
0.0553202
0.0544738
0.0534199
0.0527843
0.0519411
0.0523627
0.0561602
0.0768561
0.139774
0.203114
0.245771
0.269412
0.283142
0.293059
0.302353
0.311854
0.323049
0.335502
0.349433
0.36485
0.381952
0.400528
0.420815
0.44275
0.466624
0.49197
0.521708
0.54898
0.580618
0.616535
0.652428
0.690409
0.734758
0.779133
0.82766
0.874124
0.935337
0.988118
1.0515
1.11905
1.19084
1.26262
1.34281
1.4295
1.52016
1.61731
1.72081
1.8305
1.94885
2.07138
2.20639
2.34996
2.49786
2.66035
2.83131
3.01515
3.21147
3.4225
-11.3025
0.103453
0.0547051
0.052174
0.0509894
0.0500408
0.0491945
0.0481405
0.0472941
0.046451
0.0456078
0.0458186
0.0487729
0.0673545
0.126894
0.187915
0.230141
0.25358
0.266247
0.275333
0.283765
0.292644
0.302768
0.313969
0.326843
0.341001
0.356405
0.373722
0.3927
0.412572
0.434948
0.459236
0.483513
0.513062
0.540523
0.572186
0.608078
0.643996
0.681977
0.724187
0.768587
0.817089
0.865667
0.920612
0.979661
1.03881
1.10425
1.17609
1.24782
1.33013
1.41465
1.50334
1.59839
1.70178
1.81152
1.92559
2.05024
2.18313
2.32459
2.47248
2.63508
2.80392
2.98555
3.17966
-10.5056
0.0848618
0.0491111
0.0466822
0.04529
0.0445506
0.0434966
0.0426472
0.0415963
0.0403284
0.0399036
0.0396929
0.0422287
0.05891
0.113802
0.172719
0.213673
0.236263
0.248301
0.256531
0.264139
0.272155
0.281248
0.291366
0.302995
0.315856
0.330228
0.345834
0.362748
0.381965
0.401572
0.424175
0.445532
0.472941
0.500402
0.529951
0.559526
0.595418
0.627082
0.669317
0.707298
0.753761
0.798136
0.850892
0.89947
0.960683
1.01767
1.08316
1.15283
1.22466
1.30269
1.3851
1.47581
1.56879
1.66806
1.7777
1.89187
2.01006
2.14316
2.28029
2.42809
2.58635
2.75328
2.93068
-9.68522
0.0667856
0.0438962
0.0415538
0.0404322
0.039062
0.0384265
0.0373741
0.0363138
0.0352598
0.0344166
0.033995
0.0365277
0.0508809
0.101563
0.156871
0.196363
0.217688
0.229505
0.236691
0.243235
0.250409
0.258645
0.267732
0.278064
0.28968
0.302567
0.316926
0.332343
0.349206
0.368461
0.386999
0.409614
0.430732
0.456078
0.485602
0.508859
0.542612
0.57644
0.610193
0.648199
0.686231
0.728415
0.774829
0.825571
0.872035
0.931133
0.990232
1.0515
1.119
1.18666
1.2668
1.34498
1.43156
1.52439
1.62164
1.72494
1.83901
1.95298
2.08396
2.21706
2.36053
2.51256
2.67737
-8.84123
0.0493119
0.039018
0.036759
0.0354517
0.0346258
0.0333595
0.0327271
0.0314592
0.0304052
0.0295588
0.029348
0.0308268
0.0437074
0.0893089
0.141253
0.178416
0.198678
0.208822
0.215781
0.221488
0.228033
0.234784
0.243027
0.252315
0.262446
0.274049
0.286735
0.300654
0.315882
0.330644
0.35049
0.371608
0.390611
0.411703
0.43496
0.46451
0.487741
0.51938
0.54898
0.584872
0.618599
0.66086
0.696802
0.743215
0.789679
0.840321
0.888898
0.950111
1.00715
1.0747
1.14019
1.21399
1.29222
1.37246
1.46307
1.55832
1.65527
1.76733
1.87707
1.99939
2.12836
2.26972
2.41751
-7.97739
0.0324614
0.0344811
0.0323448
0.0311225
0.029982
0.0291388
0.0280801
0.0272369
0.0261829
0.0251258
0.0247011
0.0259721
0.0371601
0.0779101
0.125207
0.159621
0.178416
0.187912
0.193827
0.198892
0.203958
0.210307
0.217254
0.225497
0.234583
0.2445
0.255688
0.268147
0.281235
0.298124
0.310395
0.327258
0.346262
0.369519
0.386382
0.411703
0.43496
0.462395
0.48983
0.517291
0.553233
0.582732
0.622853
0.658745
0.703095
0.74533
0.793857
0.840371
0.897355
0.952226
1.0155
1.07908
1.14855
1.22245
1.30068
1.38082
1.47596
1.56657
1.67007
1.7778
1.8961
2.01641
2.14729
-7.0935
0.0163815
0.0301928
0.0281871
0.0268562
0.0261814
0.0251242
0.0240718
0.0230147
0.0221683
0.0211144
0.0206928
0.0217467
0.0308268
0.0669329
0.109162
0.140825
0.157299
0.165957
0.170815
0.175245
0.179467
0.184961
0.190863
0.19742
0.205436
0.214321
0.224012
0.234369
0.245972
0.257601
0.274477
0.287138
0.304052
0.318801
0.339944
0.356858
0.382129
0.401182
0.426503
0.453963
0.479234
0.513113
0.540497
0.57644
0.612282
0.650339
0.690409
0.736873
0.781222
0.834028
0.882606
0.941554
1.00085
1.0663
1.13385
1.20976
1.28588
1.36813
1.45693
1.55399
1.65104
1.76088
1.87707
-6.19391
0.0010104
0.0261798
0.0243031
0.0233104
0.0221699
0.0213252
0.020268
0.019428
0.0183677
0.0175245
0.0171029
0.0177353
0.0255474
0.0559494
0.0933235
0.120985
0.136188
0.14294
0.147376
0.150547
0.154342
0.158344
0.163654
0.16933
0.175874
0.183048
0.191089
0.200377
0.210508
0.219557
0.232267
0.244928
0.257588
0.274502
0.289252
0.306141
0.323055
0.342033
0.363176
0.386357
0.409664
0.432821
0.464535
0.489805
0.519405
0.553183
0.59124
0.624917
0.665088
0.707323
0.753736
0.802415
0.852956
0.907927
0.964811
1.02834
1.09368
1.16557
1.24359
1.3196
1.4083
1.50133
1.59818
-5.277
-0.0135634
0.0223823
0.0206707
0.0194878
0.0187909
0.0177369
0.0171029
0.0158318
0.0152057
0.0141423
0.013727
0.0139347
0.020268
0.0460294
0.0776993
0.101139
0.113592
0.119714
0.122672
0.125415
0.128593
0.131538
0.13554
0.140209
0.145268
0.151384
0.157941
0.165102
0.173131
0.183715
0.190007
0.200579
0.215378
0.223785
0.236496
0.251245
0.266045
0.282934
0.299798
0.316737
0.337779
0.356858
0.3779
0.405436
0.428592
0.456078
0.483513
0.515176
0.548954
0.580618
0.620789
0.658745
0.70093
0.747444
0.796072
0.846613
0.89947
0.960683
1.0219
1.08955
1.16124
1.23513
1.31548
-4.3493
-0.0273483
0.0187704
0.0172083
0.0161937
0.0152026
0.0147778
0.0135131
0.0130946
0.0118204
0.0111943
0.0105525
0.0109803
0.0154165
0.036103
0.0616535
0.0810721
0.0910016
0.0956517
0.0977597
0.0998677
0.101346
0.104304
0.106846
0.110408
0.114661
0.118865
0.12415
0.129851
0.136408
0.141455
0.149912
0.160483
0.164661
0.175258
0.187918
0.19635
0.209036
0.219582
0.234382
0.247017
0.263931
0.278681
0.297759
0.314573
0.335715
0.354694
0.380065
0.401207
0.428592
0.456027
0.483563
0.517291
0.549005
0.584746
0.622903
0.66086
0.707273
0.751672
0.798186
0.852956
0.908027
0.968939
1.03257
-3.41024
-0.0403868
0.015286
0.0138717
0.0130285
0.0122451
0.0111927
0.0107664
0.00971242
0.00908002
0.00844448
0.00760129
0.00781209
0.0113988
0.0266045
0.0460294
0.0606027
0.0677761
0.0709412
0.0724199
0.0732568
0.0747545
0.0760129
0.0781146
0.0804428
0.0829724
0.0861564
0.0897305
0.0937451
0.098175
0.103448
0.107702
0.11188
0.120362
0.128819
0.130883
0.143594
0.147797
0.160458
0.166775
0.179461
0.187968
0.202668
0.213239
0.225925
0.240724
0.255474
0.272338
0.289252
0.30828
0.327359
0.350364
0.369493
0.394865
0.420236
0.445506
0.479234
0.50682
0.540447
0.578504
0.614446
0.654517
0.696903
0.745229
-2.46594
-0.0526232
0.011866
0.010683
0.00971242
0.00929082
0.00844606
0.00760129
0.00717655
0.00633336
0.00549017
0.00506858
0.00485778
0.0069689
0.0175245
0.0304052
0.0399005
0.0445506
0.0458154
0.0466649
0.0466712
0.0470676
0.047722
0.0487666
0.0498489
0.0512962
0.0532091
0.0551094
0.0572237
0.0595393
0.0633525
0.0654416
0.0696953
0.0738735
0.0738987
0.08447
0.0823306
0.0929019
0.0950162
0.103498
0.107677
0.113969
0.122476
0.128819
0.135112
0.147797
0.156204
0.162597
0.177397
0.185804
0.198389
0.209111
0.225925
0.240624
0.25341
0.274452
0.287238
0.310294
0.329423
0.350465
0.373722
0.401107
0.426478
0.456078
-1.51575
-0.0641941
0.00855146
0.00753837
0.00677698
0.00612257
0.00548703
0.00507172
0.00401144
0.00380065
0.00316511
0.00232506
0.00231877
0.00295746
0.00844763
0.0147747
0.0190032
0.0206959
0.0209036
0.0200541
0.0198464
0.0194311
0.0192046
0.0190158
0.0192046
0.0194311
0.0198464
0.0202617
0.0209036
0.0215328
0.0211175
0.0253209
0.0232318
0.0253712
0.02741
0.0274603
0.0316888
0.0295494
0.0358922
0.0337779
0.0358922
0.0401207
0.042235
0.0442989
0.0485778
0.0485778
0.0549206
0.0569845
0.0590988
0.0654919
0.0696701
0.0738987
0.0781272
0.08447
0.0907121
0.0929271
0.103498
0.109741
0.116184
0.12454
0.135112
0.141455
0.154241
0.164711
-0.557922
-0.0750177
0.00519285
0.00439214
0.0039265
0.00295746
0.00274509
0.00210797
0.00168953
0.000846336
0.000424741
0.000207651
-0.000632392
-0.000635539
-0.00084319
-0.00084319
-0.00168638
-0.0031714
-0.00485778
-0.00590862
-0.00739364
-0.00844448
-0.00948903
-0.0105713
-0.0116159
-0.0126604
-0.0137302
-0.0145608
-0.0158444
-0.0179335
-0.016889
-0.0211175
-0.016889
-0.0232318
-0.0232066
-0.0253712
-0.025346
-0.0274351
-0.0316637
-0.0316637
-0.0316637
-0.0358922
-0.0380065
-0.0401207
-0.042235
-0.0443493
-0.0506921
-0.0485275
-0.0528063
-0.0591491
-0.0590988
-0.0654416
-0.0675559
-0.0738987
-0.0760129
-0.0802415
-0.08447
-0.0928264
-0.0950414
-0.101384
-0.109741
-0.111855
-0.120413
-0.12887
0.399081
-0.0852005
0.00181695
0.00120186
0.000635539
0.000209224
-0.000209224
-0.00084319
-0.00105713
-0.00147873
-0.00190032
-0.00253272
-0.00316825
-0.00464384
-0.00971556
-0.0164674
-0.0228039
-0.0272401
-0.0301849
-0.0325194
-0.0344135
-0.0363201
-0.0382204
-0.0403221
-0.0424364
-0.0445506
-0.0470802
-0.0498363
-0.0523533
-0.0555373
-0.059124
-0.0590988
-0.067581
-0.0696953
-0.0717844
-0.078102
-0.0823306
-0.0865843
-0.0929019
-0.0971556
-0.105562
-0.109791
-0.118248
-0.12454
-0.130883
-0.141505
-0.147747
-0.160483
-0.16889
-0.177397
-0.189982
-0.202768
-0.215353
-0.225925
-0.244852
-0.255524
-0.276566
-0.289353
-0.310294
-0.327309
-0.348351
-0.371708
-0.39265
-0.416007
1.35337
-0.094814
-0.00162581
-0.00204662
-0.00255631
-0.00274351
-0.00316825
-0.00358985
-0.00380065
-0.00443304
-0.00443619
-0.00506543
-0.00570097
-0.00865528
-0.0185816
-0.0323055
-0.044129
-0.0513024
-0.0555373
-0.0589037
-0.0614396
-0.0639755
-0.0671406
-0.0698841
-0.0730555
-0.0766548
-0.0802289
-0.0844574
-0.0888873
-0.0918448
-0.0992447
-0.105562
-0.109791
-0.116134
-0.122451
-0.130908
-0.139365
-0.145683
-0.154115
-0.164711
-0.173118
-0.185804
-0.196325
-0.209061
-0.221746
-0.236446
-0.249131
-0.266045
-0.282959
-0.299773
-0.320916
-0.337779
-0.361137
-0.384193
-0.40755
-0.434935
-0.460407
-0.489705
-0.52162
-0.555247
-0.586961
-0.627031
-0.665289
-0.709186
2.30636
-0.103874
-0.0052778
-0.00542725
-0.00563805
-0.00608009
-0.00633494
-0.00633336
-0.00696576
-0.0067581
-0.0073905
-0.00760129
-0.00844448
-0.0126699
-0.0280801
-0.0483513
-0.0648187
-0.0751698
-0.081286
-0.084879
-0.0882581
-0.0918448
-0.0952301
-0.0992321
-0.103675
-0.108092
-0.113604
-0.118865
-0.124993
-0.131752
-0.137251
-0.147797
-0.15414
-0.162547
-0.173143
-0.181575
-0.194261
-0.204807
-0.217493
-0.230103
-0.244953
-0.259703
-0.274502
-0.29348
-0.310344
-0.329373
-0.35263
-0.371608
-0.394814
-0.422249
-0.447721
-0.475005
-0.506719
-0.538433
-0.572161
-0.608104
-0.64606
-0.690459
-0.73053
-0.779057
-0.827786
-0.880341
-0.937325
-0.996726
3.2501
-0.112447
-0.00905879
-0.00901553
-0.0091634
-0.00931127
-0.00950005
-0.00971556
-0.00971242
-0.00992321
-0.0101309
-0.0101372
-0.0116127
-0.0168921
-0.0375817
-0.0643971
-0.0861438
-0.0990245
-0.10599
-0.110854
-0.114856
-0.119079
-0.123307
-0.128165
-0.133652
-0.139567
-0.145897
-0.15307
-0.160684
-0.169771
-0.179436
-0.185829
-0.198464
-0.209036
-0.221696
-0.234356
-0.247042
-0.263906
-0.278706
-0.297709
-0.312509
-0.333551
-0.354744
-0.373722
-0.399043
-0.424414
-0.449735
-0.479284
-0.508834
-0.540548
-0.574225
-0.612332
-0.650288
-0.690459
-0.734758
-0.781272
-0.833927
-0.882556
-0.941755
-1.00075
-1.0663
-1.13395
-1.20554
-1.28366
4.19111
-0.120645
-0.0130915
-0.0127737
-0.0127941
-0.0129861
-0.0128791
-0.0130899
-0.0130915
-0.0128775
-0.0128838
-0.0135099
-0.0143563
-0.021536
-0.0477189
-0.0808676
-0.107047
-0.12225
-0.130908
-0.136181
-0.141046
-0.145689
-0.15117
-0.15667
-0.163
-0.170387
-0.178203
-0.18666
-0.196149
-0.206267
-0.216863
-0.228014
-0.242814
-0.255474
-0.270274
-0.285049
-0.301912
-0.320941
-0.339919
-0.358947
-0.384268
-0.403322
-0.430706
-0.458142
-0.487741
-0.515176
-0.548954
-0.582732
-0.620789
-0.658745
-0.701031
-0.745279
-0.791843
-0.844499
-0.895241
-0.95434
-1.01344
-1.0811
-1.14644
-1.22255
-1.30058
-1.38082
-1.47395
-1.56456
5.11721
-0.128481
-0.0173963
-0.0168496
-0.0167222
-0.0166797
-0.0168921
-0.0164674
-0.0164705
-0.0164705
-0.0162534
-0.0164705
-0.01816
-0.0263937
-0.0578498
-0.0975426
-0.127957
-0.145475
-0.154763
-0.161314
-0.166379
-0.17208
-0.177775
-0.184747
-0.192348
-0.200591
-0.209438
-0.219796
-0.230782
-0.242398
-0.253775
-0.272388
-0.282909
-0.299823
-0.316712
-0.33783
-0.356808
-0.375836
-0.399068
-0.424389
-0.449685
-0.47722
-0.508834
-0.536319
-0.572161
-0.608104
-0.64611
-0.68618
-0.728415
-0.776993
-0.825571
-0.876313
-0.933097
-0.992498
-1.05562
-1.12318
-1.19517
-1.27108
-1.35333
-1.4379
-1.53073
-1.63
-1.7335
-1.84747
6.0348
-0.136036
-0.0220433
-0.0212198
-0.0209869
-0.0208186
-0.0206928
-0.0206912
-0.020268
-0.0200572
-0.0198496
-0.0200572
-0.0219575
-0.03167
-0.0692548
-0.114023
-0.148427
-0.168065
-0.178416
-0.185168
-0.191499
-0.19742
-0.204178
-0.21198
-0.220425
-0.229939
-0.240699
-0.252101
-0.264346
-0.278278
-0.293078
-0.30823
-0.325169
-0.346287
-0.365265
-0.384268
-0.4075
-0.432846
-0.460281
-0.485627
-0.515227
-0.548904
-0.580618
-0.620789
-0.654567
-0.696701
-0.741101
-0.789679
-0.838206
-0.888949
-0.947997
-1.00715
-1.07052
-1.14009
-1.21198
-1.29011
-1.37236
-1.45895
-1.55399
-1.65326
-1.75877
-1.87284
-1.99305
-2.11991
6.93553
-0.143304
-0.0270694
-0.025969
-0.0255694
-0.0253586
-0.0251667
-0.024915
-0.0244934
-0.0240687
-0.023861
-0.0242795
-0.0259721
-0.0377925
-0.080446
-0.131113
-0.168701
-0.189604
-0.201428
-0.208815
-0.215158
-0.221897
-0.229939
-0.238384
-0.248087
-0.258645
-0.270677
-0.28335
-0.297709
-0.312912
-0.331273
-0.346287
-0.367379
-0.386382
-0.409589
-0.43496
-0.458192
-0.487716
-0.515202
-0.548954
-0.580618
-0.61865
-0.654567
-0.694587
-0.741101
-0.785501
-0.833978
-0.886784
-0.943819
-1.00498
-1.06625
-1.13592
-1.2078
-1.28155
-1.36823
-1.4526
-1.54352
-1.64681
-1.75041
-1.86227
-1.98469
-2.10933
-2.24646
-2.39214
7.81901
-0.150481
-0.0324518
-0.0311225
-0.030594
-0.0302557
-0.0300874
-0.0293496
-0.0293465
-0.0287188
-0.0282878
-0.028508
-0.0306128
-0.0445538
-0.0924772
-0.148011
-0.188547
-0.21093
-0.222753
-0.231198
-0.238377
-0.246193
-0.254203
-0.263931
-0.274477
-0.286722
-0.299408
-0.314183
-0.329574
-0.34669
-0.364434
-0.385338
-0.4075
-0.428592
-0.456078
-0.479284
-0.513062
-0.538433
-0.574275
-0.605989
-0.64606
-0.681977
-0.728466
-0.772765
-0.819228
-0.871984
-0.926905
-0.986054
-1.04727
-1.11271
-1.18238
-1.26051
-1.33853
-1.42743
-1.51382
-1.61309
-1.7187
-1.82431
-1.94462
-2.06906
-2.20015
-2.34573
-2.49363
-2.65401
8.68288
-0.157417
-0.0383211
-0.0366756
-0.0360621
-0.0356625
-0.0351969
-0.0348382
-0.0342043
-0.0337811
-0.0333626
-0.0333595
-0.0361061
-0.0515132
-0.105361
-0.1649
-0.207551
-0.231198
-0.243864
-0.252529
-0.260539
-0.268361
-0.278076
-0.288409
-0.300251
-0.313126
-0.327888
-0.343317
-0.361049
-0.379423
-0.399886
-0.422489
-0.445506
-0.470852
-0.496198
-0.527837
-0.557411
-0.593279
-0.627107
-0.665088
-0.707323
-0.751672
-0.795971
-0.844599
-0.899419
-0.956454
-1.0156
-1.07893
-1.14855
-1.22255
-1.29851
-1.38082
-1.46962
-1.56234
-1.66383
-1.76944
-1.88109
-2.00584
-2.13038
-2.26982
-2.4155
-2.56954
-2.73637
-2.91598
9.53178
-0.164255
-0.0446151
-0.0427541
-0.041977
-0.0415082
-0.0410033
-0.04075
-0.0396944
-0.0392744
-0.0386357
-0.0390605
-0.0422287
-0.0595424
-0.118449
-0.181789
-0.226135
-0.250201
-0.263503
-0.272791
-0.281242
-0.290315
-0.300452
-0.311854
-0.324729
-0.339088
-0.354517
-0.372023
-0.390611
-0.411301
-0.433261
-0.45648
-0.482053
-0.510948
-0.540497
-0.572211
-0.605964
-0.641881
-0.679863
-0.724187
-0.764358
-0.814975
-0.863552
-0.920562
-0.975533
-1.0367
-1.10425
-1.17181
-1.24576
-1.32378
-1.41253
-1.497
-1.59617
-1.69549
-1.8074
-1.91915
-2.04611
-2.17467
-2.31623
-2.46403
-2.6223
-2.79335
-2.97286
-3.16284
10.3509
-0.170964
-0.0514118
-0.049281
-0.0484347
-0.0478872
-0.0473807
-0.0465973
-0.0462402
-0.0453923
-0.0449754
-0.045183
-0.0487729
-0.0686224
-0.132173
-0.198263
-0.243232
-0.268147
-0.282292
-0.291794
-0.300874
-0.310804
-0.321778
-0.33423
-0.347961
-0.363377
-0.380681
-0.399257
-0.419544
-0.441492
-0.465139
-0.491114
-0.51982
-0.546865
-0.580643
-0.614396
-0.650313
-0.690434
-0.732644
-0.777018
-0.825546
-0.876238
-0.931133
-0.986029
-1.05145
-1.11694
-1.18661
-1.26051
-1.34286
-1.42733
-1.51598
-1.6152
-1.71658
-1.82849
-1.94029
-2.07138
-2.20005
-2.3416
-2.49141
-2.65401
-2.82496
-3.00669
-3.2009
-3.4078
11.147
-0.177505
-0.0586552
-0.0563529
-0.0553611
-0.05479
-0.054263
-0.053714
-0.0527859
-0.0521535
-0.0517272
-0.0523627
-0.0559526
-0.0783317
-0.146322
-0.214095
-0.260121
-0.284828
-0.29898
-0.309533
-0.319242
-0.330008
-0.341838
-0.355354
-0.370337
-0.386798
-0.405184
-0.425245
-0.446765
-0.470626
-0.496186
-0.523634
-0.552541
-0.58613
-0.620739
-0.654542
-0.694663
-0.738962
-0.781247
-0.829774
-0.880441
-0.935362
-0.992346
-1.05779
-1.12117
-1.19295
-1.26685
-1.3492
-1.43151
-1.52444
-1.62154
-1.72504
-1.83478
-1.95303
-2.07772
-2.21052
-2.35207
-2.50208
-2.6667
-2.83553
-3.01938
-3.21359
-3.42048
-3.64419
11.9167
-0.1839
-0.0664248
-0.0638488
-0.062835
-0.062245
-0.0616944
-0.0609771
-0.0605964
-0.0595409
-0.0593316
-0.0597532
-0.0643971
-0.0886797
-0.160675
-0.229722
-0.275119
-0.300239
-0.314806
-0.325792
-0.336559
-0.347747
-0.360627
-0.37498
-0.39124
-0.408985
-0.428403
-0.449936
-0.473168
-0.4983
-0.525521
-0.554869
-0.586332
-0.620965
-0.654542
-0.696752
-0.738987
-0.779133
-0.829749
-0.880467
-0.935337
-0.992372
-1.0557
-1.11905
-1.19295
-1.26468
-1.34498
-1.43151
-1.52232
-1.61943
-1.72081
-1.8306
-1.94885
-2.07123
-2.2085
-2.34377
-2.49987
-2.65814
-2.82929
-3.01092
-3.20724
-3.41202
-3.63573
-3.87032
12.6598
-0.19009
-0.0745527
-0.0718937
-0.0708374
-0.0702255
-0.0696764
-0.0692124
-0.0682827
-0.0677745
-0.0673561
-0.0681977
-0.0734739
-0.100082
-0.175034
-0.244289
-0.289261
-0.314179
-0.329165
-0.340775
-0.351975
-0.364642
-0.378146
-0.393568
-0.410671
-0.429876
-0.450364
-0.473155
-0.497872
-0.524464
-0.553623
-0.584431
-0.617807
-0.653888
-0.692964
-0.732669
-0.776993
-0.825546
-0.876238
-0.92688
-0.986054
-1.04724
-1.11271
-1.18452
-1.25414
-1.33657
-1.42094
-1.50964
-1.60679
-1.70813
-1.81792
-1.934
-2.05653
-2.18953
-2.32675
-2.48084
-2.63508
-2.80825
-2.98756
-3.18187
-3.38454
-3.60624
-3.83649
-4.08547
13.3692
-0.19598
-0.0831679
-0.0803595
-0.0792835
-0.0787124
-0.0782483
-0.0776993
-0.0771723
-0.0766453
-0.076219
-0.0774885
-0.0834034
-0.112113
-0.189183
-0.258013
-0.301928
-0.326421
-0.342052
-0.354291
-0.366328
-0.379624
-0.394418
-0.410873
-0.428831
-0.449093
-0.471255
-0.495129
-0.521091
-0.549609
-0.579561
-0.612735
-0.647771
-0.685375
-0.725898
-0.769807
-0.815
-0.865667
-0.916359
-0.977597
-1.03458
-1.10002
-1.16763
-1.24148
-1.31963
-1.40407
-1.49066
-1.58776
-1.68698
-1.7926
-1.90873
-2.03116
-2.15993
-2.29937
-2.44711
-2.60125
-2.77226
-2.9496
-3.13757
-3.34235
-3.55559
-3.78786
-4.03271
-4.29468
14.0492
-0.201568
-0.0920363
-0.0892491
-0.0881716
-0.0876862
-0.0872859
-0.0868847
-0.0863546
-0.0858701
-0.086147
-0.0876225
-0.0935343
-0.124997
-0.203328
-0.270469
-0.313122
-0.337613
-0.353234
-0.366335
-0.379624
-0.393354
-0.409186
-0.426509
-0.446136
-0.467253
-0.490271
-0.515604
-0.543266
-0.572601
-0.604718
-0.638899
-0.675861
-0.715554
-0.757776
-0.803812
-0.85239
-0.901559
-0.960683
-1.01769
-1.08313
-1.14651
-1.22247
-1.29642
-1.38084
-1.46531
-1.5603
-1.65748
-1.76305
-1.87702
-1.99526
-2.12408
-2.2592
-2.40276
-2.5569
-2.72368
-2.89685
-3.0826
-3.28326
-3.49227
-3.72242
-3.95881
-4.21655
-4.48879
14.6903
-0.206676
-0.101263
-0.098455
-0.0974616
-0.0970416
-0.0967859
-0.0965327
-0.0962385
-0.0960686
-0.0962794
-0.0979689
-0.105358
-0.137874
-0.216631
-0.281871
-0.323046
-0.347325
-0.36316
-0.377095
-0.390819
-0.406027
-0.42291
-0.44107
-0.461552
-0.483934
-0.508425
-0.534608
-0.563528
-0.594361
-0.627925
-0.663628
-0.702251
-0.743618
-0.78798
-0.835274
-0.88467
-0.941705
-0.998689
-1.05779
-1.12539
-1.19715
-1.26896
-1.35129
-1.43365
-1.52653
-1.62371
-1.72497
-1.8369
-1.95308
-2.07757
-2.21067
-2.35212
-2.50198
-2.66458
-2.83352
-3.01505
-3.21147
-3.41842
-3.63785
-3.87233
-4.12574
-4.39164
-4.67676
15.3033
-0.211303
-0.110638
-0.107913
-0.107048
-0.106773
-0.106647
-0.106583
-0.106498
-0.106627
-0.106983
-0.109372
-0.117395
-0.151176
-0.229294
-0.292219
-0.33149
-0.355137
-0.372029
-0.386382
-0.401384
-0.417209
-0.43474
-0.454586
-0.475905
-0.499137
-0.524678
-0.55256
-0.58233
-0.614836
-0.649256
-0.686835
-0.726956
-0.76982
-0.815843
-0.864836
-0.918234
-0.973771
-1.03268
-1.10007
-1.16546
-1.23941
-1.31752
-1.39771
-1.49068
-1.58142
-1.68278
-1.79051
-1.90445
-2.02481
-2.15368
-2.29086
-2.43861
-2.59708
-2.76169
-2.93908
-3.12912
-3.33178
-3.54497
-3.77316
-4.01791
-4.27777
-4.55423
-4.84993
15.874
-0.215305
-0.120139
-0.117562
-0.116824
-0.116697
-0.116823
-0.11695
-0.117185
-0.117518
-0.118473
-0.121193
-0.129639
-0.164691
-0.241121
-0.301088
-0.338667
-0.362106
-0.379209
-0.394622
-0.410033
-0.427346
-0.445928
-0.466404
-0.488585
-0.513276
-0.539887
-0.568599
-0.599848
-0.63321
-0.669317
-0.708154
-0.749546
-0.79431
-0.841818
-0.892699
-0.947179
-1.00545
-1.06753
-1.13276
-1.20561
-1.27951
-1.35973
-1.44845
-1.53496
-1.63637
-1.73768
-1.84958
-1.96574
-2.09239
-2.22751
-2.36899
-2.52101
-2.68144
-2.85255
-3.04042
-3.23251
-3.43946
-3.66332
-3.90183
-4.15318
-4.42124
-4.70847
-5.01242
16.4105
-0.218607
-0.129597
-0.127254
-0.126705
-0.12681
-0.127107
-0.127551
-0.128075
-0.128797
-0.130188
-0.133356
-0.142309
-0.177778
-0.252104
-0.308683
-0.344371
-0.367807
-0.385328
-0.401588
-0.418269
-0.436008
-0.455423
-0.476969
-0.500402
-0.525949
-0.553611
-0.583374
-0.615472
-0.650527
-0.687678
-0.727597
-0.770663
-0.816472
-0.865679
-0.918448
-0.974627
-1.03438
-1.09835
-1.16696
-1.23814
-1.31749
-1.40199
-1.48854
-1.58354
-1.68278
-1.79046
-1.9045
-2.02481
-2.15363
-2.29297
-2.43868
-2.59703
-2.76174
-2.93903
-3.127
-3.33178
-3.54507
-3.77513
-4.01595
-4.27555
-4.55423
-4.84998
-5.16445
16.9059
-0.22114
-0.138909
-0.136924
-0.136587
-0.136861
-0.137494
-0.138212
-0.139078
-0.140176
-0.14195
-0.14556
-0.155336
-0.190871
-0.261812
-0.314812
-0.349436
-0.372237
-0.3904
-0.407289
-0.42481
-0.443606
-0.464302
-0.486464
-0.510954
-0.537143
-0.565856
-0.596897
-0.630039
-0.665724
-0.704359
-0.745537
-0.789666
-0.836746
-0.887627
-0.941692
-0.999117
-1.06119
-1.12685
-1.19695
-1.27275
-1.35194
-1.43575
-1.52653
-1.6258
-1.7271
-1.83695
-1.95512
-2.07976
-2.21273
-2.3521
-2.50412
-2.66249
-2.83558
-3.01932
-3.21354
-3.41837
-3.63795
-3.87233
-4.12564
-4.39174
-4.67465
-4.9786
-5.30173
17.3575
-0.222829
-0.14803
-0.146384
-0.146278
-0.14689
-0.147713
-0.148791
-0.150015
-0.151556
-0.153792
-0.15789
-0.168069
-0.203011
-0.270472
-0.320297
-0.352815
-0.37583
-0.394412
-0.412354
-0.430515
-0.450361
-0.471686
-0.494912
-0.520041
-0.547274
-0.576836
-0.6085
-0.642926
-0.679655
-0.719361
-0.761369
-0.806971
-0.855548
-0.907058
-0.962583
-1.02191
-1.08505
-1.1524
-1.22463
-1.30104
-1.38297
-1.47059
-1.56306
-1.66169
-1.76725
-1.88124
-1.9974
-2.12826
-2.26345
-2.40911
-2.5632
-2.72796
-2.90105
-3.08899
-3.28743
-3.49861
-3.7266
-3.96521
-4.22068
-4.49518
-4.78444
-5.09694
-5.42627
17.7706
-0.223603
-0.156792
-0.155568
-0.155779
-0.156581
-0.157764
-0.159115
-0.160741
-0.162704
-0.165323
-0.169947
-0.180334
-0.214603
-0.277965
-0.324376
-0.35598
-0.378366
-0.397784
-0.416158
-0.435583
-0.455851
-0.478019
-0.502091
-0.528063
-0.55614
-0.586546
-0.619279
-0.654315
-0.691913
-0.732229
-0.775936
-0.822186
-0.871588
-0.924998
-0.981379
-1.04198
-1.10638
-1.17542
-1.24866
-1.32723
-1.41083
-1.49973
-1.59516
-1.69565
-1.80376
-1.91716
-2.04173
-2.17052
-2.30986
-2.45766
-2.61605
-2.78071
-2.9644
-3.1523
-3.3529
-3.57251
-3.8005
-4.04756
-4.30938
-4.58595
-4.88577
-5.20039
-5.54034
18.1434
-0.223502
-0.165088
-0.164351
-0.164879
-0.165956
-0.167392
-0.169102
-0.171024
-0.173346
-0.176471
-0.18139
-0.19201
-0.225118
-0.284342
-0.327667
-0.357904
-0.380685
-0.400322
-0.419537
-0.439381
-0.460495
-0.483513
-0.508214
-0.535026
-0.563959
-0.594779
-0.62835
-0.664251
-0.702881
-0.744059
-0.788188
-0.835268
-0.886363
-0.939999
-0.997852
-1.0595
-1.12538
-1.19547
-1.27044
-1.35024
-1.43512
-1.5257
-1.62262
-1.72543
-1.83545
-1.95239
-2.07656
-2.20897
-2.34998
-2.50201
-2.66035
-2.8335
-3.01298
-3.20722
-3.41625
-3.6337
-3.8681
-4.11935
-4.38534
-4.67042
-4.97024
-5.29332
-5.63739
18.4672
-0.222499
-0.172951
-0.172692
-0.173515
-0.174845
-0.176492
-0.178455
-0.180694
-0.183376
-0.186795
-0.192116
-0.202716
-0.234471
-0.289642
-0.33035
-0.359403
-0.382078
-0.402287
-0.422067
-0.44255
-0.464506
-0.488157
-0.513282
-0.540941
-0.570289
-0.601959
-0.636165
-0.672693
-0.711756
-0.753982
-0.798954
-0.847091
-0.8984
-0.953509
-1.01199
-1.0747
-1.14141
-1.2128
-1.2888
-1.36967
-1.45623
-1.5485
-1.64625
-1.75099
-1.86247
-1.98113
-2.10717
-2.24209
-2.38652
-2.53791
-2.70047
-2.87573
-3.05731
-3.25788
-3.46481
-3.68862
-3.92932
-4.18056
-4.45086
-4.738
-5.04837
-5.37346
-5.72191
18.7493
-0.220705
-0.180314
-0.180577
-0.181623
-0.183143
-0.184959
-0.187049
-0.189498
-0.192412
-0.196171
-0.201639
-0.212301
-0.242516
-0.293949
-0.332292
-0.360457
-0.383134
-0.403679
-0.423948
-0.445061
-0.467889
-0.491533
-0.517926
-0.545374
-0.575779
-0.608085
-0.642287
-0.679658
-0.719773
-0.762005
-0.807823
-0.85681
-0.908537
-0.964276
-1.02402
-1.08738
-1.15494
-1.22735
-1.30421
-1.38634
-1.47376
-1.56707
-1.66633
-1.77251
-1.88484
-2.00542
-2.13336
-2.26975
-2.4148
-2.56936
-2.7347
-2.9095
-3.09847
-3.29633
-3.50704
-3.73505
-3.97578
-4.23334
-4.50573
-4.79921
-5.10747
-5.44109
-5.79581
18.9878
-0.218313
-0.187345
-0.188029
-0.189215
-0.190744
-0.192538
-0.19465
-0.197205
-0.200245
-0.204173
-0.209831
-0.220346
-0.249124
-0.297327
-0.333685
-0.361176
-0.383874
-0.404712
-0.42549
-0.447237
-0.469976
-0.49468
-0.520923
-0.549535
-0.579789
-0.612518
-0.647781
-0.685359
-0.725477
-0.768974
-0.814789
-0.864191
-0.916982
-0.973356
-1.03332
-1.09729
-1.16592
-1.23876
-1.31667
-1.39944
-1.48811
-1.58208
-1.68257
-1.78941
-1.90343
-2.02461
-2.15426
-2.2915
-2.43867
-2.59471
-2.76128
-2.93843
-3.12762
-3.32777
-3.54483
-3.77182
-4.01482
-4.27392
-4.55005
-4.84565
-5.16027
-5.49173
-5.85071
19.1765
-0.215824
-0.194359
-0.19519
-0.196208
-0.197431
-0.199021
-0.200984
-0.203454
-0.206579
-0.210528
-0.216313
-0.226659
-0.254191
-0.299819
-0.334657
-0.36162
-0.384317
-0.405431
-0.426586
-0.448504
-0.471856
-0.496749
-0.523501
-0.552131
-0.582979
-0.616106
-0.65164
-0.6895
-0.730144
-0.773827
-0.820278
-0.8699
-0.923104
-0.9799
-1.0405
-1.1051
-1.17394
-1.24763
-1.32575
-1.40957
-1.49846
-1.59347
-1.69461
-1.80229
-1.91715
-2.0394
-2.16968
-2.3086
-2.4562
-2.61348
-2.78134
-2.95998
-3.15042
-3.35291
-3.5689
-3.79925
-4.04438
-4.30472
-4.58554
-4.87988
-5.19614
-5.53652
-5.8929
19.3239
-0.214552
-0.201966
-0.202061
-0.202245
-0.202834
-0.203923
-0.205644
-0.207975
-0.211009
-0.215044
-0.220768
-0.231008
-0.257654
-0.301445
-0.33529
-0.361873
-0.384591
-0.405896
-0.42722
-0.449454
-0.472995
-0.498164
-0.525105
-0.554074
-0.585089
-0.618408
-0.654091
-0.692329
-0.733309
-0.776826
-0.823891
-0.873822
-0.927369
-0.984229
-1.04512
-1.11018
-1.17957
-1.25324
-1.33217
-1.41612
-1.50564
-1.60107
-1.70263
-1.81095
-1.92623
-2.04933
-2.18002
-2.31937
-2.46801
-2.62637
-2.79486
-2.97433
-3.16541
-3.36937
-3.58621
-3.81763
-4.06382
-4.32646
-4.60623
-4.90457
-5.22234
-5.56101
-5.92248
19.4215
-0.218867
-0.210263
-0.20762
-0.20631
-0.206063
-0.20671
-0.208146
-0.210344
-0.213335
-0.217329
-0.223091
-0.233249
-0.2594
-0.302241
-0.335574
-0.361997
-0.384715
-0.406108
-0.427565
-0.449907
-0.473557
-0.498851
-0.52594
-0.554991
-0.586155
-0.619559
-0.655373
-0.693705
-0.734748
-0.778671
-0.825582
-0.875761
-0.929313
-0.986539
-1.04757
-1.1127
-1.18217
-1.25628
-1.33531
-1.41949
-1.50913
-1.60474
-1.70675
-1.81516
-1.93104
-2.05396
-2.18522
-2.32523
-2.474
-2.6326
-2.80146
-2.98143
-3.17316
-3.37729
-3.59509
-3.82658
-4.07387
-4.33698
-4.6174
-4.91619
-5.23504
-5.57461
-5.9368
19.4734
