58165.5
71377.3
74881.6
77875.8
79171.1
79594.6
79693.4
79708.9
79710.2
79710.2
79710.2
79710.2
79710.2
79710.2
79710.2
79710.2
79710.2
79710.2
79710.2
79710.2
79710.2
79710.2
79710.2
79710.2
79710.2
79710.2
79710.2
79710.2
79710.2
79710.2
79710.2
79710.2
79710.2
79710.2
79710.2
79710.2
79710.2
79710.2
79710.2
79710.2
79710.2
79710.2
79710.2
79710.2
79710.2
79710.2
79710.2
79710.2
79710.2
79710.2
79710.2
79710.2
79710.2
79710.2
79710.2
79710.2
79705.2
79763.3
79392.1
81069
75499.7
90465
79447.6
196751
61874.9
71709.1
72914
76991
78831.8
79507.2
79678.6
79707.7
79710.2
79710.2
79710.2
79710.2
79710.2
79710.2
79710.2
79710.2
79710.2
79710.2
79710.2
79710.2
79710.2
79710.2
79710.2
79710.2
79710.2
79710.2
79710.2
79710.2
79710.2
79710.2
79710.2
79710.2
79710.2
79710.2
79710.2
79710.2
79710.2
79710.2
79710.2
79710.2
79710.2
79710.2
79710.2
79710.2
79710.2
79710.2
79710.2
79710.2
79710.2
79710.2
79710.2
79710.2
79710.2
79710.2
79710.2
79710.2
79705.8
79757.6
79420.1
80980
75672
90113.9
77154.8
190812
61177.6
72028.4
72062.8
76672.8
78625.5
79443.2
79665.6
79706.4
79710.2
79710.2
79710.2
79710.2
79710.2
79710.2
79710.2
79710.2
79710.2
79710.2
79710.2
79710.2
79710.2
79710.2
79710.2
79710.2
79710.2
79710.2
79710.2
79710.2
79710.2
79710.2
79710.2
79710.2
79710.2
79710.2
79710.2
79710.2
79710.2
79710.2
79710.2
79710.2
79710.2
79710.2
79710.2
79710.2
79710.2
79710.2
79710.2
79710.2
79710.2
79710.2
79710.2
79710.2
79710.2
79710.2
79710.2
79710.2
79706.3
79752.7
79444.5
80899.4
75839.6
89791.4
75368.2
185126
61405.1
72289.5
71928.3
76603.3
78458.9
79382.2
79651.8
79705
79710.2
79710.2
79710.2
79710.2
79710.2
79710.2
79710.2
79710.2
79710.2
79710.2
79710.2
79710.2
79710.2
79710.2
79710.2
79710.2
79710.2
79710.2
79710.2
79710.2
79710.2
79710.2
79710.2
79710.2
79710.2
79710.2
79710.2
79710.2
79710.2
79710.2
79710.2
79710.2
79710.2
79710.2
79710.2
79710.2
79710.2
79710.2
79710.2
79710.2
79710.2
79710.2
79710.2
79710.2
79710.2
79710.2
79710.2
79710.2
79706.7
79748.6
79465.7
80826.1
76003
89491.8
73986.2
179831
61833
72955.2
72175.4
76783.5
78384.5
79339.2
79637.7
79703.3
79710.2
79710.2
79710.2
79710.2
79710.2
79710.2
79710.2
79710.2
79710.2
79710.2
79710.2
79710.2
79710.2
79710.2
79710.2
79710.2
79710.2
79710.2
79710.2
79710.2
79710.2
79710.2
79710.2
79710.2
79710.2
79710.2
79710.2
79710.2
79710.2
79710.2
79710.2
79710.2
79710.2
79710.2
79710.2
79710.2
79710.2
79710.2
79710.2
79710.2
79710.2
79710.2
79710.2
79710.2
79710.2
79710.2
79710.2
79710.2
79707.1
79745
79484.7
80758.2
76164.1
89206.6
73016.3
175021
62049.1
72999.4
72805.5
77134.7
78444.8
79343
79631.6
79702.1
79710.2
79710.2
79710.2
79710.2
79710.2
79710.2
79710.2
79710.2
79710.2
79710.2
79710.2
79710.2
79710.2
79710.2
79710.2
79710.2
79710.2
79710.2
79710.2
79710.2
79710.2
79710.2
79710.2
79710.2
79710.2
79710.2
79710.2
79710.2
79710.2
79710.2
79710.2
79710.2
79710.2
79710.2
79710.2
79710.2
79710.2
79710.2
79710.2
79710.2
79710.2
79710.2
79710.2
79710.2
79710.2
79710.2
79710.2
79710.2
79707.4
79741.9
79502
80693.5
76331.4
88898.6
72535.3
170785
62319.4
73262.3
73114.2
77438.8
78514.5
79356.5
79628
79701.1
79710.2
79710.2
79710.2
79710.2
79710.2
79710.2
79710.2
79710.2
79710.2
79710.2
79710.2
79710.2
79710.2
79710.2
79710.2
79710.2
79710.2
79710.2
79710.2
79710.2
79710.2
79710.2
79710.2
79710.2
79710.2
79710.2
79710.2
79710.2
79710.2
79710.2
79710.2
79710.2
79710.2
79710.2
79710.2
79710.2
79710.2
79710.2
79710.2
79710.2
79710.2
79710.2
79710.2
79710.2
79710.2
79710.2
79710.2
79710.2
79707.6
79739.2
79517.4
80633.4
76495.7
88602.2
72404.9
167108
62567.5
73410.8
73381.6
77737.5
78658.2
79397.6
79631.2
79700.7
79710.2
79710.2
79710.2
79710.2
79710.2
79710.2
79710.2
79710.2
79710.2
79710.2
79710.2
79710.2
79710.2
79710.2
79710.2
79710.2
79710.2
79710.2
79710.2
79710.2
79710.2
79710.2
79710.2
79710.2
79710.2
79710.2
79710.2
79710.2
79710.2
79710.2
79710.2
79710.2
79710.2
79710.2
79710.2
79710.2
79710.2
79710.2
79710.2
79710.2
79710.2
79710.2
79710.2
79710.2
79710.2
79710.2
79710.2
79710.2
79707.9
79736.9
79530.6
80581.2
76641.2
88357.5
72351.1
164013
62823.7
73553.3
73579.4
77927.6
78792
79454.2
79641.2
79701.3
79710.2
79710.2
79710.2
79710.2
79710.2
79710.2
79710.2
79710.2
79710.2
79710.2
79710.2
79710.2
79710.2
79710.2
79710.2
79710.2
79710.2
79710.2
79710.2
79710.2
79710.2
79710.2
79710.2
79710.2
79710.2
79710.2
79710.2
79710.2
79710.2
79710.2
79710.2
79710.2
79710.2
79710.2
79710.2
79710.2
79710.2
79710.2
79710.2
79710.2
79710.2
79710.2
79710.2
79710.2
79710.2
79710.2
79710.2
79710.2
79708.1
79734.8
79542.7
80531.6
76789.7
88105.2
72754.7
161666
63084.7
73677.1
73741.2
78085.3
78877.8
79502.1
79655.7
79702.7
79710.2
79710.2
79710.2
79710.2
79710.2
79710.2
79710.2
79710.2
79710.2
79710.2
79710.2
79710.2
79710.2
79710.2
79710.2
79710.2
79710.2
79710.2
79710.2
79710.2
79710.2
79710.2
79710.2
79710.2
79710.2
79710.2
79710.2
79710.2
79710.2
79710.2
79710.2
79710.2
79710.2
79710.2
79710.2
79710.2
79710.2
79710.2
79710.2
79710.2
79710.2
79710.2
79710.2
79710.2
79710.2
79710.2
79710.2
79710.2
79708.2
79733.1
79552.6
80491
76912.8
87927.3
73119
159976
63352.3
73789.8
73877.2
78208.4
78943.3
79533.9
79666.7
79704.7
79710.2
79710.2
79710.2
79710.2
79710.2
79710.2
79710.2
79710.2
79710.2
79710.2
79710.2
79710.2
79710.2
79710.2
79710.2
79710.2
79710.2
79710.2
79710.2
79710.2
79710.2
79710.2
79710.2
79710.2
79710.2
79710.2
79710.2
79710.2
79710.2
79710.2
79710.2
79710.2
79710.2
79710.2
79710.2
79710.2
79710.2
79710.2
79710.2
79710.2
79710.2
79710.2
79710.2
79710.2
79710.2
79710.2
79710.2
79710.2
79708.3
79731.7
79561.5
80453.3
77036.7
87764.3
73855.9
158978
63627.8
73893.4
73993.6
78309.1
78991.8
79557.3
79673.7
79706
79710.2
79710.2
79710.2
79710.2
79710.2
79710.2
79710.2
79710.2
79710.2
79710.2
79710.2
79710.2
79710.2
79710.2
79710.2
79710.2
79710.2
79710.2
79710.2
79710.2
79710.2
79710.2
79710.2
79710.2
79710.2
79710.2
79710.2
79710.2
79710.2
79710.2
79710.2
79710.2
79710.2
79710.2
79710.2
79710.2
79710.2
79710.2
79710.2
79710.2
79710.2
79710.2
79710.2
79710.2
79710.2
79710.2
79710.2
79710.2
79708.5
79730.4
79569.1
80420.1
77153.8
87646.8
74845.8
158634
63911.2
73990.9
74096.1
78393.1
79029
79575
79678.6
79706.8
79710.2
79710.2
79710.2
79710.2
79710.2
79710.2
79710.2
79710.2
79710.2
79710.2
79710.2
79710.2
79710.2
79710.2
79710.2
79710.2
79710.2
79710.2
79710.2
79710.2
79710.2
79710.2
79710.2
79710.2
79710.2
79710.2
79710.2
79710.2
79710.2
79710.2
79710.2
79710.2
79710.2
79710.2
79710.2
79710.2
79710.2
79710.2
79710.2
79710.2
79710.2
79710.2
79710.2
79710.2
79710.2
79710.2
79710.2
79710.2
79708.6
79729.4
79575.5
80392.1
77262.7
87589
76042.7
158961
64202
74084.2
74189.6
78464.5
79058.1
79588.7
79682
79707.4
79710.2
79710.2
79710.2
79710.2
79710.2
79710.2
79710.2
79710.2
79710.2
79710.2
79710.2
79710.2
79710.2
79710.2
79710.2
79710.2
79710.2
79710.2
79710.2
79710.2
79710.2
79710.2
79710.2
79710.2
79710.2
79710.2
79710.2
79710.2
79710.2
79710.2
79710.2
79710.2
79710.2
79710.2
79710.2
79710.2
79710.2
79710.2
79710.2
79710.2
79710.2
79710.2
79710.2
79710.2
79710.2
79710.2
79710.2
79710.2
79708.6
79728.6
79581.2
80366.4
77375.5
87588
77625.8
160047
64499.7
74174.7
74276.3
78526.2
79081.2
79599.7
79684.6
79707.8
79710.2
79710.2
79710.2
79710.2
79710.2
79710.2
79710.2
79710.2
79710.2
79710.2
79710.2
79710.2
79710.2
79710.2
79710.2
79710.2
79710.2
79710.2
79710.2
79710.2
79710.2
79710.2
79710.2
79710.2
79710.2
79710.2
79710.2
79710.2
79710.2
79710.2
79710.2
79710.2
79710.2
79710.2
79710.2
79710.2
79710.2
79710.2
79710.2
79710.2
79710.2
79710.2
79710.2
79710.2
79710.2
79710.2
79710.2
79710.2
79708.7
79727.9
79585.9
80345.3
77485.9
87670.1
79488.2
161633
64805
74264.6
74359.9
78580.7
79100.2
79608.7
79686.5
79708.1
79710.2
79710.2
79710.2
79710.2
79710.2
79710.2
79710.2
79710.2
79710.2
79710.2
79710.2
79710.2
79710.2
79710.2
79710.2
79710.2
79710.2
79710.2
79710.2
79710.2
79710.2
79710.2
79710.2
79710.2
79710.2
79710.2
79710.2
79710.2
79710.2
79710.2
79710.2
79710.2
79710.2
79710.2
79710.2
79710.2
79710.2
79710.2
79710.2
79710.2
79710.2
79710.2
79710.2
79710.2
79710.2
79710.2
79710.2
79710.2
79708.7
79727.3
79590
80326.9
77608.8
87842.6
81864.8
163789
65117.7
74354.8
74441.9
78629.5
79116.1
79616.2
79688
79708.4
79710.2
79710.2
79710.2
79710.2
79710.2
79710.2
79710.2
79710.2
79710.2
79710.2
79710.2
79710.2
79710.2
79710.2
79710.2
79710.2
79710.2
79710.2
79710.2
79710.2
79710.2
79710.2
79710.2
79710.2
79710.2
79710.2
79710.2
79710.2
79710.2
79710.2
79710.2
79710.2
79710.2
79710.2
79710.2
79710.2
79710.2
79710.2
79710.2
79710.2
79710.2
79710.2
79710.2
79710.2
79710.2
79710.2
79710.2
79710.2
79708.8
79726.9
79593.9
80309.7
77760.5
88128.2
84990.7
166323
65438.2
74447.2
74525.2
78674.1
79129.9
79622.6
79689.2
79708.6
79710.2
79710.2
79710.2
79710.2
79710.2
79710.2
79710.2
79710.2
79710.2
79710.2
79710.2
79710.2
79710.2
79710.2
79710.2
79710.2
79710.2
79710.2
79710.2
79710.2
79710.2
79710.2
79710.2
79710.2
79710.2
79710.2
79710.2
79710.2
79710.2
79710.2
79710.2
79710.2
79710.2
79710.2
79710.2
79710.2
79710.2
79710.2
79710.2
79710.2
79710.2
79710.2
79710.2
79710.2
79710.2
79710.2
79710.2
79710.2
79708.8
79726.5
79597.6
80296
77942.9
88596.9
88867.7
168970
65766.9
74543.1
74611.5
78715.7
79142.5
79628.3
79690.1
79708.7
79710.2
79710.2
79710.2
79710.2
79710.2
79710.2
79710.2
79710.2
79710.2
79710.2
79710.2
79710.2
79710.2
79710.2
79710.2
79710.2
79710.2
79710.2
79710.2
79710.2
79710.2
79710.2
79710.2
79710.2
79710.2
79710.2
79710.2
79710.2
79710.2
79710.2
79710.2
79710.2
79710.2
79710.2
79710.2
79710.2
79710.2
79710.2
79710.2
79710.2
79710.2
79710.2
79710.2
79710.2
79710.2
79710.2
79710.2
79710.2
79708.8
79726.3
79601
80288.2
78173.4
89286
93450.7
171079
66105.3
74644.7
74703.2
78755.5
79154.6
79633.4
79691
79708.9
79710.2
79710.2
79710.2
79710.2
79710.2
79710.2
79710.2
79710.2
79710.2
79710.2
79710.2
79710.2
79710.2
79710.2
79710.2
79710.2
79710.2
79710.2
79710.2
79710.2
79710.2
79710.2
79710.2
79710.2
79710.2
79710.2
79710.2
79710.2
79710.2
79710.2
79710.2
79710.2
79710.2
79710.2
79710.2
79710.2
79710.2
79710.2
79710.2
79710.2
79710.2
79710.2
79710.2
79710.2
79710.2
79710.2
79710.2
79710.2
79708.8
79726.1
79604.7
80284
78497.7
90134.8
98339.2
171587
66452.9
74752.2
74801
78794.1
79166.6
79638.1
79691.7
79709
79710.2
79710.2
79710.2
79710.2
79710.2
79710.2
79710.2
79710.2
79710.2
79710.2
79710.2
79710.2
79710.2
79710.2
79710.2
79710.2
79710.2
79710.2
79710.2
79710.2
79710.2
79710.2
79710.2
79710.2
79710.2
79710.2
79710.2
79710.2
79710.2
79710.2
79710.2
79710.2
79710.2
79710.2
79710.2
79710.2
79710.2
79710.2
79710.2
79710.2
79710.2
79710.2
79710.2
79710.2
79710.2
79710.2
79710.2
79710.2
79708.8
79726.2
79610.6
80275.4
78933.5
90920
102409
170359
66812.4
74868.6
74908.2
78832.6
79179.2
79642.5
79692.3
79709.1
79710.2
79710.2
79710.2
79710.2
79710.2
79710.2
79710.2
79710.2
79710.2
79710.2
79710.2
79710.2
79710.2
79710.2
79710.2
79710.2
79710.2
79710.2
79710.2
79710.2
79710.2
79710.2
79710.2
79710.2
79710.2
79710.2
79710.2
79710.2
79710.2
79710.2
79710.2
79710.2
79710.2
79710.2
79710.2
79710.2
79710.2
79710.2
79710.2
79710.2
79710.2
79710.2
79710.2
79710.2
79710.2
79710.2
79710.2
79710.2
79708.8
79725.5
79626.1
80234.3
79418.6
91237.4
105010
169573
67186.3
74995
75025.6
78871.4
79192.8
79646.8
79693
79709.2
79710.2
79710.2
79710.2
79710.2
79710.2
79710.2
79710.2
79710.2
79710.2
79710.2
79710.2
79710.2
79710.2
79710.2
79710.2
79710.2
79710.2
79710.2
79710.2
79710.2
79710.2
79710.2
79710.2
79710.2
79710.2
79710.2
79710.2
79710.2
79710.2
79710.2
79710.2
79710.2
79710.2
79710.2
79710.2
79710.2
79710.2
79710.2
79710.2
79710.2
79710.2
79710.2
79710.2
79710.2
79710.2
79710.2
79710.2
79710.2
79709.2
79720.4
79659.8
80124.3
79823.4
90860.1
106723
169465
67574.8
75132.7
75155.3
78911.3
79207.8
79651.1
79693.6
79709.2
79710.2
79710.2
79710.2
79710.2
79710.2
79710.2
79710.2
79710.2
79710.2
79710.2
79710.2
79710.2
79710.2
79710.2
79710.2
79710.2
79710.2
79710.2
79710.2
79710.2
79710.2
79710.2
79710.2
79710.2
79710.2
79710.2
79710.2
79710.2
79710.2
79710.2
79710.2
79710.2
79710.2
79710.2
79710.2
79710.2
79710.2
79710.2
79710.2
79710.2
79710.2
79710.2
79710.2
79710.2
79710.2
79710.2
79710.2
79710.2
79709.6
79716.2
79681.9
80050.9
80115.4
90558
107896
169282
67983.2
75284.5
75299.6
78952.9
79224.6
79655.3
79694.3
79709.3
79710.2
79710.2
79710.2
79710.2
79710.2
79710.2
79710.2
79710.2
79710.2
79710.2
79710.2
79710.2
79710.2
79710.2
79710.2
79710.2
79710.2
79710.2
79710.2
79710.2
79710.2
79710.2
79710.2
79710.2
79710.2
79710.2
79710.2
79710.2
79710.2
79710.2
79710.2
79710.2
79710.2
79710.2
79710.2
79710.2
79710.2
79710.2
79710.2
79710.2
79710.2
79710.2
79710.2
79710.2
79710.2
79710.2
79710.2
79710.2
79709.9
79714.3
79694.4
80009.2
80383.1
90366
108625
167162
68411.7
75450.6
75458.8
78996.3
79243.4
79659.6
79695
79709.4
79710.2
79710.2
79710.2
79710.2
79710.2
79710.2
79710.2
79710.2
79710.2
79710.2
79710.2
79710.2
79710.2
79710.2
79710.2
79710.2
79710.2
79710.2
79710.2
79710.2
79710.2
79710.2
79710.2
79710.2
79710.2
79710.2
79710.2
79710.2
79710.2
79710.2
79710.2
79710.2
79710.2
79710.2
79710.2
79710.2
79710.2
79710.2
79710.2
79710.2
79710.2
79710.2
79710.2
79710.2
79710.2
79710.2
79710.2
79710.2
79710
79713.2
79704.2
79979.4
80593.1
90191
109217
164668
68866
75633.5
75635.4
79042.2
79264.5
79664
79695.8
79709.5
79710.2
79710.2
79710.2
79710.2
79710.2
79710.2
79710.2
79710.2
79710.2
79710.2
79710.2
79710.2
79710.2
79710.2
79710.2
79710.2
79710.2
79710.2
79710.2
79710.2
79710.2
79710.2
79710.2
79710.2
79710.2
79710.2
79710.2
79710.2
79710.2
79710.2
79710.2
79710.2
79710.2
79710.2
79710.2
79710.2
79710.2
79710.2
79710.2
79710.2
79710.2
79710.2
79710.2
79710.2
79710.2
79710.2
79710.2
79710.2
79710.1
79712.6
79711
79964.4
80743.6
90007.9
109181
161467
69349
75834.3
75830.6
79090.6
79288.1
79668.5
79696.7
79709.6
79710.2
79710.2
79710.2
79710.2
79710.2
79710.2
79710.2
79710.2
79710.2
79710.2
79710.2
79710.2
79710.2
79710.2
79710.2
79710.2
79710.2
79710.2
79710.2
79710.2
79710.2
79710.2
79710.2
79710.2
79710.2
79710.2
79710.2
79710.2
79710.2
79710.2
79710.2
79710.2
79710.2
79710.2
79710.2
79710.2
79710.2
79710.2
79710.2
79710.2
79710.2
79710.2
79710.2
79710.2
79710.2
79710.2
79710.2
79710.2
79710.1
79712.3
79716.2
79957.1
80866.6
89791.4
108647
157411
69865.3
76054
76045
79141.4
79314.1
79673
79697.6
79709.6
79710.2
79710.2
79710.2
79710.2
79710.2
79710.2
79710.2
79710.2
79710.2
79710.2
79710.2
79710.2
79710.2
79710.2
79710.2
79710.2
79710.2
79710.2
79710.2
79710.2
79710.2
79710.2
79710.2
79710.2
79710.2
79710.2
79710.2
79710.2
79710.2
79710.2
79710.2
79710.2
79710.2
79710.2
79710.2
79710.2
79710.2
79710.2
79710.2
79710.2
79710.2
79710.2
79710.2
79710.2
79710.2
79710.2
79710.2
79710.2
79710.2
79712.1
79720.5
79955.5
80951.2
89524.6
107513
152993
70418.9
76293.8
76280
79194.7
79342.7
79677.6
79698.6
79709.7
79710.2
79710.2
79710.2
79710.2
79710.2
79710.2
79710.2
79710.2
79710.2
79710.2
79710.2
79710.2
79710.2
79710.2
79710.2
79710.2
79710.2
79710.2
79710.2
79710.2
79710.2
79710.2
79710.2
79710.2
79710.2
79710.2
79710.2
79710.2
79710.2
79710.2
79710.2
79710.2
79710.2
79710.2
79710.2
79710.2
79710.2
79710.2
79710.2
79710.2
79710.2
79710.2
79710.2
79710.2
79710.2
79710.2
79710.2
79710.2
79710.2
79712.1
79723.9
79954.7
80992.1
89160.2
105947
148263
71015.3
76554.6
76536.3
79250.1
79373.7
79682.3
79699.7
79709.8
79710.2
79710.2
79710.2
79710.2
79710.2
79710.2
79710.2
79710.2
79710.2
79710.2
79710.2
79710.2
79710.2
79710.2
79710.2
79710.2
79710.2
79710.2
79710.2
79710.2
79710.2
79710.2
79710.2
79710.2
79710.2
79710.2
79710.2
79710.2
79710.2
79710.2
79710.2
79710.2
79710.2
79710.2
79710.2
79710.2
79710.2
79710.2
79710.2
79710.2
79710.2
79710.2
79710.2
79710.2
79710.2
79710.2
79710.2
79710.2
79710.2
79712.1
79726.6
79954.8
81026.2
88817
104368
143320
71660.6
76836.8
76813.9
79307.2
79406.9
79686.8
79700.8
79709.9
79710.2
79710.2
79710.2
79710.2
79710.2
79710.2
79710.2
79710.2
79710.2
79710.2
79710.2
79710.2
79710.2
79710.2
79710.2
79710.2
79710.2
79710.2
79710.2
79710.2
79710.2
79710.2
79710.2
79710.2
79710.2
79710.2
79710.2
79710.2
79710.2
79710.2
79710.2
79710.2
79710.2
79710.2
79710.2
79710.2
79710.2
79710.2
79710.2
79710.2
79710.2
79710.2
79710.2
79710.2
79710.2
79710.2
79710.2
79710.2
79710.2
79712.2
79729.9
79963.3
81118.6
88686.1
103277
137978
72358.9
77140
77112.6
79365.3
79441.9
79691.2
79702
79709.9
79710.2
79710.2
79710.2
79710.2
79710.2
79710.2
79710.2
79710.2
79710.2
79710.2
79710.2
79710.2
79710.2
79710.2
79710.2
79710.2
79710.2
79710.2
79710.2
79710.2
79710.2
79710.2
79710.2
79710.2
79710.2
79710.2
79710.2
79710.2
79710.2
79710.2
79710.2
79710.2
79710.2
79710.2
79710.2
79710.2
79710.2
79710.2
79710.2
79710.2
79710.2
79710.2
79710.2
79710.2
79710.2
79710.2
79710.2
79710.2
79710.3
79712.5
79735
79989
81306.1
88941.4
103248
133989
73116.9
77464.2
77432.3
79423.6
79478.6
79695.4
79703.2
79710
79710.2
79710.2
79710.2
79710.2
79710.2
79710.2
79710.2
79710.2
79710.2
79710.2
79710.2
79710.2
79710.2
79710.2
79710.2
79710.2
79710.2
79710.2
79710.2
79710.2
79710.2
79710.2
79710.2
79710.2
79710.2
79710.2
79710.2
79710.2
79710.2
79710.2
79710.2
79710.2
79710.2
79710.2
79710.2
79710.2
79710.2
79710.2
79710.2
79710.2
79710.2
79710.2
79710.2
79710.2
79710.2
79710.2
79710.2
79710.2
79710.3
79713
79741.1
80022.6
81505.8
89288.6
103586
131933
73941.4
77808.6
77772.3
79481.2
79516.5
79699.3
79704.4
79710.1
79710.2
79710.2
79710.2
79710.2
79710.2
79710.2
79710.2
79710.2
79710.2
79710.2
79710.2
79710.2
79710.2
79710.2
79710.2
79710.2
79710.2
79710.2
79710.2
79710.2
79710.2
79710.2
79710.2
79710.2
79710.2
79710.2
79710.2
79710.2
79710.2
79710.2
79710.2
79710.2
79710.2
79710.2
79710.2
79710.2
79710.2
79710.2
79710.2
79710.2
79710.2
79710.2
79710.2
79710.2
79710.2
79710.2
79710.2
79710.2
79710.3
79713.5
79746.9
80053.3
81658.5
89457.7
103419
130139
74838.1
78171.6
78131.1
79536.9
79555.1
79702.7
79705.5
79710.1
79710.2
79710.2
79710.2
79710.2
79710.2
79710.2
79710.2
79710.2
79710.2
79710.2
79710.2
79710.2
79710.2
79710.2
79710.2
79710.2
79710.2
79710.2
79710.2
79710.2
79710.2
79710.2
79710.2
79710.2
79710.2
79710.2
79710.2
79710.2
79710.2
79710.2
79710.2
79710.2
79710.2
79710.2
79710.2
79710.2
79710.2
79710.2
79710.2
79710.2
79710.2
79710.2
79710.2
79710.2
79710.2
79710.2
79710.2
79710.2
79710.4
79714.1
79753
80084.4
81792
89519.9
102863
127925
75814.8
78551.6
78507.3
79589.6
79593.9
79705.6
79706.7
79710.1
79710.2
79710.2
79710.2
79710.2
79710.2
79710.2
79710.2
79710.2
79710.2
79710.2
79710.2
79710.2
79710.2
79710.2
79710.2
79710.2
79710.2
79710.2
79710.2
79710.2
79710.2
79710.2
79710.2
79710.2
79710.2
79710.2
79710.2
79710.2
79710.2
79710.2
79710.2
79710.2
79710.2
79710.2
79710.2
79710.2
79710.2
79710.2
79710.2
79710.2
79710.2
79710.2
79710.2
79710.2
79710.2
79710.2
79710.2
79710.2
79710.4
79714.8
79759.4
80115.6
81902.8
89464.3
101944
125292
76877.9
78945.9
78899.1
79637.8
79632.5
79707.8
79707.8
79710.2
79710.2
79710.2
79710.2
79710.2
79710.2
79710.2
79710.2
79710.2
79710.2
79710.2
79710.2
79710.2
79710.2
79710.2
79710.2
79710.2
79710.2
79710.2
79710.2
79710.2
79710.2
79710.2
79710.2
79710.2
79710.2
79710.2
79710.2
79710.2
79710.2
79710.2
79710.2
79710.2
79710.2
79710.2
79710.2
79710.2
79710.2
79710.2
79710.2
79710.2
79710.2
79710.2
79710.2
79710.2
79710.2
79710.2
79710.2
79710.2
79710.5
79715.6
79766
80144.7
81982
89274.9
100698
122338
78034.8
79351.5
79304.2
79680.2
79670.3
79709.4
79708.8
79710.2
79710.2
79710.2
79710.2
79710.2
79710.2
79710.2
79710.2
79710.2
79710.2
79710.2
79710.2
79710.2
79710.2
79710.2
79710.2
79710.2
79710.2
79710.2
79710.2
79710.2
79710.2
79710.2
79710.2
79710.2
79710.2
79710.2
79710.2
79710.2
79710.2
79710.2
79710.2
79710.2
79710.2
79710.2
79710.2
79710.2
79710.2
79710.2
79710.2
79710.2
79710.2
79710.2
79710.2
79710.2
79710.2
79710.2
79710.2
79710.2
79710.5
79716.5
79772.7
80171.3
82032.4
88970.6
99211.7
119065
79293.9
79765.1
79720.7
79715.4
79707.1
79710.2
79709.8
79710.2
79710.2
79710.2
79710.2
79710.2
79710.2
79710.2
79710.2
79710.2
79710.2
79710.2
79710.2
79710.2
79710.2
79710.2
79710.2
79710.2
79710.2
79710.2
79710.2
79710.2
79710.2
79710.2
79710.2
79710.2
79710.2
79710.2
79710.2
79710.2
79710.2
79710.2
79710.2
79710.2
79710.2
79710.2
79710.2
79710.2
79710.2
79710.2
79710.2
79710.2
79710.2
79710.2
79710.2
79710.2
79710.2
79710.2
79710.2
79710.2
79710.6
79717.5
79779.4
80193.8
82047.4
88536.5
97490.3
115461
80663.3
80182.6
80146.1
79742
79742.5
79710.3
79710.6
79710.2
79710.2
79710.2
79710.2
79710.2
79710.2
79710.2
79710.2
79710.2
79710.2
79710.2
79710.2
79710.2
79710.2
79710.2
79710.2
79710.2
79710.2
79710.2
79710.2
79710.2
79710.2
79710.2
79710.2
79710.2
79710.2
79710.2
79710.2
79710.2
79710.2
79710.2
79710.2
79710.2
79710.2
79710.2
79710.2
79710.2
79710.2
79710.2
79710.2
79710.2
79710.2
79710.2
79710.2
79710.2
79710.2
79710.2
79710.2
79710.2
79710.7
79718.6
79785.8
80210.1
82022
87977.9
95602.1
111642
82152
80599.5
80578.4
79758.7
79776.4
79709.5
79711.4
79710.2
79710.2
79710.2
79710.2
79710.2
79710.2
79710.2
79710.2
79710.2
79710.2
79710.2
79710.2
79710.2
79710.2
79710.2
79710.2
79710.2
79710.2
79710.2
79710.2
79710.2
79710.2
79710.2
79710.2
79710.2
79710.2
79710.2
79710.2
79710.2
79710.2
79710.2
79710.2
79710.2
79710.2
79710.2
79710.2
79710.2
79710.2
79710.2
79710.2
79710.2
79710.2
79710.2
79710.2
79710.2
79710.2
79710.2
79710.2
79710.2
79710.8
79719.6
79791.2
80216.9
81944.2
87263
93476.4
107370
83771
81011.1
81015.8
79764.2
79808.5
79707.9
79712.2
79710.1
79710.2
79710.2
79710.2
79710.2
79710.2
79710.2
79710.2
79710.2
79710.2
79710.2
79710.2
79710.2
79710.2
79710.2
79710.2
79710.2
79710.2
79710.2
79710.2
79710.2
79710.2
79710.2
79710.2
79710.2
79710.2
79710.2
79710.2
79710.2
79710.2
79710.2
79710.2
79710.2
79710.2
79710.2
79710.2
79710.2
79710.2
79710.2
79710.2
79710.2
79710.2
79710.2
79710.2
79710.2
79710.2
79710.2
79710.2
79710.2
79710.9
79720.7
79795.8
80216.4
81830.8
86462.7
91293.2
102793
85530.1
81411.5
81456.4
79757
79839.1
79705.5
79712.9
79710.1
79710.2
79710.2
79710.2
79710.2
79710.2
79710.2
79710.2
79710.2
79710.2
79710.2
79710.2
79710.2
79710.2
79710.2
79710.2
79710.2
79710.2
79710.2
79710.2
79710.2
79710.2
79710.2
79710.2
79710.2
79710.2
79710.2
79710.2
79710.2
79710.2
79710.2
79710.2
79710.2
79710.2
79710.2
79710.2
79710.2
79710.2
79710.2
79710.2
79710.2
79710.2
79710.2
79710.2
79710.2
79710.2
79710.2
79710.2
79710.2
79711.1
79721.7
79798.8
80203.4
81666.7
85557.8
89077.7
98173.2
87444.6
81795.6
81899.8
79736
79868.4
79702.2
79713.6
79710
79710.2
79710.2
79710.2
79710.2
79710.2
79710.2
79710.2
79710.2
79710.2
79710.2
79710.2
79710.2
79710.2
79710.2
79710.2
79710.2
79710.2
79710.2
79710.2
79710.2
79710.2
79710.2
79710.2
79710.2
79710.2
79710.2
79710.2
79710.2
79710.2
79710.2
79710.2
79710.2
79710.2
79710.2
79710.2
79710.2
79710.2
79710.2
79710.2
79710.2
79710.2
79710.2
79710.2
79710.2
79710.2
79710.2
79710.2
79710.2
79711.2
79722.5
79798.8
80173.2
81438.7
84521.5
86772.1
93302.4
89529.2
82156.5
82345.5
79699.7
79896.7
79698
79714.2
79710
79710.2
79710.2
79710.2
79710.2
79710.2
79710.2
79710.2
79710.2
79710.2
79710.2
79710.2
79710.2
79710.2
79710.2
79710.2
79710.2
79710.2
79710.2
79710.2
79710.2
79710.2
79710.2
79710.2
79710.2
79710.2
79710.2
79710.2
79710.2
79710.2
79710.2
79710.2
79710.2
79710.2
79710.2
79710.2
79710.2
79710.2
79710.2
79710.2
79710.2
79710.2
79710.2
79710.2
79710.2
79710.2
79710.2
79710.2
79710.2
79711.3
79723
79795.9
80127.4
81162
83416.3
84485.7
88427.6
91803.3
82487.4
82794.5
79646.6
79924.6
79693
79714.9
79709.9
79710.2
79710.2
79710.2
79710.2
79710.2
79710.2
79710.2
79710.2
79710.2
79710.2
79710.2
79710.2
79710.2
79710.2
79710.2
79710.2
79710.2
79710.2
79710.2
79710.2
79710.2
79710.2
79710.2
79710.2
79710.2
79710.2
79710.2
79710.2
79710.2
79710.2
79710.2
79710.2
79710.2
79710.2
79710.2
79710.2
79710.2
79710.2
79710.2
79710.2
79710.2
79710.2
79710.2
79710.2
79710.2
79710.2
79710.2
79710.2
79711.4
79722.8
79787.8
80057.1
80818.2
82234.5
82283.3
83818.4
94292.8
82780.8
83249.1
79574.7
79953.1
79686.9
79715.7
79709.8
79710.2
79710.2
79710.2
79710.2
79710.2
79710.2
79710.2
79710.2
79710.2
79710.2
79710.2
79710.2
79710.2
79710.2
79710.2
79710.2
79710.2
79710.2
79710.2
79710.2
79710.2
79710.2
79710.2
79710.2
79710.2
79710.2
79710.2
79710.2
79710.2
79710.2
79710.2
79710.2
79710.2
79710.2
79710.2
79710.2
79710.2
79710.2
79710.2
79710.2
79710.2
79710.2
79710.2
79710.2
79710.2
79710.2
79710.2
79710.2
79711.4
79721.4
79771
79951.6
80383.1
80932.1
80065.9
79383.1
97028
83027
83713.2
79481.6
79983.3
79679.8
79716.6
79709.7
79710.2
79710.2
79710.2
79710.2
79710.2
79710.2
79710.2
79710.2
79710.2
79710.2
79710.2
79710.2
79710.2
79710.2
79710.2
79710.2
79710.2
79710.2
79710.2
79710.2
79710.2
79710.2
79710.2
79710.2
79710.2
79710.2
79710.2
79710.2
79710.2
79710.2
79710.2
79710.2
79710.2
79710.2
79710.2
79710.2
79710.2
79710.2
79710.2
79710.2
79710.2
79710.2
79710.2
79710.2
79710.2
79710.2
79710.2
79710.2
79711.2
79718.3
79743.8
79807.7
79865.2
79564.4
77933.2
75316.9
100050
83215.2
84192.9
79363.8
80016.7
79671.2
79717.7
79709.6
79710.2
79710.2
79710.2
79710.2
79710.2
79710.2
79710.2
79710.2
79710.2
79710.2
79710.2
79710.2
79710.2
79710.2
79710.2
79710.2
79710.2
79710.2
79710.2
79710.2
79710.2
79710.2
79710.2
79710.2
79710.2
79710.2
79710.2
79710.2
79710.2
79710.2
79710.2
79710.2
79710.2
79710.2
79710.2
79710.2
79710.2
79710.2
79710.2
79710.2
79710.2
79710.2
79710.2
79710.2
79710.2
79710.2
79710.2
79710.2
79710.8
79711.9
79698.4
79605.4
79240.4
78166.7
76112.2
72176.6
103410
83330.6
84696.7
79216.8
80055.5
79660.9
79719
79709.5
79710.2
79710.2
79710.2
79710.2
79710.2
79710.2
79710.2
79710.2
79710.2
79710.2
79710.2
79710.2
79710.2
79710.2
79710.2
79710.2
79710.2
79710.2
79710.2
79710.2
79710.2
79710.2
79710.2
79710.2
79710.2
79710.2
79710.2
79710.2
79710.2
79710.2
79710.2
79710.2
79710.2
79710.2
79710.2
79710.2
79710.2
79710.2
79710.2
79710.2
79710.2
79710.2
79710.2
79710.2
79710.2
79710.2
79710.2
79710.2
79709.8
79699
79622.2
79311.6
78463.8
76766.3
74673.2
69871.7
107179
83354.9
85238.1
79033.5
80102.8
79648.1
79720.8
79709.3
79710.2
79710.2
79710.2
79710.2
79710.2
79710.2
79710.2
79710.2
79710.2
79710.2
79710.2
79710.2
79710.2
79710.2
79710.2
79710.2
79710.2
79710.2
79710.2
79710.2
79710.2
79710.2
79710.2
79710.2
79710.2
79710.2
79710.2
79710.2
79710.2
79710.2
79710.2
79710.2
79710.2
79710.2
79710.2
79710.2
79710.2
79710.2
79710.2
79710.2
79710.2
79710.2
79710.2
79710.2
79710.2
79710.2
79710.2
79710.2
79707.8
79678.2
79512.1
78961.6
77771.2
75913.6
74206.9
68869.8
111447
83262.5
85835.8
78803.7
80162.8
79631.8
79723.2
79709.1
79710.2
79710.2
79710.2
79710.2
79710.2
79710.2
79710.2
79710.2
79710.2
79710.2
79710.2
79710.2
79710.2
79710.2
79710.2
79710.2
79710.2
79710.2
79710.2
79710.2
79710.2
79710.2
79710.2
79710.2
79710.2
79710.2
79710.2
79710.2
79710.2
79710.2
79710.2
79710.2
79710.2
79710.2
79710.2
79710.2
79710.2
79710.2
79710.2
79710.2
79710.2
79710.2
79710.2
79710.2
79710.2
79710.2
79710.2
79710.2
79703.9
79639.8
79356.5
78633.3
77374.1
75604.5
74101.3
67949.6
116339
83018.1
86517.6
78511.6
80242.4
79610.2
79726.6
79708.8
79710.2
79710.2
79710.2
79710.2
79710.2
79710.2
79710.2
79710.2
79710.2
79710.2
79710.2
79710.2
79710.2
79710.2
79710.2
79710.2
79710.2
79710.2
79710.2
79710.2
79710.2
79710.2
79710.2
79710.2
79710.2
79710.2
79710.2
79710.2
79710.2
79710.2
79710.2
79710.2
79710.2
79710.2
79710.2
79710.2
79710.2
79710.2
79710.2
79710.2
79710.2
79710.2
79710.2
79710.2
79710.2
79710.2
79710.2
79710.2
79695.9
79589
79252.5
78586.8
77501.3
75886
74547
67441.3
122018
82573.5
87325.3
78132.3
80352.3
79580.4
79731.6
79708.3
79710.2
79710.2
79710.2
79710.2
79710.2
79710.2
79710.2
79710.2
79710.2
79710.2
79710.2
79710.2
79710.2
79710.2
79710.2
79710.2
79710.2
79710.2
79710.2
79710.2
79710.2
79710.2
79710.2
79710.2
79710.2
79710.2
79710.2
79710.2
79710.2
79710.2
79710.2
79710.2
79710.2
79710.2
79710.2
79710.2
79710.2
79710.2
79710.2
79710.2
79710.2
79710.2
79710.2
79710.2
79710.2
79710.2
79710.2
79710.2
79693.3
79595.2
79341.8
78788.1
77707.2
76156.5
74941.2
67673.3
128710
81862.5
88324.7
77624.9
80510.8
79536.9
79739.3
79707.5
79710.2
79710.2
79710.2
79710.2
79710.2
79710.2
79710.2
79710.2
79710.2
79710.2
79710.2
79710.2
79710.2
79710.2
79710.2
79710.2
79710.2
79710.2
79710.2
79710.2
79710.2
79710.2
79710.2
79710.2
79710.2
79710.2
79710.2
79710.2
79710.2
79710.2
79710.2
79710.2
79710.2
79710.2
79710.2
79710.2
79710.2
79710.2
79710.2
79710.2
79710.2
79710.2
79710.2
79710.2
79710.2
79710.2
79710.2
79710.2
79697.8
79630.2
79420.6
78827.2
77673.6
76181
74966.2
68266.4
136711
80802.8
89618.8
76919.7
80750.6
79469.4
79751.9
79706.2
79710.2
79710.2
79710.2
79710.2
79710.2
79710.2
79710.2
79710.2
79710.2
79710.2
79710.2
79710.2
79710.2
79710.2
79710.2
79710.2
79710.2
79710.2
79710.2
79710.2
79710.2
79710.2
79710.2
79710.2
79710.2
79710.2
79710.2
79710.2
79710.2
79710.2
79710.2
79710.2
79710.2
79710.2
79710.2
79710.2
79710.2
79710.2
79710.2
79710.2
79710.2
79710.2
79710.2
79710.2
79710.2
79710.2
79710.2
79710.2
79701
79646.5
79448.9
78880.2
77808.6
76349.7
74984.5
68749.9
146380
79324.4
91373
75890.6
81135
79356.9
79774.1
79703.8
79710.2
79710.2
79710.2
79710.2
79710.2
79710.2
79710.2
79710.2
79710.2
79710.2
79710.2
79710.2
79710.2
79710.2
79710.2
79710.2
79710.2
79710.2
79710.2
79710.2
79710.2
79710.2
79710.2
79710.2
79710.2
79710.2
79710.2
79710.2
79710.2
79710.2
79710.2
79710.2
79710.2
79710.2
79710.2
79710.2
79710.2
79710.2
79710.2
79710.2
79710.2
79710.2
79710.2
79710.2
79710.2
79710.2
79710.2
79710.2
79703.7
79663.3
79507
79044.7
78112.5
76726.4
75339.2
69998.5
158007
77505.5
93811.4
74316.7
81793.5
79151.7
79817.3
79699
79710.2
79710.2
79710.2
79710.2
79710.2
79710.2
79710.2
79710.2
79710.2
79710.2
79710.2
79710.2
79710.2
79710.2
79710.2
79710.2
79710.2
79710.2
79710.2
79710.2
79710.2
79710.2
79710.2
79710.2
79710.2
79710.2
79710.2
79710.2
79710.2
79710.2
79710.2
79710.2
79710.2
79710.2
79710.2
79710.2
79710.2
79710.2
79710.2
79710.2
79710.2
79710.2
79710.2
79710.2
79710.2
79710.2
79710.2
79710.2
79705.5
79674.9
79549.4
79161.9
78335.5
77075
75771.8
71367.5
171328
75922.9
97071.5
71928
82952
78747.4
79910.6
79687.9
79710.2
79710.2
79710.2
79710.2
79710.2
79710.2
79710.2
79710.2
79710.2
79710.2
79710.2
79710.2
79710.2
79710.2
79710.2
79710.2
79710.2
79710.2
79710.2
79710.2
79710.2
79710.2
79710.2
79710.2
79710.2
79710.2
79710.2
79710.2
79710.2
79710.2
79710.2
79710.2
79710.2
79710.2
79710.2
79710.2
79710.2
79710.2
79710.2
79710.2
79710.2
79710.2
79710.2
79710.2
79710.2
79710.2
79710.2
79710.2
79707
79685.3
79593
79297.6
78645.1
77632.2
76540.1
73168.5
184177
76183.4
100682
68812.1
84767.5
78025.1
80087.5
79667.9
79710.2
79710.2
79710.2
79710.2
79710.2
79710.2
79710.2
79710.2
79710.2
79710.2
79710.2
79710.2
79710.2
79710.2
79710.2
79710.2
79710.2
79710.2
79710.2
79710.2
79710.2
79710.2
79710.2
79710.2
79710.2
79710.2
79710.2
79710.2
79710.2
79710.2
79710.2
79710.2
79710.2
79710.2
79710.2
79710.2
79710.2
79710.2
79710.2
79710.2
79710.2
79710.2
79710.2
79710.2
79710.2
79710.2
79710.2
79710.2
79708.2
79694.1
79632
79427.2
78966.3
78254.9
77500.5
75262.4
195889
79371.2
103825
66109.1
85975.4
77620.5
80191.1
79654.7
79710.2
79710.2
79710.2
79710.2
79710.2
79710.2
79710.2
79710.2
79710.2
79710.2
79710.2
79710.2
79710.2
79710.2
79710.2
79710.2
79710.2
79710.2
79710.2
79710.2
79710.2
79710.2
79710.2
79710.2
79710.2
79710.2
79710.2
79710.2
79710.2
79710.2
79710.2
79710.2
79710.2
79710.2
79710.2
79710.2
79710.2
79710.2
79710.2
79710.2
79710.2
79710.2
79710.2
79710.2
79710.2
79710.2
79710.2
79710.2
79709
79700.8
79664.2
79542.4
79275.3
78897.7
78564.7
77444.3
209769
68159.7
103917
66412.2
85308.9
77970.3
80096.6
79665.3
79710.2
79710.2
79710.2
79710.2
79710.2
79710.2
79710.2
79710.2
79710.2
79710.2
79710.2
79710.2
79710.2
79710.2
79710.2
79710.2
79710.2
79710.2
79710.2
79710.2
79710.2
79710.2
79710.2
79710.2
79710.2
79710.2
79710.2
79710.2
79710.2
79710.2
79710.2
79710.2
79710.2
79710.2
79710.2
79710.2
79710.2
79710.2
79710.2
79710.2
79710.2
79710.2
79710.2
79710.2
79710.2
79710.2
79710.2
79710.2
79709.6
79706.1
79691
79645.2
79569.1
79544.4
79696.7
79608.6
219081
59666.3
104445
66506.7
84965.5
78168.3
80034.1
79673.7
79710.2
79710.2
79710.2
79710.2
79710.2
79710.2
79710.2
79710.2
79710.2
79710.2
79710.2
79710.2
79710.2
79710.2
79710.2
79710.2
79710.2
79710.2
79710.2
79710.2
79710.2
79710.2
79710.2
79710.2
79710.2
79710.2
79710.2
79710.2
79710.2
79710.2
79710.2
79710.2
79710.2
79710.2
79710.2
79710.2
79710.2
79710.2
79710.2
79710.2
79710.2
79710.2
79710.2
79710.2
79710.2
79710.2
79710.2
79710.2
79710.1
79710.1
79712.9
79734
79837.2
80163.5
80829.9
81637.4
219664
58661.6
104115
66929.5
84707.3
78270
80006.8
79677.3
79710.2
79710.2
79710.2
79710.2
79710.2
79710.2
79710.2
79710.2
79710.2
79710.2
79710.2
79710.2
79710.2
79710.2
79710.2
79710.2
79710.2
79710.2
79710.2
79710.2
79710.2
79710.2
79710.2
79710.2
79710.2
79710.2
79710.2
79710.2
79710.2
79710.2
79710.2
79710.2
79710.2
79710.2
79710.2
79710.2
79710.2
79710.2
79710.2
79710.2
79710.2
79710.2
79710.2
79710.2
79710.2
79710.2
79710.2
79710.2
79710.5
79713.6
79732.8
79818.4
80102.7
80797.2
82029.8
83625
212302
63453.7
103174
67494.3
84542.1
78307.2
80001.5
79677.6
79710.2
79710.2
79710.2
79710.2
79710.2
79710.2
79710.2
79710.2
79710.2
79710.2
79710.2
79710.2
79710.2
79710.2
79710.2
79710.2
79710.2
79710.2
79710.2
79710.2
79710.2
79710.2
79710.2
79710.2
79710.2
79710.2
79710.2
79710.2
79710.2
79710.2
79710.2
79710.2
79710.2
79710.2
79710.2
79710.2
79710.2
79710.2
79710.2
79710.2
79710.2
79710.2
79710.2
79710.2
79710.2
79710.2
79710.2
79710.2
79710.8
79716.6
79750.7
79897.2
80360.5
81431.2
83264.1
85526.2
200969
72384.7
102342
67995.2
84539.6
78265.8
80019.7
79674.4
79710.2
79710.2
79710.2
79710.2
79710.2
79710.2
79710.2
79710.2
79710.2
79710.2
79710.2
79710.2
79710.2
79710.2
79710.2
79710.2
79710.2
79710.2
79710.2
79710.2
79710.2
79710.2
79710.2
79710.2
79710.2
79710.2
79710.2
79710.2
79710.2
79710.2
79710.2
79710.2
79710.2
79710.2
79710.2
79710.2
79710.2
79710.2
79710.2
79710.2
79710.2
79710.2
79710.2
79710.2
79710.2
79710.2
79710.2
79710.2
79711
79718.8
79764.5
79961.6
80580.8
81992.7
84384.9
87137.5
185148
84234.7
101751
68536.2
84678.3
78150.6
80062.7
79667.4
79710.2
79710.2
79710.2
79710.2
79710.2
79710.2
79710.2
79710.2
79710.2
79710.2
79710.2
79710.2
79710.2
79710.2
79710.2
79710.2
79710.2
79710.2
79710.2
79710.2
79710.2
79710.2
79710.2
79710.2
79710.2
79710.2
79710.2
79710.2
79710.2
79710.2
79710.2
79710.2
79710.2
79710.2
79710.2
79710.2
79710.2
79710.2
79710.2
79710.2
79710.2
79710.2
79710.2
79710.2
79710.2
79710.2
79710.2
79710.2
79711.1
79720.3
79774.8
80012.4
80763.6
82476.9
85371.3
88455.2
166879
98972
102079
69106.9
84929.8
77972.6
80135.5
79655.1
79710.2
79710.2
79710.2
79710.2
79710.2
79710.2
79710.2
79710.2
79710.2
79710.2
79710.2
79710.2
79710.2
79710.2
79710.2
79710.2
79710.2
79710.2
79710.2
79710.2
79710.2
79710.2
79710.2
79710.2
79710.2
79710.2
79710.2
79710.2
79710.2
79710.2
79710.2
79710.2
79710.2
79710.2
79710.2
79710.2
79710.2
79710.2
79710.2
79710.2
79710.2
79710.2
79710.2
79710.2
79710.2
79710.2
79710.2
79710.2
79711.2
79721.2
79781.4
80047.9
80900.3
82857.7
86169.7
89463
150827
107562
103198
70293.7
84991.6
77752.5
80255.2
79635
79710.2
79710.2
79710.2
79710.2
79710.2
79710.2
79710.2
79710.2
79710.2
79710.2
79710.2
79710.2
79710.2
79710.2
79710.2
79710.2
79710.2
79710.2
79710.2
79710.2
79710.2
79710.2
79710.2
79710.2
79710.2
79710.2
79710.2
79710.2
79710.2
79710.2
79710.2
79710.2
79710.2
79710.2
79710.2
79710.2
79710.2
79710.2
79710.2
79710.2
79710.2
79710.2
79710.2
79710.2
79710.2
79710.2
79710.2
79710.2
79711.2
79721.8
79786.3
80075.1
81008.3
83166.4
86836.8
90301
137945
110303
103552
72991.2
85184.7
77258.3
80463.7
79607
79710.2
79710.2
79710.2
79710.2
79710.2
79710.2
79710.2
79710.2
79710.2
79710.2
79710.2
79710.2
79710.2
79710.2
79710.2
79710.2
79710.2
79710.2
79710.2
79710.2
79710.2
79710.2
79710.2
79710.2
79710.2
79710.2
79710.2
79710.2
79710.2
79710.2
79710.2
79710.2
79710.2
79710.2
79710.2
79710.2
79710.2
79710.2
79710.2
79710.2
79710.2
79710.2
79710.2
79710.2
79710.2
79710.2
79710.2
79710.2
79711.2
79722.2
79790.4
80099.5
81108.8
83458.8
87457.5
91074.7
130466
107168
102727
74760.7
85984.2
76729.5
80610.7
79593.3
79710.2
79710.2
79710.2
79710.2
79710.2
79710.2
79710.2
79710.2
79710.2
79710.2
79710.2
79710.2
79710.2
79710.2
79710.2
79710.2
79710.2
79710.2
79710.2
79710.2
79710.2
79710.2
79710.2
79710.2
79710.2
79710.2
79710.2
79710.2
79710.2
79710.2
79710.2
79710.2
79710.2
79710.2
79710.2
79710.2
79710.2
79710.2
79710.2
79710.2
79710.2
79710.2
79710.2
79710.2
79710.2
79710.2
79710.2
79710.2
79711.2
79721.9
79789.4
80099.6
81123.8
83530.9
87640.9
91331.5
126270
102627
100991
75021.9
86664.6
76632.9
80598.5
79598.5
79710.2
79710.2
79710.2
79710.2
79710.2
79710.2
79710.2
79710.2
79710.2
79710.2
79710.2
79710.2
79710.2
79710.2
79710.2
79710.2
79710.2
79710.2
79710.2
79710.2
79710.2
79710.2
79710.2
79710.2
79710.2
79710.2
79710.2
79710.2
79710.2
79710.2
79710.2
79710.2
79710.2
79710.2
79710.2
79710.2
79710.2
79710.2
79710.2
79710.2
79710.2
79710.2
79710.2
79710.2
79710.2
79710.2
79710.2
79710.2
79711.2
79721.7
79789
80101.8
81145.4
83618.4
87845.7
91688.2
121889
97629.3
98770.9
75118.5
85489.5
77328.7
80395.4
79624.4
79710.2
79710.2
79710.2
79710.2
79710.2
79710.2
79710.2
79710.2
79710.2
79710.2
79710.2
79710.2
79710.2
79710.2
79710.2
79710.2
79710.2
79710.2
79710.2
79710.2
79710.2
79710.2
79710.2
79710.2
79710.2
79710.2
79710.2
79710.2
79710.2
79710.2
79710.2
79710.2
79710.2
79710.2
79710.2
79710.2
79710.2
79710.2
79710.2
79710.2
79710.2
79710.2
79710.2
79710.2
79710.2
79710.2
79710.2
79710.2
79711.1
79720.9
79784.7
80084.8
81096.6
83514.3
87635.8
91526.8
117112
93385.5
95855.7
76226.7
83577.2
78337.7
80111.6
79658.5
79710.2
79710.2
79710.2
79710.2
79710.2
79710.2
79710.2
79710.2
79710.2
79710.2
79710.2
79710.2
79710.2
79710.2
79710.2
79710.2
79710.2
79710.2
79710.2
79710.2
79710.2
79710.2
79710.2
79710.2
79710.2
79710.2
79710.2
79710.2
79710.2
79710.2
79710.2
79710.2
79710.2
79710.2
79710.2
79710.2
79710.2
79710.2
79710.2
79710.2
79710.2
79710.2
79710.2
79710.2
79710.2
79710.2
79710.2
79710.2
79711
79719.9
79778.8
80058.7
81013.7
83318.6
87239.9
91195.1
112307
90485.9
92907.6
77434.6
82233.6
78962.8
79914.7
79685.6
79710.2
79710.2
79710.2
79710.2
79710.2
79710.2
79710.2
79710.2
79710.2
79710.2
79710.2
79710.2
79710.2
79710.2
79710.2
79710.2
79710.2
79710.2
79710.2
79710.2
79710.2
79710.2
79710.2
79710.2
79710.2
79710.2
79710.2
79710.2
79710.2
79710.2
79710.2
79710.2
79710.2
79710.2
79710.2
79710.2
79710.2
79710.2
79710.2
79710.2
79710.2
79710.2
79710.2
79710.2
79710.2
79710.2
79710.2
79710.2
79710.9
79718.9
79772.1
80027.3
80905.2
83040.5
86645.8
90608.5
107879
88517.7
90498.1
78270.9
81429.8
79283.7
79822.6
79697.8
79710.2
79710.2
79710.2
79710.2
79710.2
79710.2
79710.2
79710.2
79710.2
79710.2
79710.2
79710.2
79710.2
79710.2
79710.2
79710.2
79710.2
79710.2
79710.2
79710.2
79710.2
79710.2
79710.2
79710.2
79710.2
79710.2
79710.2
79710.2
79710.2
79710.2
79710.2
79710.2
79710.2
79710.2
79710.2
79710.2
79710.2
79710.2
79710.2
79710.2
79710.2
79710.2
79710.2
79710.2
79710.2
79710.2
79710.2
79710.2
79710.7
79717.6
79763.9
79988.6
80768.4
82679.7
85843.3
89631.3
103939
87061.3
88607.9
78810.5
80939.5
79454.5
79776.9
79703.5
79710.2
79710.2
79710.2
79710.2
79710.2
79710.2
79710.2
79710.2
79710.2
79710.2
79710.2
79710.2
79710.2
79710.2
79710.2
79710.2
79710.2
79710.2
79710.2
79710.2
79710.2
79710.2
79710.2
79710.2
79710.2
79710.2
79710.2
79710.2
79710.2
79710.2
79710.2
79710.2
79710.2
79710.2
79710.2
79710.2
79710.2
79710.2
79710.2
79710.2
79710.2
79710.2
79710.2
79710.2
79710.2
79710.2
79710.2
79710.2
79710.6
79715.9
79753
79934.9
80573.4
82153.1
84691.3
88042.7
100442
85908.9
87090.4
79164.9
80620.3
79552
79752.2
79706.4
79710.2
79710.2
79710.2
79710.2
79710.2
79710.2
79710.2
79710.2
79710.2
79710.2
79710.2
79710.2
79710.2
79710.2
79710.2
79710.2
79710.2
79710.2
79710.2
79710.2
79710.2
79710.2
79710.2
79710.2
79710.2
79710.2
79710.2
79710.2
79710.2
79710.2
79710.2
79710.2
79710.2
79710.2
79710.2
79710.2
79710.2
79710.2
79710.2
79710.2
79710.2
79710.2
79710.2
79710.2
79710.2
79710.2
79710.2
79710.2
79710.5
79714.5
79742.9
79884
80384
81629
83538.5
86221.4
97312.6
84952.2
85835.9
79401.3
80399.9
79610.7
79737.8
79707.9
79710.2
79710.2
79710.2
79710.2
79710.2
79710.2
79710.2
79710.2
79710.2
79710.2
79710.2
79710.2
79710.2
79710.2
79710.2
79710.2
79710.2
79710.2
79710.2
79710.2
79710.2
79710.2
79710.2
79710.2
79710.2
79710.2
79710.2
79710.2
79710.2
79710.2
79710.2
79710.2
79710.2
79710.2
79710.2
79710.2
79710.2
79710.2
79710.2
79710.2
79710.2
79710.2
79710.2
79710.2
79710.2
79710.2
79710.2
79710.2
79710.3
79712.6
79730.8
79823.2
80155.8
80985.1
82133.3
83626.3
94497.4
84130
84774.6
79558.8
80240.2
79647.5
79729
79708.8
79710.2
79710.2
79710.2
79710.2
79710.2
79710.2
79710.2
79710.2
79710.2
79710.2
79710.2
79710.2
79710.2
79710.2
79710.2
79710.2
79710.2
79710.2
79710.2
79710.2
79710.2
79710.2
79710.2
79710.2
79710.2
79710.2
79710.2
79710.2
79710.2
79710.2
79710.2
79710.2
79710.2
79710.2
79710.2
79710.2
79710.2
79710.2
79710.2
79710.2
79710.2
79710.2
79710.2
79710.2
79710.2
79710.2
79710.2
79710.2
79710.1
79710.7
79717.6
79756.3
79905.1
80268.7
80645.8
80511.8
91948.2
83404.2
83859.7
79661.6
80119.5
79671.3
79723.2
79709.4
79710.2
79710.2
79710.2
79710.2
79710.2
79710.2
79710.2
79710.2
79710.2
79710.2
79710.2
79710.2
79710.2
79710.2
79710.2
79710.2
79710.2
79710.2
79710.2
79710.2
79710.2
79710.2
79710.2
79710.2
79710.2
79710.2
79710.2
79710.2
79710.2
79710.2
79710.2
79710.2
79710.2
79710.2
79710.2
79710.2
79710.2
79710.2
79710.2
79710.2
79710.2
79710.2
79710.2
79710.2
79710.2
79710.2
79710.2
79710.2
79709.9
79708.8
79704.4
79688.8
79651.4
79519.4
79185.7
76894.2
89630.8
82750.9
83058.7
79725.4
80024.9
79686.7
79719.3
79709.7
79710.2
79710.2
79710.2
79710.2
79710.2
79710.2
79710.2
79710.2
79710.2
79710.2
79710.2
79710.2
79710.2
79710.2
79710.2
79710.2
79710.2
79710.2
79710.2
79710.2
79710.2
79710.2
79710.2
79710.2
79710.2
79710.2
79710.2
79710.2
79710.2
79710.2
79710.2
79710.2
79710.2
79710.2
79710.2
79710.2
79710.2
79710.2
79710.2
79710.2
79710.2
79710.2
79710.2
79710.2
79710.2
79710.2
79710.2
79710.2
79709.8
79706.8
79690.4
79617.6
79390.2
78728.5
77775.1
72787.5
87515.4
82154.2
82348.7
79760.9
79948.4
79696.8
79716.6
79709.9
79710.2
79710.2
79710.2
79710.2
79710.2
79710.2
79710.2
79710.2
79710.2
79710.2
79710.2
79710.2
79710.2
79710.2
79710.2
79710.2
79710.2
79710.2
79710.2
79710.2
79710.2
79710.2
79710.2
79710.2
79710.2
79710.2
79710.2
79710.2
79710.2
79710.2
79710.2
79710.2
79710.2
79710.2
79710.2
79710.2
79710.2
79710.2
79710.2
79710.2
79710.2
79710.2
79710.2
79710.2
79710.2
79710.2
79710.2
79710.2
79709.6
79704.6
79675.8
79540.4
79111.7
77856.8
76482
68334.4
85579.3
81603.8
81713.1
79775.6
79884.9
79703.3
79714.5
79710
79710.2
79710.2
79710.2
79710.2
79710.2
79710.2
79710.2
79710.2
79710.2
79710.2
79710.2
79710.2
79710.2
79710.2
79710.2
79710.2
79710.2
79710.2
79710.2
79710.2
79710.2
79710.2
79710.2
79710.2
79710.2
79710.2
79710.2
79710.2
79710.2
79710.2
79710.2
79710.2
79710.2
79710.2
79710.2
79710.2
79710.2
79710.2
79710.2
79710.2
79710.2
79710.2
79710.2
79710.2
79710.2
79710.2
79710.2
79710.2
79709.4
79702.4
79663.3
79476.1
78875
77017.6
75422.9
63742.4
83804.5
81093.1
81140.3
79774.7
79831
79707.2
79712.9
79710.1
79710.2
79710.2
79710.2
79710.2
79710.2
79710.2
79710.2
79710.2
79710.2
79710.2
79710.2
79710.2
79710.2
79710.2
79710.2
79710.2
79710.2
79710.2
79710.2
79710.2
79710.2
79710.2
79710.2
79710.2
79710.2
79710.2
79710.2
79710.2
79710.2
79710.2
79710.2
79710.2
79710.2
79710.2
79710.2
79710.2
79710.2
79710.2
79710.2
79710.2
79710.2
79710.2
79710.2
79710.2
79710.2
79710.2
79710.2
79710.2
79709.2
79698.9
79642.8
79387.7
78615.9
76057.7
74627.3
59235.4
82173.9
80617
80620.8
79762.3
79784.3
79709.4
79711.7
79710.2
79710.2
79710.2
79710.2
79710.2
79710.2
79710.2
79710.2
79710.2
79710.2
79710.2
79710.2
79710.2
79710.2
79710.2
79710.2
79710.2
79710.2
79710.2
79710.2
79710.2
79710.2
79710.2
79710.2
79710.2
79710.2
79710.2
79710.2
79710.2
79710.2
79710.2
79710.2
79710.2
79710.2
79710.2
79710.2
79710.2
79710.2
79710.2
79710.2
79710.2
79710.2
79710.2
79710.2
79710.2
79710.2
79710.2
79710.2
79710.2
79709.3
79698.7
79633.5
79327.4
78462.3
75252.3
74322.3
55079.8
80676
80172.7
80148.5
79741.5
79743.3
79710.3
79710.6
79710.2
79710.2
79710.2
79710.2
79710.2
79710.2
79710.2
79710.2
79710.2
79710.2
79710.2
79710.2
79710.2
79710.2
79710.2
79710.2
79710.2
79710.2
79710.2
79710.2
79710.2
79710.2
79710.2
79710.2
79710.2
79710.2
79710.2
79710.2
79710.2
79710.2
79710.2
79710.2
79710.2
79710.2
79710.2
79710.2
79710.2
79710.2
79710.2
79710.2
79710.2
79710.2
79710.2
79710.2
79710.2
79710.2
79710.2
79710.2
79710.2
79709.6
79701.4
79644.5
79337.9
78487.4
74771.3
74405.2
51518.2
79298.4
79757.9
79717.9
79714.6
79707
79710.2
79709.8
79710.2
79710.2
79710.2
79710.2
79710.2
79710.2
79710.2
79710.2
79710.2
79710.2
79710.2
79710.2
79710.2
79710.2
79710.2
79710.2
79710.2
79710.2
79710.2
79710.2
79710.2
79710.2
79710.2
79710.2
79710.2
79710.2
79710.2
79710.2
79710.2
79710.2
79710.2
79710.2
79710.2
79710.2
79710.2
79710.2
79710.2
79710.2
79710.2
79710.2
79710.2
79710.2
79710.2
79710.2
79710.2
79710.2
79710.2
79710.2
79710.2
79709.8
79703.9
79660.1
79382.3
78628.6
74533.7
74837.1
48450.6
78031.5
79371
79325
79683.5
79674.5
79709.5
79709
79710.2
79710.2
79710.2
79710.2
79710.2
79710.2
79710.2
79710.2
79710.2
79710.2
79710.2
79710.2
79710.2
79710.2
79710.2
79710.2
79710.2
79710.2
79710.2
79710.2
79710.2
79710.2
79710.2
79710.2
79710.2
79710.2
79710.2
79710.2
79710.2
79710.2
79710.2
79710.2
79710.2
79710.2
79710.2
79710.2
79710.2
79710.2
79710.2
79710.2
79710.2
79710.2
79710.2
79710.2
79710.2
79710.2
79710.2
79710.2
79710.2
79709.9
79705.7
79673.7
79431.3
78830.5
74479.2
75618.8
46123.3
76866.8
79010.8
78966.6
79649.8
79645.4
79708.4
79708.4
79710.2
79710.2
79710.2
79710.2
79710.2
79710.2
79710.2
79710.2
79710.2
79710.2
79710.2
79710.2
79710.2
79710.2
79710.2
79710.2
79710.2
79710.2
79710.2
79710.2
79710.2
79710.2
79710.2
79710.2
79710.2
79710.2
79710.2
79710.2
79710.2
79710.2
79710.2
79710.2
79710.2
79710.2
79710.2
79710.2
79710.2
79710.2
79710.2
79710.2
79710.2
79710.2
79710.2
79710.2
79710.2
79710.2
79710.2
79710.2
79710.2
79710
79706.9
79684.7
79472.5
79047.8
74511.4
76673
44624
75795.5
78676.2
78640.1
79614.6
79619.3
79706.9
79707.8
79710.2
79710.2
79710.2
79710.2
79710.2
79710.2
79710.2
79710.2
79710.2
79710.2
79710.2
79710.2
79710.2
79710.2
79710.2
79710.2
79710.2
79710.2
79710.2
79710.2
79710.2
79710.2
79710.2
79710.2
79710.2
79710.2
79710.2
79710.2
79710.2
79710.2
79710.2
79710.2
79710.2
79710.2
79710.2
79710.2
79710.2
79710.2
79710.2
79710.2
79710.2
79710.2
79710.2
79710.2
79710.2
79710.2
79710.2
79710.2
79710.2
79710.1
79707.8
79693.5
79504
79260.9
74564.7
77920
43864.7
74810.4
78366.3
78343
79578.9
79595.8
79705.2
79707.3
79710.1
79710.2
79710.2
79710.2
79710.2
79710.2
79710.2
79710.2
79710.2
79710.2
79710.2
79710.2
79710.2
79710.2
79710.2
79710.2
79710.2
79710.2
79710.2
79710.2
79710.2
79710.2
79710.2
79710.2
79710.2
79710.2
79710.2
79710.2
79710.2
79710.2
79710.2
79710.2
79710.2
79710.2
79710.2
79710.2
79710.2
79710.2
79710.2
79710.2
79710.2
79710.2
79710.2
79710.2
79710.2
79710.2
79710.2
79710.2
79710.2
79710.1
79708.3
79700.7
79526
79461.7
74607.6
79208.6
43799.5
73905.4
78080.5
78073.7
79543.5
79574.9
79703.4
79706.8
79710.1
79710.2
79710.2
79710.2
79710.2
79710.2
79710.2
79710.2
79710.2
79710.2
79710.2
79710.2
79710.2
79710.2
79710.2
79710.2
79710.2
79710.2
79710.2
79710.2
79710.2
79710.2
79710.2
79710.2
79710.2
79710.2
79710.2
79710.2
79710.2
79710.2
79710.2
79710.2
79710.2
79710.2
79710.2
79710.2
79710.2
79710.2
79710.2
79710.2
79710.2
79710.2
79710.2
79710.2
79710.2
79710.2
79710.2
79710.2
79710.2
79710.2
79708.6
79706.5
79539.1
79652.8
74621.9
80541.3
44356.5
73072.9
77817.6
77830.1
79509
79556.2
79701.6
79706.4
79710.1
79710.2
79710.2
79710.2
79710.2
79710.2
79710.2
79710.2
79710.2
79710.2
79710.2
79710.2
79710.2
79710.2
79710.2
79710.2
79710.2
79710.2
79710.2
79710.2
79710.2
79710.2
79710.2
79710.2
79710.2
79710.2
79710.2
79710.2
79710.2
79710.2
79710.2
79710.2
79710.2
79710.2
79710.2
79710.2
79710.2
79710.2
79710.2
79710.2
79710.2
79710.2
79710.2
79710.2
79710.2
79710.2
79710.2
79710.2
79710.2
79710.2
79708.7
79711.4
79544.5
79831.3
74604.4
81767.9
45373.6
72307.7
77577.1
77611
79475.9
79539.8
79699.8
79706.1
79710.1
79710.2
79710.2
79710.2
79710.2
79710.2
79710.2
79710.2
79710.2
79710.2
79710.2
79710.2
79710.2
79710.2
79710.2
79710.2
79710.2
79710.2
79710.2
79710.2
79710.2
79710.2
79710.2
79710.2
79710.2
79710.2
79710.2
79710.2
79710.2
79710.2
79710.2
79710.2
79710.2
79710.2
79710.2
79710.2
79710.2
79710.2
79710.2
79710.2
79710.2
79710.2
79710.2
79710.2
79710.2
79710.2
79710.2
79710.2
79710.2
79710.2
79708.6
79715.8
79543.5
80000.7
74515.1
82955.3
46746.3
71603.1
77357.6
77414.5
79444.4
79525.4
79698
79705.8
79710
79710.2
79710.2
79710.2
79710.2
79710.2
79710.2
79710.2
79710.2
79710.2
79710.2
79710.2
79710.2
79710.2
79710.2
79710.2
79710.2
79710.2
79710.2
79710.2
79710.2
79710.2
79710.2
79710.2
79710.2
79710.2
79710.2
79710.2
79710.2
79710.2
79710.2
79710.2
79710.2
79710.2
79710.2
79710.2
79710.2
79710.2
79710.2
79710.2
79710.2
79710.2
79710.2
79710.2
79710.2
79710.2
79710.2
79710.2
79710.2
79710.2
79708.5
79720.4
79538.8
80140.7
74484.5
83741.3
48735
70953.3
77158
77239.1
79414.8
79513
79696.3
79705.5
79710
79710.2
79710.2
79710.2
79710.2
79710.2
79710.2
79710.2
79710.2
79710.2
79710.2
79710.2
79710.2
79710.2
79710.2
79710.2
79710.2
79710.2
79710.2
79710.2
79710.2
79710.2
79710.2
79710.2
79710.2
79710.2
79710.2
79710.2
79710.2
79710.2
79710.2
79710.2
79710.2
79710.2
79710.2
79710.2
79710.2
79710.2
79710.2
79710.2
79710.2
79710.2
79710.2
79710.2
79710.2
79710.2
79710.2
79710.2
79710.2
79710.3
79708.2
79725.7
79521.4
80328.1
74360.3
84655
51710.3
70353.7
76977.3
77083.6
79387.3
79502.5
79694.7
79705.3
79710
79710.2
79710.2
79710.2
79710.2
79710.2
79710.2
79710.2
79710.2
79710.2
79710.2
79710.2
79710.2
79710.2
79710.2
79710.2
79710.2
79710.2
79710.2
79710.2
79710.2
79710.2
79710.2
79710.2
79710.2
79710.2
79710.2
79710.2
79710.2
79710.2
79710.2
79710.2
79710.2
79710.2
79710.2
79710.2
79710.2
79710.2
79710.2
79710.2
79710.2
79710.2
79710.2
79710.2
79710.2
79710.2
79710.2
79710.2
79710.2
79710.3
79708.1
79728.8
79511
80479.6
74333.4
85712.5
55377.6
69799.4
76814.5
76946.8
79361.9
79493.7
79693.2
79705.2
79710
79710.2
79710.2
79710.2
79710.2
79710.2
79710.2
79710.2
79710.2
79710.2
79710.2
79710.2
79710.2
79710.2
79710.2
79710.2
79710.2
79710.2
79710.2
79710.2
79710.2
79710.2
79710.2
79710.2
79710.2
79710.2
79710.2
79710.2
79710.2
79710.2
79710.2
79710.2
79710.2
79710.2
79710.2
79710.2
79710.2
79710.2
79710.2
79710.2
79710.2
79710.2
79710.2
79710.2
79710.2
79710.2
79710.2
79710.2
79710.2
79710.3
79708
79730.3
79513.7
80535.3
74579.2
85811.7
60259.2
69284.9
76668.2
76827
79338.6
79486.6
79691.9
79705.1
79710
79710.2
79710.2
79710.2
79710.2
79710.2
79710.2
79710.2
79710.2
79710.2
79710.2
79710.2
79710.2
79710.2
79710.2
79710.2
79710.2
79710.2
79710.2
79710.2
79710.2
79710.2
79710.2
79710.2
79710.2
79710.2
79710.2
79710.2
79710.2
79710.2
79710.2
79710.2
79710.2
79710.2
79710.2
79710.2
79710.2
79710.2
79710.2
79710.2
79710.2
79710.2
79710.2
79710.2
79710.2
79710.2
79710.2
79710.2
79710.2
79710.3
79708
79731
79524.2
80512.8
75135.8
85131.5
65886.2
68805.8
76536.9
76723.1
79317.3
79481.1
79690.6
79705
79710
79710.2
79710.2
79710.2
79710.2
79710.2
79710.2
79710.2
79710.2
79710.2
79710.2
79710.2
79710.2
79710.2
79710.2
79710.2
79710.2
79710.2
79710.2
79710.2
79710.2
79710.2
79710.2
79710.2
79710.2
79710.2
79710.2
79710.2
79710.2
79710.2
79710.2
79710.2
79710.2
79710.2
79710.2
79710.2
79710.2
79710.2
79710.2
79710.2
79710.2
79710.2
79710.2
79710.2
79710.2
79710.2
79710.2
79710.2
79710.2
79710.3
79708.1
79730.3
79542.7
80438.7
75922.9
83871.2
71826.6
68358
76419.4
76633.8
79297.9
79477
79689.5
79705
79710
79710.2
79710.2
79710.2
79710.2
79710.2
79710.2
79710.2
79710.2
79710.2
79710.2
79710.2
79710.2
79710.2
79710.2
79710.2
79710.2
79710.2
79710.2
79710.2
79710.2
79710.2
79710.2
79710.2
79710.2
79710.2
79710.2
79710.2
79710.2
79710.2
79710.2
79710.2
79710.2
79710.2
79710.2
79710.2
79710.2
79710.2
79710.2
79710.2
79710.2
79710.2
79710.2
79710.2
79710.2
79710.2
79710.2
79710.2
79710.2
79710.3
79708.3
79728
79571.7
80313.8
76884.8
82405
78247.8
67938.9
76315
76558.3
79280.4
79474.2
79688.5
79704.9
79709.9
79710.2
79710.2
79710.2
79710.2
79710.2
79710.2
79710.2
79710.2
79710.2
79710.2
79710.2
79710.2
79710.2
79710.2
79710.2
79710.2
79710.2
79710.2
79710.2
79710.2
79710.2
79710.2
79710.2
79710.2
79710.2
79710.2
79710.2
79710.2
79710.2
79710.2
79710.2
79710.2
79710.2
79710.2
79710.2
79710.2
79710.2
79710.2
79710.2
79710.2
79710.2
79710.2
79710.2
79710.2
79710.2
79710.2
79710.2
79710.2
79710.2
79708.8
79723.5
79612.9
80132
77997.6
80799.3
84992.4
67542.1
76221.4
76494.6
79264.3
79472.6
79687.7
79705
79709.9
79710.2
79710.2
79710.2
79710.2
79710.2
79710.2
79710.2
79710.2
79710.2
79710.2
79710.2
79710.2
79710.2
79710.2
79710.2
79710.2
79710.2
79710.2
79710.2
79710.2
79710.2
79710.2
79710.2
79710.2
79710.2
79710.2
79710.2
79710.2
79710.2
79710.2
79710.2
79710.2
79710.2
79710.2
79710.2
79710.2
79710.2
79710.2
79710.2
79710.2
79710.2
79710.2
79710.2
79710.2
79710.2
79710.2
79710.2
79710.2
79710.2
79709.7
79716.2
79668.8
79892.8
79251.9
79247.8
92243.3
67168.1
76138
76442.4
79249.7
79472.1
79686.9
79705
79709.9
79710.2
79710.2
79710.2
79710.2
79710.2
79710.2
79710.2
79710.2
79710.2
79710.2
79710.2
79710.2
79710.2
79710.2
79710.2
79710.2
79710.2
79710.2
79710.2
79710.2
79710.2
79710.2
79710.2
79710.2
79710.2
79710.2
79710.2
79710.2
79710.2
79710.2
79710.2
79710.2
79710.2
79710.2
79710.2
79710.2
79710.2
79710.2
79710.2
79710.2
79710.2
79710.2
79710.2
79710.2
79710.2
79710.2
79710.2
79710.2
79710
79711.1
79705
79742.7
79591.4
80631.7
77837.1
99966.5
66811.6
76063.4
76400.3
79236.2
79472.5
79686.2
79705.1
79709.9
79710.2
79710.2
79710.2
79710.2
79710.2
79710.2
79710.2
79710.2
79710.2
79710.2
79710.2
79710.2
79710.2
79710.2
79710.2
79710.2
79710.2
79710.2
79710.2
79710.2
79710.2
79710.2
79710.2
79710.2
79710.2
79710.2
79710.2
79710.2
79710.2
79710.2
79710.2
79710.2
79710.2
79710.2
79710.2
79710.2
79710.2
79710.2
79710.2
79710.2
79710.2
79710.2
79710.2
79710.2
79710.2
79710.2
79710.2
79710.2
79709.8
79713.2
79689.2
79838.3
79223.2
82119.4
76653.9
108243
66470.7
75996.3
76367.2
79223.6
79473.8
79685.5
79705.1
79709.9
79710.2
79710.2
79710.2
79710.2
79710.2
79710.2
79710.2
79710.2
79710.2
79710.2
79710.2
79710.2
79710.2
79710.2
79710.2
79710.2
79710.2
79710.2
79710.2
79710.2
79710.2
79710.2
79710.2
79710.2
79710.2
79710.2
79710.2
79710.2
79710.2
79710.2
79710.2
79710.2
79710.2
79710.2
79710.2
79710.2
79710.2
79710.2
79710.2
79710.2
79710.2
79710.2
79710.2
79710.2
79710.2
79710.2
79710.2
79710.2
79709.6
79716.2
79667.7
79956.2
78798.9
83667.9
75929.9
117161
66144.8
75935.9
76342.5
79211.8
79475.7
79685
79705.2
79709.9
79710.2
79710.2
79710.2
79710.2
79710.2
79710.2
79710.2
79710.2
79710.2
79710.2
79710.2
79710.2
79710.2
79710.2
79710.2
79710.2
79710.2
79710.2
79710.2
79710.2
79710.2
79710.2
79710.2
79710.2
79710.2
79710.2
79710.2
79710.2
79710.2
79710.2
79710.2
79710.2
79710.2
79710.2
79710.2
79710.2
79710.2
79710.2
79710.2
79710.2
79710.2
79710.2
79710.2
79710.2
79710.2
79710.2
79710.2
79710.2
79709.1
79720.7
79638.7
80101.3
78313.8
85265.7
75718.4
126841
65829.7
75880.4
76324.6
79200.3
79478.1
79684.4
79705.3
79709.9
79710.2
79710.2
79710.2
79710.2
79710.2
79710.2
79710.2
79710.2
79710.2
79710.2
79710.2
79710.2
79710.2
79710.2
79710.2
79710.2
79710.2
79710.2
79710.2
79710.2
79710.2
79710.2
79710.2
79710.2
79710.2
79710.2
79710.2
79710.2
79710.2
79710.2
79710.2
79710.2
79710.2
79710.2
79710.2
79710.2
79710.2
79710.2
79710.2
79710.2
79710.2
79710.2
79710.2
79710.2
79710.2
79710.2
79710.2
79710.2
79708.5
79726.9
79599.9
80279.2
77767.9
86911.1
76198.7
137136
65526.4
75829.2
76313.2
79189
79480.9
79683.9
79705.4
79709.9
79710.2
79710.2
79710.2
79710.2
79710.2
79710.2
79710.2
79710.2
79710.2
79710.2
79710.2
79710.2
79710.2
79710.2
79710.2
79710.2
79710.2
79710.2
79710.2
79710.2
79710.2
79710.2
79710.2
79710.2
79710.2
79710.2
79710.2
79710.2
79710.2
79710.2
79710.2
79710.2
79710.2
79710.2
79710.2
79710.2
79710.2
79710.2
79710.2
79710.2
79710.2
79710.2
79710.2
79710.2
79710.2
79710.2
79710.2
79710.2
79707.5
79735.7
79549.3
80492.1
77176.9
88568.5
77694.9
148271
65232.5
75781
76307.3
79177.7
79483.9
79683.4
79705.5
79709.9
79710.2
79710.2
79710.2
79710.2
79710.2
79710.2
79710.2
79710.2
79710.2
79710.2
79710.2
79710.2
79710.2
79710.2
79710.2
79710.2
79710.2
79710.2
79710.2
79710.2
79710.2
79710.2
79710.2
79710.2
79710.2
79710.2
79710.2
79710.2
79710.2
79710.2
79710.2
79710.2
79710.2
79710.2
79710.2
79710.2
79710.2
79710.2
79710.2
79710.2
79710.2
79710.2
79710.2
79710.2
79710.2
79710.2
79710.2
79710.2
79706.2
79748.1
79483.1
80747.5
76533.5
90244.5
80212.8
160187
64948.7
75735.3
76306
79165.9
79487.1
79682.8
79705.6
79709.9
79710.2
79710.2
79710.2
79710.2
79710.2
79710.2
79710.2
79710.2
79710.2
79710.2
79710.2
79710.2
79710.2
79710.2
79710.2
79710.2
79710.2
79710.2
79710.2
79710.2
79710.2
79710.2
79710.2
79710.2
79710.2
79710.2
79710.2
79710.2
79710.2
79710.2
79710.2
79710.2
79710.2
79710.2
79710.2
79710.2
79710.2
79710.2
79710.2
79710.2
79710.2
79710.2
79710.2
79710.2
79710.2
79710.2
79710.2
79710.2
79704.1
79765.7
79395.9
81053.7
75847.3
91972
84080.4
172749
64672.5
75690.4
76308.5
79153.5
79490.1
79682.2
79705.6
79709.9
79710.2
79710.2
79710.2
79710.2
79710.2
79710.2
79710.2
79710.2
79710.2
79710.2
79710.2
79710.2
79710.2
79710.2
79710.2
79710.2
79710.2
79710.2
79710.2
79710.2
79710.2
79710.2
79710.2
79710.2
79710.2
79710.2
79710.2
79710.2
79710.2
79710.2
79710.2
79710.2
79710.2
79710.2
79710.2
79710.2
79710.2
79710.2
79710.2
79710.2
79710.2
79710.2
79710.2
79710.2
79710.2
79710.2
79710.2
79710.2
79700.9
79790.7
79281.3
81421.3
75126.6
93779.3
89648.2
185740
64405.4
75645.9
76314.2
79140
79492.9
79681.6
79705.6
79709.9
79710.2
79710.2
79710.2
79710.2
79710.2
79710.2
79710.2
79710.2
79710.2
79710.2
79710.2
79710.2
79710.2
79710.2
79710.2
79710.2
79710.2
79710.2
79710.2
79710.2
79710.2
79710.2
79710.2
79710.2
79710.2
79710.2
79710.2
79710.2
79710.2
79710.2
79710.2
79710.2
79710.2
79710.2
79710.2
79710.2
79710.2
79710.2
79710.2
79710.2
79710.2
79710.2
79710.2
79710.2
79710.2
79710.2
79710.2
79710.2
79696
79827.1
79127.8
81865.8
74395.9
95675.9
97125.5
197161
64145.6
75600.3
76322
79125.1
79495.3
79680.8
79705.6
79709.9
79710.2
79710.2
79710.2
79710.2
79710.2
79710.2
79710.2
79710.2
79710.2
79710.2
79710.2
79710.2
79710.2
79710.2
79710.2
79710.2
79710.2
79710.2
79710.2
79710.2
79710.2
79710.2
79710.2
79710.2
79710.2
79710.2
79710.2
79710.2
79710.2
79710.2
79710.2
79710.2
79710.2
79710.2
79710.2
79710.2
79710.2
79710.2
79710.2
79710.2
79710.2
79710.2
79710.2
79710.2
79710.2
79710.2
79710.2
79710.2
79688
79881.8
78915.8
82456.4
73512.6
97930.8
106866
206657
63894.8
75552.9
76331.6
79108.3
79497.1
79679.8
79705.6
79709.8
79710.2
79710.2
79710.2
79710.2
79710.2
79710.2
79710.2
79710.2
79710.2
79710.2
79710.2
79710.2
79710.2
79710.2
79710.2
79710.2
79710.2
79710.2
79710.2
79710.2
79710.2
79710.2
79710.2
79710.2
79710.2
79710.2
79710.2
79710.2
79710.2
79710.2
79710.2
79710.2
79710.2
79710.2
79710.2
79710.2
79710.2
79710.2
79710.2
79710.2
79710.2
79710.2
79710.2
79710.2
79710.2
79710.2
79710.2
79710.2
79674.8
79966
78666.9
83006.2
72777.3
100023
115174
212854
63651.4
75501.9
76341.7
79088.9
79497.9
79678.6
79705.5
79709.8
79710.2
79710.2
79710.2
79710.2
79710.2
79710.2
79710.2
79710.2
79710.2
79710.2
79710.2
79710.2
79710.2
79710.2
79710.2
79710.2
79710.2
79710.2
79710.2
79710.2
79710.2
79710.2
79710.2
79710.2
79710.2
79710.2
79710.2
79710.2
79710.2
79710.2
79710.2
79710.2
79710.2
79710.2
79710.2
79710.2
79710.2
79710.2
79710.2
79710.2
79710.2
79710.2
79710.2
79710.2
79710.2
79710.2
79710.2
79710.2
79651.6
80137.4
78172.7
83719.8
72540.7
102084
123234
216020
63415.8
75446
76351.6
79066.2
79497.5
79677.1
79705.3
79709.8
79710.2
79710.2
79710.2
79710.2
79710.2
79710.2
79710.2
79710.2
79710.2
79710.2
79710.2
79710.2
79710.2
79710.2
79710.2
79710.2
79710.2
79710.2
79710.2
79710.2
79710.2
79710.2
79710.2
79710.2
79710.2
79710.2
79710.2
79710.2
79710.2
79710.2
79710.2
79710.2
79710.2
79710.2
79710.2
79710.2
79710.2
79710.2
79710.2
79710.2
79710.2
79710.2
79710.2
79710.2
79710.2
79710.2
79710.2
79710.2
79651.7
80176
77959.7
84061.8
72648.9
103116
129396
217795
63187.3
75382.6
76360
79038.8
79495.3
79675.1
79705
79709.8
79710.2
79710.2
79710.2
79710.2
79710.2
79710.2
79710.2
79710.2
79710.2
79710.2
79710.2
79710.2
79710.2
79710.2
79710.2
79710.2
79710.2
79710.2
79710.2
79710.2
79710.2
79710.2
79710.2
79710.2
79710.2
79710.2
79710.2
79710.2
79710.2
79710.2
79710.2
79710.2
79710.2
79710.2
79710.2
79710.2
79710.2
79710.2
79710.2
79710.2
79710.2
79710.2
79710.2
79710.2
79710.2
79710.2
79710.2
79710.2
79671.2
80047.4
78275.3
83682.7
72676.2
101670
128403
223288
62963
75308.7
76365.8
79005.1
79490.6
79672.5
79704.6
79709.7
79710.2
79710.2
79710.2
79710.2
79710.2
79710.2
79710.2
79710.2
79710.2
79710.2
79710.2
79710.2
79710.2
79710.2
79710.2
79710.2
79710.2
79710.2
79710.2
79710.2
79710.2
79710.2
79710.2
79710.2
79710.2
79710.2
79710.2
79710.2
79710.2
79710.2
79710.2
79710.2
79710.2
79710.2
79710.2
79710.2
79710.2
79710.2
79710.2
79710.2
79710.2
79710.2
79710.2
79710.2
79710.2
79710.2
79710.2
79710.2
79682.8
79952.2
78604.8
83092.9
72934.4
99445.2
123111
227520
62742.5
75218.8
76365.6
78962.1
79482
79668.6
79703.8
79709.6
79710.2
79710.2
79710.2
79710.2
79710.2
79710.2
79710.2
79710.2
79710.2
79710.2
79710.2
79710.2
79710.2
79710.2
79710.2
79710.2
79710.2
79710.2
79710.2
79710.2
79710.2
79710.2
79710.2
79710.2
79710.2
79710.2
79710.2
79710.2
79710.2
79710.2
79710.2
79710.2
79710.2
79710.2
79710.2
79710.2
79710.2
79710.2
79710.2
79710.2
79710.2
79710.2
79710.2
79710.2
79710.2
79710.2
79710.2
79710.2
79690.3
79890.6
78850
82513.7
73529.3
97129.5
116063
228622
62519
75104
76355
78905
79467.3
79662.9
79702.7
79709.5
79710.2
79710.2
79710.2
79710.2
79710.2
79710.2
79710.2
79710.2
79710.2
79710.2
79710.2
79710.2
79710.2
79710.2
79710.2
79710.2
79710.2
79710.2
79710.2
79710.2
79710.2
79710.2
79710.2
79710.2
79710.2
79710.2
79710.2
79710.2
79710.2
79710.2
79710.2
79710.2
79710.2
79710.2
79710.2
79710.2
79710.2
79710.2
79710.2
79710.2
79710.2
79710.2
79710.2
79710.2
79710.2
79710.2
79710.2
79710.2
79695.1
79850.5
79014.1
82099.4
74032.3
95201.9
108506
227225
62283.5
74950.5
76327.8
78825.4
79441.6
79653.5
79700.6
79709.2
79710.2
79710.2
79710.2
79710.2
79710.2
79710.2
79710.2
79710.2
79710.2
79710.2
79710.2
79710.2
79710.2
79710.2
79710.2
79710.2
79710.2
79710.2
79710.2
79710.2
79710.2
79710.2
79710.2
79710.2
79710.2
79710.2
79710.2
79710.2
79710.2
79710.2
79710.2
79710.2
79710.2
79710.2
79710.2
79710.2
79710.2
79710.2
79710.2
79710.2
79710.2
79710.2
79710.2
79710.2
79710.2
79710.2
79710.2
79710.2
79698.3
79823
79128.6
81802.2
74418.8
93748.2
101765
224060
62031.7
74738.5
76252.3
78694.3
79392.8
79636.8
79696.4
79708.6
79710.2
79710.2
79710.2
79710.2
79710.2
79710.2
79710.2
79710.2
79710.2
79710.2
79710.2
79710.2
79710.2
79710.2
79710.2
79710.2
79710.2
79710.2
79710.2
79710.2
79710.2
79710.2
79710.2
79710.2
79710.2
79710.2
79710.2
79710.2
79710.2
79710.2
79710.2
79710.2
79710.2
79710.2
79710.2
79710.2
79710.2
79710.2
79710.2
79710.2
79710.2
79710.2
79710.2
79710.2
79710.2
79710.2
79710.2
79710.2
79700.6
79803.5
79212.3
81578
74729.2
92654.8
95975
219775
61627.3
74294.9
76084.1
78500.3
79305.8
79599.2
79686.8
79707.6
79710.2
79710.2
79710.2
79710.2
79710.2
79710.2
79710.2
79710.2
79710.2
79710.2
79710.2
79710.2
79710.2
79710.2
79710.2
79710.2
79710.2
79710.2
79710.2
79710.2
79710.2
79710.2
79710.2
79710.2
79710.2
79710.2
79710.2
79710.2
79710.2
79710.2
79710.2
79710.2
79710.2
79710.2
79710.2
79710.2
79710.2
79710.2
79710.2
79710.2
79710.2
79710.2
79710.2
79710.2
79710.2
79710.2
79710.2
79710.2
79702.2
79789.2
79274.3
81407.9
74973.3
91850.5
90864.5
214483
61458
74091.1
75782.2
78027.2
79099.5
79543.2
79678.2
79707.1
79710.2
79710.2
79710.2
79710.2
79710.2
79710.2
79710.2
79710.2
79710.2
79710.2
79710.2
79710.2
79710.2
79710.2
79710.2
79710.2
79710.2
79710.2
79710.2
79710.2
79710.2
79710.2
79710.2
79710.2
79710.2
79710.2
79710.2
79710.2
79710.2
79710.2
79710.2
79710.2
79710.2
79710.2
79710.2
79710.2
79710.2
79710.2
79710.2
79710.2
79710.2
79710.2
79710.2
79710.2
79710.2
79710.2
79710.2
79710.2
79703.5
79778.5
79321.9
81274.9
75166.9
91271.3
86368.3
208733
60710.4
72814
75461.6
77965.5
79148
79575
79687.9
79708.3
79710.2
79710.2
79710.2
79710.2
79710.2
79710.2
79710.2
79710.2
79710.2
79710.2
79710.2
79710.2
79710.2
79710.2
79710.2
79710.2
79710.2
79710.2
79710.2
79710.2
79710.2
79710.2
79710.2
79710.2
79710.2
79710.2
79710.2
79710.2
79710.2
79710.2
79710.2
79710.2
79710.2
79710.2
79710.2
79710.2
79710.2
79710.2
79710.2
79710.2
79710.2
79710.2
79710.2
79710.2
79710.2
79710.2
79710.2
79710.2
79704.4
79770.2
79359.9
81166.2
75331.7
90836.7
82506.1
202846
