103.092
105.57
105.57
105.57
105.57
105.57
105.57
105.57
105.57
105.57
105.57
105.57
105.57
105.57
105.57
105.57
105.57
105.57
105.57
105.57
105.57
105.57
105.57
105.57
105.57
105.57
105.57
105.57
105.57
105.57
105.57
105.57
105.57
105.57
105.57
105.57
105.57
105.57
105.57
105.57
105.57
105.57
105.57
105.57
105.57
105.57
105.57
105.57
105.57
105.57
105.57
105.57
105.57
105.57
105.57
105.57
105.57
105.57
105.57
105.57
105.57
105.57
105.57
123.727
101.68
105.57
105.57
105.57
105.57
105.57
105.57
105.57
105.57
105.57
105.57
105.57
105.57
105.57
105.57
105.57
105.57
105.57
105.57
105.57
105.57
105.57
105.57
105.57
105.57
105.57
105.57
105.57
105.57
105.57
105.57
105.57
105.57
105.57
105.57
105.57
105.57
105.57
105.57
105.57
105.57
105.57
105.57
105.57
105.57
105.57
105.57
105.57
105.57
105.57
105.57
105.57
105.57
105.57
105.57
105.57
105.57
105.57
105.57
105.57
105.57
105.57
105.57
123.35
101.818
105.57
105.57
105.57
105.57
105.57
105.57
105.57
105.57
105.57
105.57
105.57
105.57
105.57
105.57
105.57
105.57
105.57
105.57
105.57
105.57
105.57
105.57
105.57
105.57
105.57
105.57
105.57
105.57
105.57
105.57
105.57
105.57
105.57
105.57
105.57
105.57
105.57
105.57
105.57
105.57
105.57
105.57
105.57
105.57
105.57
105.57
105.57
105.57
105.57
105.57
105.57
105.57
105.57
105.57
105.57
105.57
105.57
105.57
105.57
105.57
105.57
105.57
122.983
101.868
105.57
105.57
105.57
105.57
105.57
105.57
105.57
105.57
105.57
105.57
105.57
105.57
105.57
105.57
105.57
105.57
105.57
105.57
105.57
105.57
105.57
105.57
105.57
105.57
105.57
105.57
105.57
105.57
105.57
105.57
105.57
105.57
105.57
105.57
105.57
105.57
105.57
105.57
105.57
105.57
105.57
105.57
105.57
105.57
105.57
105.57
105.57
105.57
105.57
105.57
105.57
105.57
105.57
105.57
105.57
105.57
105.57
105.57
105.57
105.57
105.57
105.57
122.628
101.899
105.57
105.57
105.57
105.57
105.57
105.57
105.57
105.57
105.57
105.57
105.57
105.57
105.57
105.57
105.57
105.57
105.57
105.57
105.57
105.57
105.57
105.57
105.57
105.57
105.57
105.57
105.57
105.57
105.57
105.57
105.57
105.57
105.57
105.57
105.57
105.57
105.57
105.57
105.57
105.57
105.57
105.57
105.57
105.57
105.57
105.57
105.57
105.57
105.57
105.57
105.57
105.57
105.57
105.57
105.57
105.57
105.57
105.57
105.57
105.57
105.57
105.57
122.283
101.924
105.57
105.57
105.57
105.57
105.57
105.57
105.57
105.57
105.57
105.57
105.57
105.57
105.57
105.57
105.57
105.57
105.57
105.57
105.57
105.57
105.57
105.57
105.57
105.57
105.57
105.57
105.57
105.57
105.57
105.57
105.57
105.57
105.57
105.57
105.57
105.57
105.57
105.57
105.57
105.57
105.57
105.57
105.57
105.57
105.57
105.57
105.57
105.57
105.57
105.57
105.57
105.57
105.57
105.57
105.57
105.57
105.57
105.57
105.57
105.57
105.57
105.57
121.943
101.949
105.57
105.57
105.57
105.57
105.57
105.57
105.57
105.57
105.57
105.57
105.57
105.57
105.57
105.57
105.57
105.57
105.57
105.57
105.57
105.57
105.57
105.57
105.57
105.57
105.57
105.57
105.57
105.57
105.57
105.57
105.57
105.57
105.57
105.57
105.57
105.57
105.57
105.57
105.57
105.57
105.57
105.57
105.57
105.57
105.57
105.57
105.57
105.57
105.57
105.57
105.57
105.57
105.57
105.57
105.57
105.57
105.57
105.57
105.57
105.57
105.57
105.57
121.608
101.974
105.57
105.57
105.57
105.57
105.57
105.57
105.57
105.57
105.57
105.57
105.57
105.57
105.57
105.57
105.57
105.57
105.57
105.57
105.57
105.57
105.57
105.57
105.57
105.57
105.57
105.57
105.57
105.57
105.57
105.57
105.57
105.57
105.57
105.57
105.57
105.57
105.57
105.57
105.57
105.57
105.57
105.57
105.57
105.57
105.57
105.57
105.57
105.57
105.57
105.57
105.57
105.57
105.57
105.57
105.57
105.57
105.57
105.57
105.57
105.57
105.57
105.57
121.277
102.002
105.57
105.57
105.57
105.57
105.57
105.57
105.57
105.57
105.57
105.57
105.57
105.57
105.57
105.57
105.57
105.57
105.57
105.57
105.57
105.57
105.57
105.57
105.57
105.57
105.57
105.57
105.57
105.57
105.57
105.57
105.57
105.57
105.57
105.57
105.57
105.57
105.57
105.57
105.57
105.57
105.57
105.57
105.57
105.57
105.57
105.57
105.57
105.57
105.57
105.57
105.57
105.57
105.57
105.57
105.57
105.57
105.57
105.57
105.57
105.57
105.57
105.57
120.947
102.032
105.57
105.57
105.57
105.57
105.57
105.57
105.57
105.57
105.57
105.57
105.57
105.57
105.57
105.57
105.57
105.57
105.57
105.57
105.57
105.57
105.57
105.57
105.57
105.57
105.57
105.57
105.57
105.57
105.57
105.57
105.57
105.57
105.57
105.57
105.57
105.57
105.57
105.57
105.57
105.57
105.57
105.57
105.57
105.57
105.57
105.57
105.57
105.57
105.57
105.57
105.57
105.57
105.57
105.57
105.57
105.57
105.57
105.57
105.57
105.57
105.57
105.57
120.617
102.064
105.57
105.57
105.57
105.57
105.57
105.57
105.57
105.57
105.57
105.57
105.57
105.57
105.57
105.57
105.57
105.57
105.57
105.57
105.57
105.57
105.57
105.57
105.57
105.57
105.57
105.57
105.57
105.57
105.57
105.57
105.57
105.57
105.57
105.57
105.57
105.57
105.57
105.57
105.57
105.57
105.57
105.57
105.57
105.57
105.57
105.57
105.57
105.57
105.57
105.57
105.57
105.57
105.57
105.57
105.57
105.57
105.57
105.57
105.57
105.57
105.57
105.57
120.285
102.099
105.57
105.57
105.57
105.57
105.57
105.57
105.57
105.57
105.57
105.57
105.57
105.57
105.57
105.57
105.57
105.57
105.57
105.57
105.57
105.57
105.57
105.57
105.57
105.57
105.57
105.57
105.57
105.57
105.57
105.57
105.57
105.57
105.57
105.57
105.57
105.57
105.57
105.57
105.57
105.57
105.57
105.57
105.57
105.57
105.57
105.57
105.57
105.57
105.57
105.57
105.57
105.57
105.57
105.57
105.57
105.57
105.57
105.57
105.57
105.57
105.57
105.57
119.95
102.135
105.57
105.57
105.57
105.57
105.57
105.57
105.57
105.57
105.57
105.57
105.57
105.57
105.57
105.57
105.57
105.57
105.57
105.57
105.57
105.57
105.57
105.57
105.57
105.57
105.57
105.57
105.57
105.57
105.57
105.57
105.57
105.57
105.57
105.57
105.57
105.57
105.57
105.57
105.57
105.57
105.57
105.57
105.57
105.57
105.57
105.57
105.57
105.57
105.57
105.57
105.57
105.57
105.57
105.57
105.57
105.57
105.57
105.57
105.57
105.57
105.57
105.57
119.61
102.175
105.57
105.57
105.57
105.57
105.57
105.57
105.57
105.57
105.57
105.57
105.57
105.57
105.57
105.57
105.57
105.57
105.57
105.57
105.57
105.57
105.57
105.57
105.57
105.57
105.57
105.57
105.57
105.57
105.57
105.57
105.57
105.57
105.57
105.57
105.57
105.57
105.57
105.57
105.57
105.57
105.57
105.57
105.57
105.57
105.57
105.57
105.57
105.57
105.57
105.57
105.57
105.57
105.57
105.57
105.57
105.57
105.57
105.57
105.57
105.57
105.57
105.57
119.263
102.216
105.57
105.57
105.57
105.57
105.57
105.57
105.57
105.57
105.57
105.57
105.57
105.57
105.57
105.57
105.57
105.57
105.57
105.57
105.57
105.57
105.57
105.57
105.57
105.57
105.57
105.57
105.57
105.57
105.57
105.57
105.57
105.57
105.57
105.57
105.57
105.57
105.57
105.57
105.57
105.57
105.57
105.57
105.57
105.57
105.57
105.57
105.57
105.57
105.57
105.57
105.57
105.57
105.57
105.57
105.57
105.57
105.57
105.57
105.57
105.57
105.57
105.57
118.908
102.261
105.57
105.57
105.57
105.57
105.57
105.57
105.57
105.57
105.57
105.57
105.57
105.57
105.57
105.57
105.57
105.57
105.57
105.57
105.57
105.57
105.57
105.57
105.57
105.57
105.57
105.57
105.57
105.57
105.57
105.57
105.57
105.57
105.57
105.57
105.57
105.57
105.57
105.57
105.57
105.57
105.57
105.57
105.57
105.57
105.57
105.57
105.57
105.57
105.57
105.57
105.57
105.57
105.57
105.57
105.57
105.57
105.57
105.57
105.57
105.57
105.57
105.57
118.541
102.307
105.57
105.57
105.57
105.57
105.57
105.57
105.57
105.57
105.57
105.57
105.57
105.57
105.57
105.57
105.57
105.57
105.57
105.57
105.57
105.57
105.57
105.57
105.57
105.57
105.57
105.57
105.57
105.57
105.57
105.57
105.57
105.57
105.57
105.57
105.57
105.57
105.57
105.57
105.57
105.57
105.57
105.57
105.57
105.57
105.57
105.57
105.57
105.57
105.57
105.57
105.57
105.57
105.57
105.57
105.57
105.57
105.57
105.57
105.57
105.57
105.57
105.57
118.161
102.357
105.57
105.57
105.57
105.57
105.57
105.57
105.57
105.57
105.57
105.57
105.57
105.57
105.57
105.57
105.57
105.57
105.57
105.57
105.57
105.57
105.57
105.57
105.57
105.57
105.57
105.57
105.57
105.57
105.57
105.57
105.57
105.57
105.57
105.57
105.57
105.57
105.57
105.57
105.57
105.57
105.57
105.57
105.57
105.57
105.57
105.57
105.57
105.57
105.57
105.57
105.57
105.57
105.57
105.57
105.57
105.57
105.57
105.57
105.57
105.57
105.57
105.57
117.766
102.41
105.57
105.57
105.57
105.57
105.57
105.57
105.57
105.57
105.57
105.57
105.57
105.57
105.57
105.57
105.57
105.57
105.57
105.57
105.57
105.57
105.57
105.57
105.57
105.57
105.57
105.57
105.57
105.57
105.57
105.57
105.57
105.57
105.57
105.57
105.57
105.57
105.57
105.57
105.57
105.57
105.57
105.57
105.57
105.57
105.57
105.57
105.57
105.57
105.57
105.57
105.57
105.57
105.57
105.57
105.57
105.57
105.57
105.57
105.57
105.57
105.57
105.57
117.352
102.467
105.57
105.57
105.57
105.57
105.57
105.57
105.57
105.57
105.57
105.57
105.57
105.57
105.57
105.57
105.57
105.57
105.57
105.57
105.57
105.57
105.57
105.57
105.57
105.57
105.57
105.57
105.57
105.57
105.57
105.57
105.57
105.57
105.57
105.57
105.57
105.57
105.57
105.57
105.57
105.57
105.57
105.57
105.57
105.57
105.57
105.57
105.57
105.57
105.57
105.57
105.57
105.57
105.57
105.57
105.57
105.57
105.57
105.57
105.57
105.57
105.57
105.57
116.915
102.527
105.57
105.57
105.57
105.57
105.57
105.57
105.57
105.57
105.57
105.57
105.57
105.57
105.57
105.57
105.57
105.57
105.57
105.57
105.57
105.57
105.57
105.57
105.57
105.57
105.57
105.57
105.57
105.57
105.57
105.57
105.57
105.57
105.57
105.57
105.57
105.57
105.57
105.57
105.57
105.57
105.57
105.57
105.57
105.57
105.57
105.57
105.57
105.57
105.57
105.57
105.57
105.57
105.57
105.57
105.57
105.57
105.57
105.57
105.57
105.57
105.57
105.57
116.451
102.591
105.57
105.57
105.57
105.57
105.57
105.57
105.57
105.57
105.57
105.57
105.57
105.57
105.57
105.57
105.57
105.57
105.57
105.57
105.57
105.57
105.57
105.57
105.57
105.57
105.57
105.57
105.57
105.57
105.57
105.57
105.57
105.57
105.57
105.57
105.57
105.57
105.57
105.57
105.57
105.57
105.57
105.57
105.57
105.57
105.57
105.57
105.57
105.57
105.57
105.57
105.57
105.57
105.57
105.57
105.57
105.57
105.57
105.57
105.57
105.57
105.57
105.57
115.955
102.661
105.57
105.57
105.57
105.57
105.57
105.57
105.57
105.57
105.57
105.57
105.57
105.57
105.57
105.57
105.57
105.57
105.57
105.57
105.57
105.57
105.57
105.57
105.57
105.57
105.57
105.57
105.57
105.57
105.57
105.57
105.57
105.57
105.57
105.57
105.57
105.57
105.57
105.57
105.57
105.57
105.57
105.57
105.57
105.57
105.57
105.57
105.57
105.57
105.57
105.57
105.57
105.57
105.57
105.57
105.57
105.57
105.57
105.57
105.57
105.57
105.57
105.57
114.988
102.737
105.57
105.57
105.57
105.57
105.57
105.57
105.57
105.57
105.57
105.57
105.57
105.57
105.57
105.57
105.57
105.57
105.57
105.57
105.57
105.57
105.57
105.57
105.57
105.57
105.57
105.57
105.57
105.57
105.57
105.57
105.57
105.57
105.57
105.57
105.57
105.57
105.57
105.57
105.57
105.57
105.57
105.57
105.57
105.57
105.57
105.57
105.57
105.57
105.57
105.57
105.57
105.57
105.57
105.57
105.57
105.57
105.57
105.57
105.57
105.57
105.57
105.57
113.777
102.818
105.57
105.57
105.57
105.57
105.57
105.57
105.57
105.57
105.57
105.57
105.57
105.57
105.57
105.57
105.57
105.57
105.57
105.57
105.57
105.57
105.57
105.57
105.57
105.57
105.57
105.57
105.57
105.57
105.57
105.57
105.57
105.57
105.57
105.57
105.57
105.57
105.57
105.57
105.57
105.57
105.57
105.57
105.57
105.57
105.57
105.57
105.57
105.57
105.57
105.57
105.57
105.57
105.57
105.57
105.57
105.57
105.57
105.57
105.57
105.57
105.57
105.57
112.642
102.907
105.57
105.57
105.57
105.57
105.57
105.57
105.57
105.57
105.57
105.57
105.57
105.57
105.57
105.57
105.57
105.57
105.57
105.57
105.57
105.57
105.57
105.57
105.57
105.57
105.57
105.57
105.57
105.57
105.57
105.57
105.57
105.57
105.57
105.57
105.57
105.57
105.57
105.57
105.57
105.57
105.57
105.57
105.57
105.57
105.57
105.57
105.57
105.57
105.57
105.57
105.57
105.57
105.57
105.57
105.57
105.57
105.57
105.57
105.57
105.57
105.57
105.57
111.572
103.004
105.57
105.57
105.57
105.57
105.57
105.57
105.57
105.57
105.57
105.57
105.57
105.57
105.57
105.57
105.57
105.57
105.57
105.57
105.57
105.57
105.57
105.57
105.57
105.57
105.57
105.57
105.57
105.57
105.57
105.57
105.57
105.57
105.57
105.57
105.57
105.57
105.57
105.57
105.57
105.57
105.57
105.57
105.57
105.57
105.57
105.57
105.57
105.57
105.57
105.57
105.57
105.57
105.57
105.57
105.57
105.57
105.57
105.57
105.57
105.57
105.57
105.57
110.555
103.109
105.57
105.57
105.57
105.57
105.57
105.57
105.57
105.57
105.57
105.57
105.57
105.57
105.57
105.57
105.57
105.57
105.57
105.57
105.57
105.57
105.57
105.57
105.57
105.57
105.57
105.57
105.57
105.57
105.57
105.57
105.57
105.57
105.57
105.57
105.57
105.57
105.57
105.57
105.57
105.57
105.57
105.57
105.57
105.57
105.57
105.57
105.57
105.57
105.57
105.57
105.57
105.57
105.57
105.57
105.57
105.57
105.57
105.57
105.57
105.57
105.57
105.57
109.585
103.223
105.57
105.57
105.57
105.57
105.57
105.57
105.57
105.57
105.57
105.57
105.57
105.57
105.57
105.57
105.57
105.57
105.57
105.57
105.57
105.57
105.57
105.57
105.57
105.57
105.57
105.57
105.57
105.57
105.57
105.57
105.57
105.57
105.57
105.57
105.57
105.57
105.57
105.57
105.57
105.57
105.57
105.57
105.57
105.57
105.57
105.57
105.57
105.57
105.57
105.57
105.57
105.57
105.57
105.57
105.57
105.57
105.57
105.57
105.57
105.57
105.57
105.57
108.653
103.348
105.57
105.57
105.57
105.57
105.57
105.57
105.57
105.57
105.57
105.57
105.57
105.57
105.57
105.57
105.57
105.57
105.57
105.57
105.57
105.57
105.57
105.57
105.57
105.57
105.57
105.57
105.57
105.57
105.57
105.57
105.57
105.57
105.57
105.57
105.57
105.57
105.57
105.57
105.57
105.57
105.57
105.57
105.57
105.57
105.57
105.57
105.57
105.57
105.57
105.57
105.57
105.57
105.57
105.57
105.57
105.57
105.57
105.57
105.57
105.57
105.57
105.57
107.752
103.483
105.57
105.57
105.57
105.57
105.57
105.57
105.57
105.57
105.57
105.57
105.57
105.57
105.57
105.57
105.57
105.57
105.57
105.57
105.57
105.57
105.57
105.57
105.57
105.57
105.57
105.57
105.57
105.57
105.57
105.57
105.57
105.57
105.57
105.57
105.57
105.57
105.57
105.57
105.57
105.57
105.57
105.57
105.57
105.57
105.57
105.57
105.57
105.57
105.57
105.57
105.57
105.57
105.57
105.57
105.57
105.57
105.57
105.57
105.57
105.57
105.57
105.57
106.877
103.631
105.57
105.57
105.57
105.57
105.57
105.57
105.57
105.57
105.57
105.57
105.57
105.57
105.57
105.57
105.57
105.57
105.57
105.57
105.57
105.57
105.57
105.57
105.57
105.57
105.57
105.57
105.57
105.57
105.57
105.57
105.57
105.57
105.57
105.57
105.57
105.57
105.57
105.57
105.57
105.57
105.57
105.57
105.57
105.57
105.57
105.57
105.57
105.57
105.57
105.57
105.57
105.57
105.57
105.57
105.57
105.57
105.57
105.57
105.57
105.57
105.57
105.57
106.024
103.79
105.57
105.57
105.57
105.57
105.57
105.57
105.57
105.57
105.57
105.57
105.57
105.57
105.57
105.57
105.57
105.57
105.57
105.57
105.57
105.57
105.57
105.57
105.57
105.57
105.57
105.57
105.57
105.57
105.57
105.57
105.57
105.57
105.57
105.57
105.57
105.57
105.57
105.57
105.57
105.57
105.57
105.57
105.57
105.57
105.57
105.57
105.57
105.57
105.57
105.57
105.57
105.57
105.57
105.57
105.57
105.57
105.57
105.57
105.57
105.57
105.57
105.57
105.187
103.963
105.57
105.57
105.57
105.57
105.57
105.57
105.57
105.57
105.57
105.57
105.57
105.57
105.57
105.57
105.57
105.57
105.57
105.57
105.57
105.57
105.57
105.57
105.57
105.57
105.57
105.57
105.57
105.57
105.57
105.57
105.57
105.57
105.57
105.57
105.57
105.57
105.57
105.57
105.57
105.57
105.57
105.57
105.57
105.57
105.57
105.57
105.57
105.57
105.57
105.57
105.57
105.57
105.57
105.57
105.57
105.57
105.57
105.57
105.57
105.57
105.57
105.57
104.361
104.149
105.57
105.57
105.57
105.57
105.57
105.57
105.57
105.57
105.57
105.57
105.57
105.57
105.57
105.57
105.57
105.57
105.57
105.57
105.57
105.57
105.57
105.57
105.57
105.57
105.57
105.57
105.57
105.57
105.57
105.57
105.57
105.57
105.57
105.57
105.57
105.57
105.57
105.57
105.57
105.57
105.57
105.57
105.57
105.57
105.57
105.57
105.57
105.57
105.57
105.57
105.57
105.57
105.57
105.57
105.57
105.57
105.57
105.57
105.57
105.57
105.57
105.57
103.543
104.349
105.57
105.57
105.57
105.57
105.57
105.57
105.57
105.57
105.57
105.57
105.57
105.57
105.57
105.57
105.57
105.57
105.57
105.57
105.57
105.57
105.57
105.57
105.57
105.57
105.57
105.57
105.57
105.57
105.57
105.57
105.57
105.57
105.57
105.57
105.57
105.57
105.57
105.57
105.57
105.57
105.57
105.57
105.57
105.57
105.57
105.57
105.57
105.57
105.57
105.57
105.57
105.57
105.57
105.57
105.57
105.57
105.57
105.57
105.57
105.57
105.57
105.57
102.729
104.563
105.57
105.57
105.57
105.57
105.57
105.57
105.57
105.57
105.57
105.57
105.57
105.57
105.57
105.57
105.57
105.57
105.57
105.57
105.57
105.57
105.57
105.57
105.57
105.57
105.57
105.57
105.57
105.57
105.57
105.57
105.57
105.57
105.57
105.57
105.57
105.57
105.57
105.57
105.57
105.57
105.57
105.57
105.57
105.57
105.57
105.57
105.57
105.57
105.57
105.57
105.57
105.57
105.57
105.57
105.57
105.57
105.57
105.57
105.57
105.57
105.57
105.57
101.915
104.792
105.57
105.57
105.57
105.57
105.57
105.57
105.57
105.57
105.57
105.57
105.57
105.57
105.57
105.57
105.57
105.57
105.57
105.57
105.57
105.57
105.57
105.57
105.57
105.57
105.57
105.57
105.57
105.57
105.57
105.57
105.57
105.57
105.57
105.57
105.57
105.57
105.57
105.57
105.57
105.57
105.57
105.57
105.57
105.57
105.57
105.57
105.57
105.57
105.57
105.57
105.57
105.57
105.57
105.57
105.57
105.57
105.57
105.57
105.57
105.57
105.57
105.57
101.096
105.035
105.57
105.57
105.57
105.57
105.57
105.57
105.57
105.57
105.57
105.57
105.57
105.57
105.57
105.57
105.57
105.57
105.57
105.57
105.57
105.57
105.57
105.57
105.57
105.57
105.57
105.57
105.57
105.57
105.57
105.57
105.57
105.57
105.57
105.57
105.57
105.57
105.57
105.57
105.57
105.57
105.57
105.57
105.57
105.57
105.57
105.57
105.57
105.57
105.57
105.57
105.57
105.57
105.57
105.57
105.57
105.57
105.57
105.57
105.57
105.57
105.57
105.57
100.269
105.294
105.57
105.57
105.57
105.57
105.57
105.57
105.57
105.57
105.57
105.57
105.57
105.57
105.57
105.57
105.57
105.57
105.57
105.57
105.57
105.57
105.57
105.57
105.57
105.57
105.57
105.57
105.57
105.57
105.57
105.57
105.57
105.57
105.57
105.57
105.57
105.57
105.57
105.57
105.57
105.57
105.57
105.57
105.57
105.57
105.57
105.57
105.57
105.57
105.57
105.57
105.57
105.57
105.57
105.57
105.57
105.57
105.57
105.57
105.57
105.57
105.57
105.57
99.4298
105.568
105.57
105.57
105.57
105.57
105.57
105.57
105.57
105.57
105.57
105.57
105.57
105.57
105.57
105.57
105.57
105.57
105.57
105.57
105.57
105.57
105.57
105.57
105.57
105.57
105.57
105.57
105.57
105.57
105.57
105.57
105.57
105.57
105.57
105.57
105.57
105.57
105.57
105.57
105.57
105.57
105.57
105.57
105.57
105.57
105.57
105.57
105.57
105.57
105.57
105.57
105.57
105.57
105.57
105.57
105.57
105.57
105.57
105.57
105.57
105.57
105.57
105.57
98.5735
105.857
105.57
105.57
105.57
105.57
105.57
105.57
105.57
105.57
105.57
105.57
105.57
105.57
105.57
105.57
105.57
105.57
105.57
105.57
105.57
105.57
105.57
105.57
105.57
105.57
105.57
105.57
105.57
105.57
105.57
105.57
105.57
105.57
105.57
105.57
105.57
105.57
105.57
105.57
105.57
105.57
105.57
105.57
105.57
105.57
105.57
105.57
105.57
105.57
105.57
105.57
105.57
105.57
105.57
105.57
105.57
105.57
105.57
105.57
105.57
105.57
105.57
105.57
97.6963
106.163
105.57
105.57
105.57
105.57
105.57
105.57
105.57
105.57
105.57
105.57
105.57
105.57
105.57
105.57
105.57
105.57
105.57
105.57
105.57
105.57
105.57
105.57
105.57
105.57
105.57
105.57
105.57
105.57
105.57
105.57
105.57
105.57
105.57
105.57
105.57
105.57
105.57
105.57
105.57
105.57
105.57
105.57
105.57
105.57
105.57
105.57
105.57
105.57
105.57
105.57
105.57
105.57
105.57
105.57
105.57
105.57
105.57
105.57
105.57
105.57
105.57
105.57
96.7924
106.486
105.57
105.57
105.57
105.57
105.57
105.57
105.57
105.57
105.57
105.57
105.57
105.57
105.57
105.57
105.57
105.57
105.57
105.57
105.57
105.57
105.57
105.57
105.57
105.57
105.57
105.57
105.57
105.57
105.57
105.57
105.57
105.57
105.57
105.57
105.57
105.57
105.57
105.57
105.57
105.57
105.57
105.57
105.57
105.57
105.57
105.57
105.57
105.57
105.57
105.57
105.57
105.57
105.57
105.57
105.57
105.57
105.57
105.57
105.57
105.57
105.57
105.57
95.8557
106.826
105.57
105.57
105.57
105.57
105.57
105.57
105.57
105.57
105.57
105.57
105.57
105.57
105.57
105.57
105.57
105.57
105.57
105.57
105.57
105.57
105.57
105.57
105.57
105.57
105.57
105.57
105.57
105.57
105.57
105.57
105.57
105.57
105.57
105.57
105.57
105.57
105.57
105.57
105.57
105.57
105.57
105.57
105.57
105.57
105.57
105.57
105.57
105.57
105.57
105.57
105.57
105.57
105.57
105.57
105.57
105.57
105.57
105.57
105.57
105.57
105.57
105.57
94.8802
107.184
105.57
105.57
105.57
105.57
105.57
105.57
105.57
105.57
105.57
105.57
105.57
105.57
105.57
105.57
105.57
105.57
105.57
105.57
105.57
105.57
105.57
105.57
105.57
105.57
105.57
105.57
105.57
105.57
105.57
105.57
105.57
105.57
105.57
105.57
105.57
105.57
105.57
105.57
105.57
105.57
105.57
105.57
105.57
105.57
105.57
105.57
105.57
105.57
105.57
105.57
105.57
105.57
105.57
105.57
105.57
105.57
105.57
105.57
105.57
105.57
105.57
105.57
93.8579
107.563
105.57
105.57
105.57
105.57
105.57
105.57
105.57
105.57
105.57
105.57
105.57
105.57
105.57
105.57
105.57
105.57
105.57
105.57
105.57
105.57
105.57
105.57
105.57
105.57
105.57
105.57
105.57
105.57
105.57
105.57
105.57
105.57
105.57
105.57
105.57
105.57
105.57
105.57
105.57
105.57
105.57
105.57
105.57
105.57
105.57
105.57
105.57
105.57
105.57
105.57
105.57
105.57
105.57
105.57
105.57
105.57
105.57
105.57
105.57
105.57
105.57
105.57
92.7812
107.965
105.57
105.57
105.57
105.57
105.57
105.57
105.57
105.57
105.57
105.57
105.57
105.57
105.57
105.57
105.57
105.57
105.57
105.57
105.57
105.57
105.57
105.57
105.57
105.57
105.57
105.57
105.57
105.57
105.57
105.57
105.57
105.57
105.57
105.57
105.57
105.57
105.57
105.57
105.57
105.57
105.57
105.57
105.57
105.57
105.57
105.57
105.57
105.57
105.57
105.57
105.57
105.57
105.57
105.57
105.57
105.57
105.57
105.57
105.57
105.57
105.57
105.57
91.6389
108.394
105.57
105.57
105.57
105.57
105.57
105.57
105.57
105.57
105.57
105.57
105.57
105.57
105.57
105.57
105.57
105.57
105.57
105.57
105.57
105.57
105.57
105.57
105.57
105.57
105.57
105.57
105.57
105.57
105.57
105.57
105.57
105.57
105.57
105.57
105.57
105.57
105.57
105.57
105.57
105.57
105.57
105.57
105.57
105.57
105.57
105.57
105.57
105.57
105.57
105.57
105.57
105.57
105.57
105.57
105.57
105.57
105.57
105.57
105.57
105.57
105.57
105.57
90.419
108.852
105.57
105.57
105.57
105.57
105.57
105.57
105.57
105.57
105.57
105.57
105.57
105.57
105.57
105.57
105.57
105.57
105.57
105.57
105.57
105.57
105.57
105.57
105.57
105.57
105.57
105.57
105.57
105.57
105.57
105.57
105.57
105.57
105.57
105.57
105.57
105.57
105.57
105.57
105.57
105.57
105.57
105.57
105.57
105.57
105.57
105.57
105.57
105.57
105.57
105.57
105.57
105.57
105.57
105.57
105.57
105.57
105.57
105.57
105.57
105.57
105.57
105.57
89.1071
109.348
105.57
105.57
105.57
105.57
105.57
105.57
105.57
105.57
105.57
105.57
105.57
105.57
105.57
105.57
105.57
105.57
105.57
105.57
105.57
105.57
105.57
105.57
105.57
105.57
105.57
105.57
105.57
105.57
105.57
105.57
105.57
105.57
105.57
105.57
105.57
105.57
105.57
105.57
105.57
105.57
105.57
105.57
105.57
105.57
105.57
105.57
105.57
105.57
105.57
105.57
105.57
105.57
105.57
105.57
105.57
105.57
105.57
105.57
105.57
105.57
105.57
105.57
87.6851
109.887
105.57
105.57
105.57
105.57
105.57
105.57
105.57
105.57
105.57
105.57
105.57
105.57
105.57
105.57
105.57
105.57
105.57
105.57
105.57
105.57
105.57
105.57
105.57
105.57
105.57
105.57
105.57
105.57
105.57
105.57
105.57
105.57
105.57
105.57
105.57
105.57
105.57
105.57
105.57
105.57
105.57
105.57
105.57
105.57
105.57
105.57
105.57
105.57
105.57
105.57
105.57
105.57
105.57
105.57
105.57
105.57
105.57
105.57
105.57
105.57
105.57
105.57
86.1308
110.481
105.57
105.57
105.57
105.57
105.57
105.57
105.57
105.57
105.57
105.57
105.57
105.57
105.57
105.57
105.57
105.57
105.57
105.57
105.57
105.57
105.57
105.57
105.57
105.57
105.57
105.57
105.57
105.57
105.57
105.57
105.57
105.57
105.57
105.57
105.57
105.57
105.57
105.57
105.57
105.57
105.57
105.57
105.57
105.57
105.57
105.57
105.57
105.57
105.57
105.57
105.57
105.57
105.57
105.57
105.57
105.57
105.57
105.57
105.57
105.57
105.57
105.57
84.4169
111.145
105.57
105.57
105.57
105.57
105.57
105.57
105.57
105.57
105.57
105.57
105.57
105.57
105.57
105.57
105.57
105.57
105.57
105.57
105.57
105.57
105.57
105.57
105.57
105.57
105.57
105.57
105.57
105.57
105.57
105.57
105.57
105.57
105.57
105.57
105.57
105.57
105.57
105.57
105.57
105.57
105.57
105.57
105.57
105.57
105.57
105.57
105.57
105.57
105.57
105.57
105.57
105.57
105.57
105.57
105.57
105.57
105.57
105.57
105.57
105.57
105.57
105.57
82.5061
111.897
105.57
105.57
105.57
105.57
105.57
105.57
105.57
105.57
105.57
105.57
105.57
105.57
105.57
105.57
105.57
105.57
105.57
105.57
105.57
105.57
105.57
105.57
105.57
105.57
105.57
105.57
105.57
105.57
105.57
105.57
105.57
105.57
105.57
105.57
105.57
105.57
105.57
105.57
105.57
105.57
105.57
105.57
105.57
105.57
105.57
105.57
105.57
105.57
105.57
105.57
105.57
105.57
105.57
105.57
105.57
105.57
105.57
105.57
105.57
105.57
105.57
105.57
82.0392
112.765
105.57
105.57
105.57
105.57
105.57
105.57
105.57
105.57
105.57
105.57
105.57
105.57
105.57
105.57
105.57
105.57
105.57
105.57
105.57
105.57
105.57
105.57
105.57
105.57
105.57
105.57
105.57
105.57
105.57
105.57
105.57
105.57
105.57
105.57
105.57
105.57
105.57
105.57
105.57
105.57
105.57
105.57
105.57
105.57
105.57
105.57
105.57
105.57
105.57
105.57
105.57
105.57
105.57
105.57
105.57
105.57
105.57
105.57
105.57
105.57
105.57
105.57
82.7985
113.789
105.57
105.57
105.57
105.57
105.57
105.57
105.57
105.57
105.57
105.57
105.57
105.57
105.57
105.57
105.57
105.57
105.57
105.57
105.57
105.57
105.57
105.57
105.57
105.57
105.57
105.57
105.57
105.57
105.57
105.57
105.57
105.57
105.57
105.57
105.57
105.57
105.57
105.57
105.57
105.57
105.57
105.57
105.57
105.57
105.57
105.57
105.57
105.57
105.57
105.57
105.57
105.57
105.57
105.57
105.57
105.57
105.57
105.57
105.57
105.57
105.57
105.57
83.4811
115.026
105.57
105.57
105.57
105.57
105.57
105.57
105.57
105.57
105.57
105.57
105.57
105.57
105.57
105.57
105.57
105.57
105.57
105.57
105.57
105.57
105.57
105.57
105.57
105.57
105.57
105.57
105.57
105.57
105.57
105.57
105.57
105.57
105.57
105.57
105.57
105.57
105.57
105.57
105.57
105.57
105.57
105.57
105.57
105.57
105.57
105.57
105.57
105.57
105.57
105.57
105.57
105.57
105.57
105.57
105.57
105.57
105.57
105.57
105.57
105.57
105.57
105.57
84.0994
116.565
105.57
105.57
105.57
105.57
105.57
105.57
105.57
105.57
105.57
105.57
105.57
105.57
105.57
105.57
105.57
105.57
105.57
105.57
105.57
105.57
105.57
105.57
105.57
105.57
105.57
105.57
105.57
105.57
105.57
105.57
105.57
105.57
105.57
105.57
105.57
105.57
105.57
105.57
105.57
105.57
105.57
105.57
105.57
105.57
105.57
105.57
105.57
105.57
105.57
105.57
105.57
105.57
105.57
105.57
105.57
105.57
105.57
105.57
105.57
105.57
105.57
105.57
84.6658
118.544
105.57
105.57
105.57
105.57
105.57
105.57
105.57
105.57
105.57
105.57
105.57
105.57
105.57
105.57
105.57
105.57
105.57
105.57
105.57
105.57
105.57
105.57
105.57
105.57
105.57
105.57
105.57
105.57
105.57
105.57
105.57
105.57
105.57
105.57
105.57
105.57
105.57
105.57
105.57
105.57
105.57
105.57
105.57
105.57
105.57
105.57
105.57
105.57
105.57
105.57
105.57
105.57
105.57
105.57
105.57
105.57
105.57
105.57
105.57
105.57
105.57
105.57
85.1892
121.203
105.57
105.57
105.57
105.57
105.57
105.57
105.57
105.57
105.57
105.57
105.57
105.57
105.57
105.57
105.57
105.57
105.57
105.57
105.57
105.57
105.57
105.57
105.57
105.57
105.57
105.57
105.57
105.57
105.57
105.57
105.57
105.57
105.57
105.57
105.57
105.57
105.57
105.57
105.57
105.57
105.57
105.57
105.57
105.57
105.57
105.57
105.57
105.57
105.57
105.57
105.57
105.57
105.57
105.57
105.57
105.57
105.57
105.57
105.57
105.57
105.57
105.57
85.6762
124.978
105.57
105.57
105.57
105.57
105.57
105.57
105.57
105.57
105.57
105.57
105.57
105.57
105.57
105.57
105.57
105.57
105.57
105.57
105.57
105.57
105.57
105.57
105.57
105.57
105.57
105.57
105.57
105.57
105.57
105.57
105.57
105.57
105.57
105.57
105.57
105.57
105.57
105.57
105.57
105.57
105.57
105.57
105.57
105.57
105.57
105.57
105.57
105.57
105.57
105.57
105.57
105.57
105.57
105.57
105.57
105.57
105.57
105.57
105.57
105.57
105.57
105.57
86.1328
126.586
105.57
105.57
105.57
105.57
105.57
105.57
105.57
105.57
105.57
105.57
105.57
105.57
105.57
105.57
105.57
105.57
105.57
105.57
105.57
105.57
105.57
105.57
105.57
105.57
105.57
105.57
105.57
105.57
105.57
105.57
105.57
105.57
105.57
105.57
105.57
105.57
105.57
105.57
105.57
105.57
105.57
105.57
105.57
105.57
105.57
105.57
105.57
105.57
105.57
105.57
105.57
105.57
105.57
105.57
105.57
105.57
105.57
105.57
105.57
105.57
105.57
105.57
86.5633
126.319
105.57
105.57
105.57
105.57
105.57
105.57
105.57
105.57
105.57
105.57
105.57
105.57
105.57
105.57
105.57
105.57
105.57
105.57
105.57
105.57
105.57
105.57
105.57
105.57
105.57
105.57
105.57
105.57
105.57
105.57
105.57
105.57
105.57
105.57
105.57
105.57
105.57
105.57
105.57
105.57
105.57
105.57
105.57
105.57
105.57
105.57
105.57
105.57
105.57
105.57
105.57
105.57
105.57
105.57
105.57
105.57
105.57
105.57
105.57
105.57
105.57
105.57
86.9725
146.03
105.57
105.57
105.57
105.57
105.57
105.57
105.57
105.57
105.57
105.57
105.57
105.57
105.57
105.57
105.57
105.57
105.57
105.57
105.57
105.57
105.57
105.57
105.57
105.57
105.57
105.57
105.57
105.57
105.57
105.57
105.57
105.57
105.57
105.57
105.57
105.57
105.57
105.57
105.57
105.57
105.57
105.57
105.57
105.57
105.57
105.57
105.57
105.57
105.57
105.57
105.57
105.57
105.57
105.57
105.57
105.57
105.57
105.57
105.57
105.57
105.57
105.57
87.3634
144.935
105.57
105.57
105.57
105.57
105.57
105.57
105.57
105.57
105.57
105.57
105.57
105.57
105.57
105.57
105.57
105.57
105.57
105.57
105.57
105.57
105.57
105.57
105.57
105.57
105.57
105.57
105.57
105.57
105.57
105.57
105.57
105.57
105.57
105.57
105.57
105.57
105.57
105.57
105.57
105.57
105.57
105.57
105.57
105.57
105.57
105.57
105.57
105.57
105.57
105.57
105.57
105.57
105.57
105.57
105.57
105.57
105.57
105.57
105.57
105.57
105.57
105.57
87.7393
143.839
105.57
105.57
105.57
105.57
105.57
105.57
105.57
105.57
105.57
105.57
105.57
105.57
105.57
105.57
105.57
105.57
105.57
105.57
105.57
105.57
105.57
105.57
105.57
105.57
105.57
105.57
105.57
105.57
105.57
105.57
105.57
105.57
105.57
105.57
105.57
105.57
105.57
105.57
105.57
105.57
105.57
105.57
105.57
105.57
105.57
105.57
105.57
105.57
105.57
105.57
105.57
105.57
105.57
105.57
105.57
105.57
105.57
105.57
105.57
105.57
105.57
105.57
88.1027
142.779
105.57
105.57
105.57
105.57
105.57
105.57
105.57
105.57
105.57
105.57
105.57
105.57
105.57
105.57
105.57
105.57
105.57
105.57
105.57
105.57
105.57
105.57
105.57
105.57
105.57
105.57
105.57
105.57
105.57
105.57
105.57
105.57
105.57
105.57
105.57
105.57
105.57
105.57
105.57
105.57
105.57
105.57
105.57
105.57
105.57
105.57
105.57
105.57
105.57
105.57
105.57
105.57
105.57
105.57
105.57
105.57
105.57
105.57
105.57
105.57
105.57
105.57
88.4553
141.768
105.57
105.57
105.57
105.57
105.57
105.57
105.57
105.57
105.57
105.57
105.57
105.57
105.57
105.57
105.57
105.57
105.57
105.57
105.57
105.57
105.57
105.57
105.57
105.57
105.57
105.57
105.57
105.57
105.57
105.57
105.57
105.57
105.57
105.57
105.57
105.57
105.57
105.57
105.57
105.57
105.57
105.57
105.57
105.57
105.57
105.57
105.57
105.57
105.57
105.57
105.57
105.57
105.57
105.57
105.57
105.57
105.57
105.57
105.57
105.57
105.57
105.57
88.8001
140.808
105.57
105.57
105.57
105.57
105.57
105.57
105.57
105.57
105.57
105.57
105.57
105.57
105.57
105.57
105.57
105.57
105.57
105.57
105.57
105.57
105.57
105.57
105.57
105.57
105.57
105.57
105.57
105.57
105.57
105.57
105.57
105.57
105.57
105.57
105.57
105.57
105.57
105.57
105.57
105.57
105.57
105.57
105.57
105.57
105.57
105.57
105.57
105.57
105.57
105.57
105.57
105.57
105.57
105.57
105.57
105.57
105.57
105.57
105.57
105.57
105.57
105.57
89.1385
138.434
105.57
105.57
105.57
105.57
105.57
105.57
105.57
105.57
105.57
105.57
105.57
105.57
105.57
105.57
105.57
105.57
105.57
105.57
105.57
105.57
105.57
105.57
105.57
105.57
105.57
105.57
105.57
105.57
105.57
105.57
105.57
105.57
105.57
105.57
105.57
105.57
105.57
105.57
105.57
105.57
105.57
105.57
105.57
105.57
105.57
105.57
105.57
105.57
105.57
105.57
105.57
105.57
105.57
105.57
105.57
105.57
105.57
105.57
105.57
105.57
105.57
105.57
89.4727
131.519
105.57
105.57
105.57
105.57
105.57
105.57
105.57
105.57
105.57
105.57
105.57
105.57
105.57
105.57
105.57
105.57
105.57
105.57
105.57
105.57
105.57
105.57
105.57
105.57
105.57
105.57
105.57
105.57
105.57
105.57
105.57
105.57
105.57
105.57
105.57
105.57
105.57
105.57
105.57
105.57
105.57
105.57
105.57
105.57
105.57
105.57
105.57
105.57
105.57
105.57
105.57
105.57
105.57
105.57
105.57
105.57
105.57
105.57
105.57
105.57
105.57
105.57
89.8038
126.683
105.57
105.57
105.57
105.57
105.57
105.57
105.57
105.57
105.57
105.57
105.57
105.57
105.57
105.57
105.57
105.57
105.57
105.57
105.57
105.57
105.57
105.57
105.57
105.57
105.57
105.57
105.57
105.57
105.57
105.57
105.57
105.57
105.57
105.57
105.57
105.57
105.57
105.57
105.57
105.57
105.57
105.57
105.57
105.57
105.57
105.57
105.57
105.57
105.57
105.57
105.57
105.57
105.57
105.57
105.57
105.57
105.57
105.57
105.57
105.57
105.57
105.57
90.1335
123.083
105.57
105.57
105.57
105.57
105.57
105.57
105.57
105.57
105.57
105.57
105.57
105.57
105.57
105.57
105.57
105.57
105.57
105.57
105.57
105.57
105.57
105.57
105.57
105.57
105.57
105.57
105.57
105.57
105.57
105.57
105.57
105.57
105.57
105.57
105.57
105.57
105.57
105.57
105.57
105.57
105.57
105.57
105.57
105.57
105.57
105.57
105.57
105.57
105.57
105.57
105.57
105.57
105.57
105.57
105.57
105.57
105.57
105.57
105.57
105.57
105.57
105.57
90.4638
120.277
105.57
105.57
105.57
105.57
105.57
105.57
105.57
105.57
105.57
105.57
105.57
105.57
105.57
105.57
105.57
105.57
105.57
105.57
105.57
105.57
105.57
105.57
105.57
105.57
105.57
105.57
105.57
105.57
105.57
105.57
105.57
105.57
105.57
105.57
105.57
105.57
105.57
105.57
105.57
105.57
105.57
105.57
105.57
105.57
105.57
105.57
105.57
105.57
105.57
105.57
105.57
105.57
105.57
105.57
105.57
105.57
105.57
105.57
105.57
105.57
105.57
105.57
90.7963
118.009
105.57
105.57
105.57
105.57
105.57
105.57
105.57
105.57
105.57
105.57
105.57
105.57
105.57
105.57
105.57
105.57
105.57
105.57
105.57
105.57
105.57
105.57
105.57
105.57
105.57
105.57
105.57
105.57
105.57
105.57
105.57
105.57
105.57
105.57
105.57
105.57
105.57
105.57
105.57
105.57
105.57
105.57
105.57
105.57
105.57
105.57
105.57
105.57
105.57
105.57
105.57
105.57
105.57
105.57
105.57
105.57
105.57
105.57
105.57
105.57
105.57
105.57
91.1323
116.124
105.57
105.57
105.57
105.57
105.57
105.57
105.57
105.57
105.57
105.57
105.57
105.57
105.57
105.57
105.57
105.57
105.57
105.57
105.57
105.57
105.57
105.57
105.57
105.57
105.57
105.57
105.57
105.57
105.57
105.57
105.57
105.57
105.57
105.57
105.57
105.57
105.57
105.57
105.57
105.57
105.57
105.57
105.57
105.57
105.57
105.57
105.57
105.57
105.57
105.57
105.57
105.57
105.57
105.57
105.57
105.57
105.57
105.57
105.57
105.57
105.57
105.57
91.4731
114.521
105.57
105.57
105.57
105.57
105.57
105.57
105.57
105.57
105.57
105.57
105.57
105.57
105.57
105.57
105.57
105.57
105.57
105.57
105.57
105.57
105.57
105.57
105.57
105.57
105.57
105.57
105.57
105.57
105.57
105.57
105.57
105.57
105.57
105.57
105.57
105.57
105.57
105.57
105.57
105.57
105.57
105.57
105.57
105.57
105.57
105.57
105.57
105.57
105.57
105.57
105.57
105.57
105.57
105.57
105.57
105.57
105.57
105.57
105.57
105.57
105.57
105.57
91.8211
113.133
105.57
105.57
105.57
105.57
105.57
105.57
105.57
105.57
105.57
105.57
105.57
105.57
105.57
105.57
105.57
105.57
105.57
105.57
105.57
105.57
105.57
105.57
105.57
105.57
105.57
105.57
105.57
105.57
105.57
105.57
105.57
105.57
105.57
105.57
105.57
105.57
105.57
105.57
105.57
105.57
105.57
105.57
105.57
105.57
105.57
105.57
105.57
105.57
105.57
105.57
105.57
105.57
105.57
105.57
105.57
105.57
105.57
105.57
105.57
105.57
105.57
105.57
92.1782
111.912
105.57
105.57
105.57
105.57
105.57
105.57
105.57
105.57
105.57
105.57
105.57
105.57
105.57
105.57
105.57
105.57
105.57
105.57
105.57
105.57
105.57
105.57
105.57
105.57
105.57
105.57
105.57
105.57
105.57
105.57
105.57
105.57
105.57
105.57
105.57
105.57
105.57
105.57
105.57
105.57
105.57
105.57
105.57
105.57
105.57
105.57
105.57
105.57
105.57
105.57
105.57
105.57
105.57
105.57
105.57
105.57
105.57
105.57
105.57
105.57
105.57
105.57
92.5466
110.826
105.57
105.57
105.57
105.57
105.57
105.57
105.57
105.57
105.57
105.57
105.57
105.57
105.57
105.57
105.57
105.57
105.57
105.57
105.57
105.57
105.57
105.57
105.57
105.57
105.57
105.57
105.57
105.57
105.57
105.57
105.57
105.57
105.57
105.57
105.57
105.57
105.57
105.57
105.57
105.57
105.57
105.57
105.57
105.57
105.57
105.57
105.57
105.57
105.57
105.57
105.57
105.57
105.57
105.57
105.57
105.57
105.57
105.57
105.57
105.57
105.57
105.57
92.9286
109.85
105.57
105.57
105.57
105.57
105.57
105.57
105.57
105.57
105.57
105.57
105.57
105.57
105.57
105.57
105.57
105.57
105.57
105.57
105.57
105.57
105.57
105.57
105.57
105.57
105.57
105.57
105.57
105.57
105.57
105.57
105.57
105.57
105.57
105.57
105.57
105.57
105.57
105.57
105.57
105.57
105.57
105.57
105.57
105.57
105.57
105.57
105.57
105.57
105.57
105.57
105.57
105.57
105.57
105.57
105.57
105.57
105.57
105.57
105.57
105.57
105.57
105.57
93.3265
108.967
105.57
105.57
105.57
105.57
105.57
105.57
105.57
105.57
105.57
105.57
105.57
105.57
105.57
105.57
105.57
105.57
105.57
105.57
105.57
105.57
105.57
105.57
105.57
105.57
105.57
105.57
105.57
105.57
105.57
105.57
105.57
105.57
105.57
105.57
105.57
105.57
105.57
105.57
105.57
105.57
105.57
105.57
105.57
105.57
105.57
105.57
105.57
105.57
105.57
105.57
105.57
105.57
105.57
105.57
105.57
105.57
105.57
105.57
105.57
105.57
105.57
105.57
93.7433
108.163
105.57
105.57
105.57
105.57
105.57
105.57
105.57
105.57
105.57
105.57
105.57
105.57
105.57
105.57
105.57
105.57
105.57
105.57
105.57
105.57
105.57
105.57
105.57
105.57
105.57
105.57
105.57
105.57
105.57
105.57
105.57
105.57
105.57
105.57
105.57
105.57
105.57
105.57
105.57
105.57
105.57
105.57
105.57
105.57
105.57
105.57
105.57
105.57
105.57
105.57
105.57
105.57
105.57
105.57
105.57
105.57
105.57
105.57
105.57
105.57
105.57
105.57
94.1836
107.428
105.57
105.57
105.57
105.57
105.57
105.57
105.57
105.57
105.57
105.57
105.57
105.57
105.57
105.57
105.57
105.57
105.57
105.57
105.57
105.57
105.57
105.57
105.57
105.57
105.57
105.57
105.57
105.57
105.57
105.57
105.57
105.57
105.57
105.57
105.57
105.57
105.57
105.57
105.57
105.57
105.57
105.57
105.57
105.57
105.57
105.57
105.57
105.57
105.57
105.57
105.57
105.57
105.57
105.57
105.57
105.57
105.57
105.57
105.57
105.57
105.57
105.57
94.6504
106.754
105.57
105.57
105.57
105.57
105.57
105.57
105.57
105.57
105.57
105.57
105.57
105.57
105.57
105.57
105.57
105.57
105.57
105.57
105.57
105.57
105.57
105.57
105.57
105.57
105.57
105.57
105.57
105.57
105.57
105.57
105.57
105.57
105.57
105.57
105.57
105.57
105.57
105.57
105.57
105.57
105.57
105.57
105.57
105.57
105.57
105.57
105.57
105.57
105.57
105.57
105.57
105.57
105.57
105.57
105.57
105.57
105.57
105.57
105.57
105.57
105.57
105.57
95.1495
106.135
105.57
105.57
105.57
105.57
105.57
105.57
105.57
105.57
105.57
105.57
105.57
105.57
105.57
105.57
105.57
105.57
105.57
105.57
105.57
105.57
105.57
105.57
105.57
105.57
105.57
105.57
105.57
105.57
105.57
105.57
105.57
105.57
105.57
105.57
105.57
105.57
105.57
105.57
105.57
105.57
105.57
105.57
105.57
105.57
105.57
105.57
105.57
105.57
105.57
105.57
105.57
105.57
105.57
105.57
105.57
105.57
105.57
105.57
105.57
105.57
105.57
105.57
96.1259
105.566
105.57
105.57
105.57
105.57
105.57
105.57
105.57
105.57
105.57
105.57
105.57
105.57
105.57
105.57
105.57
105.57
105.57
105.57
105.57
105.57
105.57
105.57
105.57
105.57
105.57
105.57
105.57
105.57
105.57
105.57
105.57
105.57
105.57
105.57
105.57
105.57
105.57
105.57
105.57
105.57
105.57
105.57
105.57
105.57
105.57
105.57
105.57
105.57
105.57
105.57
105.57
105.57
105.57
105.57
105.57
105.57
105.57
105.57
105.57
105.57
105.57
105.57
97.3434
105.042
105.57
105.57
105.57
105.57
105.57
105.57
105.57
105.57
105.57
105.57
105.57
105.57
105.57
105.57
105.57
105.57
105.57
105.57
105.57
105.57
105.57
105.57
105.57
105.57
105.57
105.57
105.57
105.57
105.57
105.57
105.57
105.57
105.57
105.57
105.57
105.57
105.57
105.57
105.57
105.57
105.57
105.57
105.57
105.57
105.57
105.57
105.57
105.57
105.57
105.57
105.57
105.57
105.57
105.57
105.57
105.57
105.57
105.57
105.57
105.57
105.57
105.57
98.4844
104.56
105.57
105.57
105.57
105.57
105.57
105.57
105.57
105.57
105.57
105.57
105.57
105.57
105.57
105.57
105.57
105.57
105.57
105.57
105.57
105.57
105.57
105.57
105.57
105.57
105.57
105.57
105.57
105.57
105.57
105.57
105.57
105.57
105.57
105.57
105.57
105.57
105.57
105.57
105.57
105.57
105.57
105.57
105.57
105.57
105.57
105.57
105.57
105.57
105.57
105.57
105.57
105.57
105.57
105.57
105.57
105.57
105.57
105.57
105.57
105.57
105.57
105.57
99.559
104.117
105.57
105.57
105.57
105.57
105.57
105.57
105.57
105.57
105.57
105.57
105.57
105.57
105.57
105.57
105.57
105.57
105.57
105.57
105.57
105.57
105.57
105.57
105.57
105.57
105.57
105.57
105.57
105.57
105.57
105.57
105.57
105.57
105.57
105.57
105.57
105.57
105.57
105.57
105.57
105.57
105.57
105.57
105.57
105.57
105.57
105.57
105.57
105.57
105.57
105.57
105.57
105.57
105.57
105.57
105.57
105.57
105.57
105.57
105.57
105.57
105.57
105.57
100.578
103.71
105.57
105.57
105.57
105.57
105.57
105.57
105.57
105.57
105.57
105.57
105.57
105.57
105.57
105.57
105.57
105.57
105.57
105.57
105.57
105.57
105.57
105.57
105.57
105.57
105.57
105.57
105.57
105.57
105.57
105.57
105.57
105.57
105.57
105.57
105.57
105.57
105.57
105.57
105.57
105.57
105.57
105.57
105.57
105.57
105.57
105.57
105.57
105.57
105.57
105.57
105.57
105.57
105.57
105.57
105.57
105.57
105.57
105.57
105.57
105.57
105.57
105.57
101.552
103.337
105.57
105.57
105.57
105.57
105.57
105.57
105.57
105.57
105.57
105.57
105.57
105.57
105.57
105.57
105.57
105.57
105.57
105.57
105.57
105.57
105.57
105.57
105.57
105.57
105.57
105.57
105.57
105.57
105.57
105.57
105.57
105.57
105.57
105.57
105.57
105.57
105.57
105.57
105.57
105.57
105.57
105.57
105.57
105.57
105.57
105.57
105.57
105.57
105.57
105.57
105.57
105.57
105.57
105.57
105.57
105.57
105.57
105.57
105.57
105.57
105.57
105.57
102.485
102.996
105.57
105.57
105.57
105.57
105.57
105.57
105.57
105.57
105.57
105.57
105.57
105.57
105.57
105.57
105.57
105.57
105.57
105.57
105.57
105.57
105.57
105.57
105.57
105.57
105.57
105.57
105.57
105.57
105.57
105.57
105.57
105.57
105.57
105.57
105.57
105.57
105.57
105.57
105.57
105.57
105.57
105.57
105.57
105.57
105.57
105.57
105.57
105.57
105.57
105.57
105.57
105.57
105.57
105.57
105.57
105.57
105.57
105.57
105.57
105.57
105.57
105.57
103.387
102.684
105.57
105.57
105.57
105.57
105.57
105.57
105.57
105.57
105.57
105.57
105.57
105.57
105.57
105.57
105.57
105.57
105.57
105.57
105.57
105.57
105.57
105.57
105.57
105.57
105.57
105.57
105.57
105.57
105.57
105.57
105.57
105.57
105.57
105.57
105.57
105.57
105.57
105.57
105.57
105.57
105.57
105.57
105.57
105.57
105.57
105.57
105.57
105.57
105.57
105.57
105.57
105.57
105.57
105.57
105.57
105.57
105.57
105.57
105.57
105.57
105.57
105.57
104.263
102.399
105.57
105.57
105.57
105.57
105.57
105.57
105.57
105.57
105.57
105.57
105.57
105.57
105.57
105.57
105.57
105.57
105.57
105.57
105.57
105.57
105.57
105.57
105.57
105.57
105.57
105.57
105.57
105.57
105.57
105.57
105.57
105.57
105.57
105.57
105.57
105.57
105.57
105.57
105.57
105.57
105.57
105.57
105.57
105.57
105.57
105.57
105.57
105.57
105.57
105.57
105.57
105.57
105.57
105.57
105.57
105.57
105.57
105.57
105.57
105.57
105.57
105.57
105.116
102.139
105.57
105.57
105.57
105.57
105.57
105.57
105.57
105.57
105.57
105.57
105.57
105.57
105.57
105.57
105.57
105.57
105.57
105.57
105.57
105.57
105.57
105.57
105.57
105.57
105.57
105.57
105.57
105.57
105.57
105.57
105.57
105.57
105.57
105.57
105.57
105.57
105.57
105.57
105.57
105.57
105.57
105.57
105.57
105.57
105.57
105.57
105.57
105.57
105.57
105.57
105.57
105.57
105.57
105.57
105.57
105.57
105.57
105.57
105.57
105.57
105.57
105.57
105.953
101.902
105.57
105.57
105.57
105.57
105.57
105.57
105.57
105.57
105.57
105.57
105.57
105.57
105.57
105.57
105.57
105.57
105.57
105.57
105.57
105.57
105.57
105.57
105.57
105.57
105.57
105.57
105.57
105.57
105.57
105.57
105.57
105.57
105.57
105.57
105.57
105.57
105.57
105.57
105.57
105.57
105.57
105.57
105.57
105.57
105.57
105.57
105.57
105.57
105.57
105.57
105.57
105.57
105.57
105.57
105.57
105.57
105.57
105.57
105.57
105.57
105.57
105.57
106.778
101.686
105.57
105.57
105.57
105.57
105.57
105.57
105.57
105.57
105.57
105.57
105.57
105.57
105.57
105.57
105.57
105.57
105.57
105.57
105.57
105.57
105.57
105.57
105.57
105.57
105.57
105.57
105.57
105.57
105.57
105.57
105.57
105.57
105.57
105.57
105.57
105.57
105.57
105.57
105.57
105.57
105.57
105.57
105.57
105.57
105.57
105.57
105.57
105.57
105.57
105.57
105.57
105.57
105.57
105.57
105.57
105.57
105.57
105.57
105.57
105.57
105.57
105.57
107.595
101.49
105.57
105.57
105.57
105.57
105.57
105.57
105.57
105.57
105.57
105.57
105.57
105.57
105.57
105.57
105.57
105.57
105.57
105.57
105.57
105.57
105.57
105.57
105.57
105.57
105.57
105.57
105.57
105.57
105.57
105.57
105.57
105.57
105.57
105.57
105.57
105.57
105.57
105.57
105.57
105.57
105.57
105.57
105.57
105.57
105.57
105.57
105.57
105.57
105.57
105.57
105.57
105.57
105.57
105.57
105.57
105.57
105.57
105.57
105.57
105.57
105.57
105.57
108.408
101.312
105.57
105.57
105.57
105.57
105.57
105.57
105.57
105.57
105.57
105.57
105.57
105.57
105.57
105.57
105.57
105.57
105.57
105.57
105.57
105.57
105.57
105.57
105.57
105.57
105.57
105.57
105.57
105.57
105.57
105.57
105.57
105.57
105.57
105.57
105.57
105.57
105.57
105.57
105.57
105.57
105.57
105.57
105.57
105.57
105.57
105.57
105.57
105.57
105.57
105.57
105.57
105.57
105.57
105.57
105.57
105.57
105.57
105.57
105.57
105.57
105.57
105.57
109.221
101.149
105.57
105.57
105.57
105.57
105.57
105.57
105.57
105.57
105.57
105.57
105.57
105.57
105.57
105.57
105.57
105.57
105.57
105.57
105.57
105.57
105.57
105.57
105.57
105.57
105.57
105.57
105.57
105.57
105.57
105.57
105.57
105.57
105.57
105.57
105.57
105.57
105.57
105.57
105.57
105.57
105.57
105.57
105.57
105.57
105.57
105.57
105.57
105.57
105.57
105.57
105.57
105.57
105.57
105.57
105.57
105.57
105.57
105.57
105.57
105.57
105.57
105.57
110.038
101.002
105.57
105.57
105.57
105.57
105.57
105.57
105.57
105.57
105.57
105.57
105.57
105.57
105.57
105.57
105.57
105.57
105.57
105.57
105.57
105.57
105.57
105.57
105.57
105.57
105.57
105.57
105.57
105.57
105.57
105.57
105.57
105.57
105.57
105.57
105.57
105.57
105.57
105.57
105.57
105.57
105.57
105.57
105.57
105.57
105.57
105.57
105.57
105.57
105.57
105.57
105.57
105.57
105.57
105.57
105.57
105.57
105.57
105.57
105.57
105.57
105.57
105.57
110.863
100.867
105.57
105.57
105.57
105.57
105.57
105.57
105.57
105.57
105.57
105.57
105.57
105.57
105.57
105.57
105.57
105.57
105.57
105.57
105.57
105.57
105.57
105.57
105.57
105.57
105.57
105.57
105.57
105.57
105.57
105.57
105.57
105.57
105.57
105.57
105.57
105.57
105.57
105.57
105.57
105.57
105.57
105.57
105.57
105.57
105.57
105.57
105.57
105.57
105.57
105.57
105.57
105.57
105.57
105.57
105.57
105.57
105.57
105.57
105.57
105.57
105.57
105.57
111.7
100.744
105.57
105.57
105.57
105.57
105.57
105.57
105.57
105.57
105.57
105.57
105.57
105.57
105.57
105.57
105.57
105.57
105.57
105.57
105.57
105.57
105.57
105.57
105.57
105.57
105.57
105.57
105.57
105.57
105.57
105.57
105.57
105.57
105.57
105.57
105.57
105.57
105.57
105.57
105.57
105.57
105.57
105.57
105.57
105.57
105.57
105.57
105.57
105.57
105.57
105.57
105.57
105.57
105.57
105.57
105.57
105.57
105.57
105.57
105.57
105.57
105.57
105.57
112.554
100.632
105.57
105.57
105.57
105.57
105.57
105.57
105.57
105.57
105.57
105.57
105.57
105.57
105.57
105.57
105.57
105.57
105.57
105.57
105.57
105.57
105.57
105.57
105.57
105.57
105.57
105.57
105.57
105.57
105.57
105.57
105.57
105.57
105.57
105.57
105.57
105.57
105.57
105.57
105.57
105.57
105.57
105.57
105.57
105.57
105.57
105.57
105.57
105.57
105.57
105.57
105.57
105.57
105.57
105.57
105.57
105.57
105.57
105.57
105.57
105.57
105.57
105.57
113.43
100.528
105.57
105.57
105.57
105.57
105.57
105.57
105.57
105.57
105.57
105.57
105.57
105.57
105.57
105.57
105.57
105.57
105.57
105.57
105.57
105.57
105.57
105.57
105.57
105.57
105.57
105.57
105.57
105.57
105.57
105.57
105.57
105.57
105.57
105.57
105.57
105.57
105.57
105.57
105.57
105.57
105.57
105.57
105.57
105.57
105.57
105.57
105.57
105.57
105.57
105.57
105.57
105.57
105.57
105.57
105.57
105.57
105.57
105.57
105.57
105.57
105.57
105.57
114.331
100.434
105.57
105.57
105.57
105.57
105.57
105.57
105.57
105.57
105.57
105.57
105.57
105.57
105.57
105.57
105.57
105.57
105.57
105.57
105.57
105.57
105.57
105.57
105.57
105.57
105.57
105.57
105.57
105.57
105.57
105.57
105.57
105.57
105.57
105.57
105.57
105.57
105.57
105.57
105.57
105.57
105.57
105.57
105.57
105.57
105.57
105.57
105.57
105.57
105.57
105.57
105.57
105.57
105.57
105.57
105.57
105.57
105.57
105.57
105.57
105.57
105.57
105.57
115.266
100.347
105.57
105.57
105.57
105.57
105.57
105.57
105.57
105.57
105.57
105.57
105.57
105.57
105.57
105.57
105.57
105.57
105.57
105.57
105.57
105.57
105.57
105.57
105.57
105.57
105.57
105.57
105.57
105.57
105.57
105.57
105.57
105.57
105.57
105.57
105.57
105.57
105.57
105.57
105.57
105.57
105.57
105.57
105.57
105.57
105.57
105.57
105.57
105.57
105.57
105.57
105.57
105.57
105.57
105.57
105.57
105.57
105.57
105.57
105.57
105.57
105.57
105.57
116.24
100.266
105.57
105.57
105.57
105.57
105.57
105.57
105.57
105.57
105.57
105.57
105.57
105.57
105.57
105.57
105.57
105.57
105.57
105.57
105.57
105.57
105.57
105.57
105.57
105.57
105.57
105.57
105.57
105.57
105.57
105.57
105.57
105.57
105.57
105.57
105.57
105.57
105.57
105.57
105.57
105.57
105.57
105.57
105.57
105.57
105.57
105.57
105.57
105.57
105.57
105.57
105.57
105.57
105.57
105.57
105.57
105.57
105.57
105.57
105.57
105.57
105.57
105.57
117.261
100.192
105.57
105.57
105.57
105.57
105.57
105.57
105.57
105.57
105.57
105.57
105.57
105.57
105.57
105.57
105.57
105.57
105.57
105.57
105.57
105.57
105.57
105.57
105.57
105.57
105.57
105.57
105.57
105.57
105.57
105.57
105.57
105.57
105.57
105.57
105.57
105.57
105.57
105.57
105.57
105.57
105.57
105.57
105.57
105.57
105.57
105.57
105.57
105.57
105.57
105.57
105.57
105.57
105.57
105.57
105.57
105.57
105.57
105.57
105.57
105.57
105.57
105.57
118.336
100.124
105.57
105.57
105.57
105.57
105.57
105.57
105.57
105.57
105.57
105.57
105.57
105.57
105.57
105.57
105.57
105.57
105.57
105.57
105.57
105.57
105.57
105.57
105.57
105.57
105.57
105.57
105.57
105.57
105.57
105.57
105.57
105.57
105.57
105.57
105.57
105.57
105.57
105.57
105.57
105.57
105.57
105.57
105.57
105.57
105.57
105.57
105.57
105.57
105.57
105.57
105.57
105.57
105.57
105.57
105.57
105.57
105.57
105.57
105.57
105.57
105.57
105.57
119.478
100.062
105.57
105.57
105.57
105.57
105.57
105.57
105.57
105.57
105.57
105.57
105.57
105.57
105.57
105.57
105.57
105.57
105.57
105.57
105.57
105.57
105.57
105.57
105.57
105.57
105.57
105.57
105.57
105.57
105.57
105.57
105.57
105.57
105.57
105.57
105.57
105.57
105.57
105.57
105.57
105.57
105.57
105.57
105.57
105.57
105.57
105.57
105.57
105.57
105.57
105.57
105.57
105.57
105.57
105.57
105.57
105.57
105.57
105.57
105.57
105.57
105.57
105.57
120.697
100.005
105.57
105.57
105.57
105.57
105.57
105.57
105.57
105.57
105.57
105.57
105.57
105.57
105.57
105.57
105.57
105.57
105.57
105.57
105.57
105.57
105.57
105.57
105.57
105.57
105.57
105.57
105.57
105.57
105.57
105.57
105.57
105.57
105.57
105.57
105.57
105.57
105.57
105.57
105.57
105.57
105.57
105.57
105.57
105.57
105.57
105.57
105.57
105.57
105.57
105.57
105.57
105.57
105.57
105.57
105.57
105.57
105.57
105.57
105.57
105.57
105.57
105.57
122.01
99.9529
105.57
105.57
105.57
105.57
105.57
105.57
105.57
105.57
105.57
105.57
105.57
105.57
105.57
105.57
105.57
105.57
105.57
105.57
105.57
105.57
105.57
105.57
105.57
105.57
105.57
105.57
105.57
105.57
105.57
105.57
105.57
105.57
105.57
105.57
105.57
105.57
105.57
105.57
105.57
105.57
105.57
105.57
105.57
105.57
105.57
105.57
105.57
105.57
105.57
105.57
105.57
105.57
105.57
105.57
105.57
105.57
105.57
105.57
105.57
105.57
105.57
105.57
123.433
99.9065
105.57
105.57
105.57
105.57
105.57
105.57
105.57
105.57
105.57
105.57
105.57
105.57
105.57
105.57
105.57
105.57
105.57
105.57
105.57
105.57
105.57
105.57
105.57
105.57
105.57
105.57
105.57
105.57
105.57
105.57
105.57
105.57
105.57
105.57
105.57
105.57
105.57
105.57
105.57
105.57
105.57
105.57
105.57
105.57
105.57
105.57
105.57
105.57
105.57
105.57
105.57
105.57
105.57
105.57
105.57
105.57
105.57
105.57
105.57
105.57
105.57
105.57
124.99
99.8661
105.57
105.57
105.57
105.57
105.57
105.57
105.57
105.57
105.57
105.57
105.57
105.57
105.57
105.57
105.57
105.57
105.57
105.57
105.57
105.57
105.57
105.57
105.57
105.57
105.57
105.57
105.57
105.57
105.57
105.57
105.57
105.57
105.57
105.57
105.57
105.57
105.57
105.57
105.57
105.57
105.57
105.57
105.57
105.57
105.57
105.57
105.57
105.57
105.57
105.57
105.57
105.57
105.57
105.57
105.57
105.57
105.57
105.57
105.57
105.57
105.57
105.57
126.709
99.8314
105.57
105.57
105.57
105.57
105.57
105.57
105.57
105.57
105.57
105.57
105.57
105.57
105.57
105.57
105.57
105.57
105.57
105.57
105.57
105.57
105.57
105.57
105.57
105.57
105.57
105.57
105.57
105.57
105.57
105.57
105.57
105.57
105.57
105.57
105.57
105.57
105.57
105.57
105.57
105.57
105.57
105.57
105.57
105.57
105.57
105.57
105.57
105.57
105.57
105.57
105.57
105.57
105.57
105.57
105.57
105.57
105.57
105.57
105.57
105.57
105.57
105.57
128.626
99.8039
105.57
105.57
105.57
105.57
105.57
105.57
105.57
105.57
105.57
105.57
105.57
105.57
105.57
105.57
105.57
105.57
105.57
105.57
105.57
105.57
105.57
105.57
105.57
105.57
105.57
105.57
105.57
105.57
105.57
105.57
105.57
105.57
105.57
105.57
105.57
105.57
105.57
105.57
105.57
105.57
105.57
105.57
105.57
105.57
105.57
105.57
105.57
105.57
105.57
105.57
105.57
105.57
105.57
105.57
105.57
105.57
105.57
105.57
105.57
105.57
105.57
105.57
129.109
99.7839
105.57
105.57
105.57
105.57
105.57
105.57
105.57
105.57
105.57
105.57
105.57
105.57
105.57
105.57
105.57
105.57
105.57
105.57
105.57
105.57
105.57
105.57
105.57
105.57
105.57
105.57
105.57
105.57
105.57
105.57
105.57
105.57
105.57
105.57
105.57
105.57
105.57
105.57
105.57
105.57
105.57
105.57
105.57
105.57
105.57
105.57
105.57
105.57
105.57
105.57
105.57
105.57
105.57
105.57
105.57
105.57
105.57
105.57
105.57
105.57
105.57
105.57
128.34
99.7726
105.57
105.57
105.57
105.57
105.57
105.57
105.57
105.57
105.57
105.57
105.57
105.57
105.57
105.57
105.57
105.57
105.57
105.57
105.57
105.57
105.57
105.57
105.57
105.57
105.57
105.57
105.57
105.57
105.57
105.57
105.57
105.57
105.57
105.57
105.57
105.57
105.57
105.57
105.57
105.57
105.57
105.57
105.57
105.57
105.57
105.57
105.57
105.57
105.57
105.57
105.57
105.57
105.57
105.57
105.57
105.57
105.57
105.57
105.57
105.57
105.57
105.57
127.65
99.7723
105.57
105.57
105.57
105.57
105.57
105.57
105.57
105.57
105.57
105.57
105.57
105.57
105.57
105.57
105.57
105.57
105.57
105.57
105.57
105.57
105.57
105.57
105.57
105.57
105.57
105.57
105.57
105.57
105.57
105.57
105.57
105.57
105.57
105.57
105.57
105.57
105.57
105.57
105.57
105.57
105.57
105.57
105.57
105.57
105.57
105.57
105.57
105.57
105.57
105.57
105.57
105.57
105.57
105.57
105.57
105.57
105.57
105.57
105.57
105.57
105.57
105.57
127.024
99.786
105.57
105.57
105.57
105.57
105.57
105.57
105.57
105.57
105.57
105.57
105.57
105.57
105.57
105.57
105.57
105.57
105.57
105.57
105.57
105.57
105.57
105.57
105.57
105.57
105.57
105.57
105.57
105.57
105.57
105.57
105.57
105.57
105.57
105.57
105.57
105.57
105.57
105.57
105.57
105.57
105.57
105.57
105.57
105.57
105.57
105.57
105.57
105.57
105.57
105.57
105.57
105.57
105.57
105.57
105.57
105.57
105.57
105.57
105.57
105.57
105.57
105.57
126.451
99.8184
105.57
105.57
105.57
105.57
105.57
105.57
105.57
105.57
105.57
105.57
105.57
105.57
105.57
105.57
105.57
105.57
105.57
105.57
105.57
105.57
105.57
105.57
105.57
105.57
105.57
105.57
105.57
105.57
105.57
105.57
105.57
105.57
105.57
105.57
105.57
105.57
105.57
105.57
105.57
105.57
105.57
105.57
105.57
105.57
105.57
105.57
105.57
105.57
105.57
105.57
105.57
105.57
105.57
105.57
105.57
105.57
105.57
105.57
105.57
105.57
105.57
105.57
125.921
99.8785
105.57
105.57
105.57
105.57
105.57
105.57
105.57
105.57
105.57
105.57
105.57
105.57
105.57
105.57
105.57
105.57
105.57
105.57
105.57
105.57
105.57
105.57
105.57
105.57
105.57
105.57
105.57
105.57
105.57
105.57
105.57
105.57
105.57
105.57
105.57
105.57
105.57
105.57
105.57
105.57
105.57
105.57
105.57
105.57
105.57
105.57
105.57
105.57
105.57
105.57
105.57
105.57
105.57
105.57
105.57
105.57
105.57
105.57
105.57
105.57
105.57
105.57
125.429
99.9907
105.57
105.57
105.57
105.57
105.57
105.57
105.57
105.57
105.57
105.57
105.57
105.57
105.57
105.57
105.57
105.57
105.57
105.57
105.57
105.57
105.57
105.57
105.57
105.57
105.57
105.57
105.57
105.57
105.57
105.57
105.57
105.57
105.57
105.57
105.57
105.57
105.57
105.57
105.57
105.57
105.57
105.57
105.57
105.57
105.57
105.57
105.57
105.57
105.57
105.57
105.57
105.57
105.57
105.57
105.57
105.57
105.57
105.57
105.57
105.57
105.57
105.57
124.969
100.222
105.57
105.57
105.57
105.57
105.57
105.57
105.57
105.57
105.57
105.57
105.57
105.57
105.57
105.57
105.57
105.57
105.57
105.57
105.57
105.57
105.57
105.57
105.57
105.57
105.57
105.57
105.57
105.57
105.57
105.57
105.57
105.57
105.57
105.57
105.57
105.57
105.57
105.57
105.57
105.57
105.57
105.57
105.57
105.57
105.57
105.57
105.57
105.57
105.57
105.57
105.57
105.57
105.57
105.57
105.57
105.57
105.57
105.57
105.57
105.57
105.57
105.57
124.534
101.044
105.57
105.57
105.57
105.57
105.57
105.57
105.57
105.57
105.57
105.57
105.57
105.57
105.57
105.57
105.57
105.57
105.57
105.57
105.57
105.57
105.57
105.57
105.57
105.57
105.57
105.57
105.57
105.57
105.57
105.57
105.57
105.57
105.57
105.57
105.57
105.57
105.57
105.57
105.57
105.57
105.57
105.57
105.57
105.57
105.57
105.57
105.57
105.57
105.57
105.57
105.57
105.57
105.57
105.57
105.57
105.57
105.57
105.57
105.57
105.57
105.57
105.57
124.122
