16.8087
13.6992
4.66212
3.35503
-0.140347
-0.857646
-0.665259
-0.29796
-0.0845215
-0.0119022
0.00107005
0.000911418
0.000201311
2.15786e-05
9.33897e-07
-1.68214e-15
-6.39451e-14
3.05233e-14
3.89602e-14
-4.84907e-14
1.70275e-14
1.95019e-14
-6.93049e-14
1.77222e-14
3.73746e-14
1.96812e-14
-4.09274e-14
4.61784e-14
8.67684e-15
-2.07504e-14
1.7721e-14
-7.04816e-15
4.52426e-14
-4.84586e-14
-5.50973e-15
4.42994e-14
-3.86239e-14
6.37187e-15
6.50884e-14
1.01069e-14
-1.55647e-14
6.34524e-16
5.65302e-15
-2.95827e-14
4.94828e-14
-9.08916e-15
6.22398e-15
-5.58137e-14
9.1371e-15
2.2722e-08
-4.51068e-07
-5.26731e-06
0.00015133
-0.00154837
0.00998145
-0.0464834
0.166069
-0.458226
1.01743
-1.58165
1.84912
-0.790246
-1.40821
0.0602007
8.06689
8.10858
7.29128
12.1036
5.50051
3.40606
1.62001
0.687109
0.256072
0.0856452
0.0249555
0.00590471
0.000996828
0.000102772
4.98161e-06
1.53122e-14
1.37509e-14
-1.77822e-14
2.10441e-14
2.22023e-14
4.07531e-15
-6.31089e-30
1.38448e-14
1.49379e-14
6.92e-15
-4.67904e-14
-8.52669e-16
3.88768e-14
-2.58685e-14
-3.79057e-14
1.54357e-14
-7.20799e-15
4.93981e-14
-1.46974e-14
3.63402e-14
-5.8835e-14
2.58234e-14
-2.41887e-14
-2.26646e-14
1.34537e-14
5.31043e-15
1.92955e-14
9.34032e-15
-2.19039e-15
-6.78141e-14
6.74869e-15
2.80457e-14
7.64169e-15
5.18026e-14
7.30205e-08
-8.04995e-07
-5.70174e-06
0.000172143
-0.00171958
0.0108298
-0.0491755
0.169157
-0.436674
0.817896
-0.753008
-1.07031
5.7928
-12.3641
18.9341
14.9555
10.4676
13.1991
19.2581
10.77
8.49261
4.7167
2.35227
0.985736
0.342709
0.0959256
0.0206503
0.00309019
0.000280953
1.19492e-05
-2.14183e-15
1.34627e-14
-3.48205e-15
-1.42698e-14
4.35125e-14
-4.52746e-14
2.45199e-15
6.79029e-15
5.23474e-14
-1.94057e-15
-2.70215e-14
6.02849e-14
-9.81851e-14
4.64691e-14
-3.11485e-14
1.76962e-14
3.18778e-14
-1.32421e-14
3.92156e-14
9.65606e-15
-3.25388e-14
3.21634e-14
5.07458e-14
-2.82336e-14
5.57122e-15
3.39509e-14
9.79592e-15
3.15544e-30
3.23209e-15
-1.61729e-14
-2.84544e-14
-8.90088e-15
6.68325e-14
-2.35243e-14
1.20474e-07
-1.85739e-06
7.82314e-06
5.96323e-05
-0.0010804
0.00822425
-0.0412078
0.148863
-0.383803
0.625748
-0.0603923
-3.49803
11.5358
-22.8884
35.0159
13.8345
10.9788
12.755
18.8364
10.7725
10.8127
6.65136
3.82521
1.78763
0.6739
0.198099
0.0434655
0.00649097
0.000573957
2.34607e-05
-1.26287e-14
-3.7779e-15
3.7624e-14
1.86929e-14
-1.4254e-14
-3.40352e-14
-1.44691e-14
2.22673e-15
-2.06055e-15
9.54999e-15
-2.48283e-14
1.97856e-14
-9.20939e-15
-5.72155e-15
-8.00478e-15
-4.73247e-14
-2.55957e-14
-8.70079e-15
2.44127e-14
-7.6147e-15
3.20786e-14
2.0028e-14
2.189e-14
3.66305e-14
-2.60957e-14
-1.28775e-14
9.66106e-15
6.79639e-15
-2.33775e-14
2.79166e-14
3.36806e-14
-4.56569e-14
4.94462e-15
3.09423e-14
1.61546e-07
-2.83355e-06
2.05735e-05
-4.97548e-05
-0.000414191
0.00519068
-0.0305042
0.118132
-0.306521
0.414018
0.573068
-5.57829
16.6053
-32.9027
48.688
12.853
10.7682
13.2827
18.8897
11.4193
12.8782
7.94231
5.03065
2.56091
1.0547
0.334272
0.0776123
0.0119772
0.00106734
4.31139e-05
-4.14922e-15
-7.44291e-15
1.68476e-14
-1.53484e-14
-3.6526e-14
7.74254e-15
7.13387e-15
1.75695e-14
-3.65886e-14
3.76934e-14
-3.50076e-15
6.51083e-15
3.03105e-15
-4.52007e-14
-1.84477e-14
4.18292e-14
1.37932e-14
-3.22369e-14
-1.40716e-14
-1.31688e-14
-3.52273e-15
2.96935e-14
-3.70937e-14
5.79381e-15
-7.88861e-31
-2.80096e-14
2.86567e-14
-8.96019e-15
-1.68124e-14
-9.85934e-15
2.96069e-14
8.68331e-15
-2.60808e-14
-2.4482e-14
1.94678e-07
-3.58538e-06
2.98597e-05
-0.000129369
0.0001006
0.00259648
-0.0201713
0.0850057
-0.218222
0.190207
1.17314
-7.41792
21.1342
-42.4838
59.9341
12.9978
11.205
13.5921
17.3807
10.9851
13.7435
8.63946
5.9401
3.17947
1.39948
0.472958
0.11634
0.0187219
0.00170242
6.90573e-05
4.51195e-14
-1.10276e-14
-3.66028e-14
1.26218e-29
5.55136e-15
5.61116e-14
1.41046e-14
1.30298e-14
-4.82535e-14
3.7293e-14
-3.81054e-14
-3.86641e-14
-3.00042e-15
7.55167e-14
-5.21915e-15
1.70563e-14
4.55365e-15
3.40611e-14
3.9829e-14
3.15544e-30
2.44324e-14
-1.63461e-14
2.75686e-14
-6.60335e-14
-4.57562e-14
2.52383e-15
-3.78741e-14
8.21579e-14
0
-1.17288e-14
3.3021e-14
-1.72177e-14
9.69691e-15
-3.64105e-14
2.49783e-07
-4.83417e-06
4.47773e-05
-0.000251245
0.000842495
-0.000891208
-0.00731229
0.0473726
-0.12891
-0.00259357
1.64581
-8.87533
25.0497
-51.3189
68.9701
12.9431
10.3385
13.8271
17.1663
10.4869
13.8019
8.57661
6.41627
3.62585
1.72973
0.630792
0.166142
0.0280361
0.0026073
0.000106505
-8.12735e-15
2.91097e-14
-6.58775e-15
-1.80106e-14
-1.09945e-14
1.01066e-14
-1.3975e-14
8.60906e-15
3.58758e-14
-4.43736e-14
-6.87105e-15
-9.58843e-15
5.06078e-14
-8.32688e-15
2.59e-14
-2.4188e-14
5.87725e-14
-4.2275e-14
-1.97762e-14
-4.44261e-14
3.46672e-14
1.03918e-13
-7.91162e-14
-7.13063e-14
4.0111e-14
-2.25688e-14
5.17452e-14
-2.20645e-14
-2.07021e-14
3.88539e-15
6.19886e-14
-1.36897e-14
3.21258e-14
-4.52364e-14
3.26227e-07
-6.76308e-06
6.95805e-05
-0.000461786
0.00214183
-0.00701335
0.0153589
-0.0195564
0.0314943
-0.32816
2.30246
-10.4578
28.8245
-59.7686
75.7839
12.4827
10.4571
13.9177
16.9559
9.86138
13.6009
8.48182
6.6705
3.81013
1.91833
0.747116
0.212002
0.0380816
0.00368378
0.000153456
-6.45528e-14
2.8879e-14
1.30683e-14
5.95595e-15
-1.0911e-14
-3.51127e-14
3.238e-14
-5.1313e-14
2.37664e-14
-1.1026e-14
-1.70782e-14
-9.53477e-15
-5.92178e-15
-5.52187e-14
4.63823e-14
-3.15544e-30
1.34976e-14
-2.10388e-14
1.5748e-14
1.47418e-14
-1.38058e-14
-2.91001e-14
2.42407e-14
-2.84047e-15
5.32639e-15
8.49186e-14
-2.81133e-14
-3.95605e-14
1.64983e-14
7.74106e-15
-7.62825e-14
1.36386e-14
-4.80108e-14
1.80285e-14
3.62247e-07
-7.79953e-06
8.41842e-05
-0.000594458
0.00300774
-0.0113044
0.0319803
-0.0703443
0.15537
-0.572751
2.77556
-11.6229
31.7462
-67.2668
80.2083
12.3886
10.4158
14.0011
16.6552
9.7212
12.527
7.7872
6.57748
3.8259
2.00167
0.814913
0.245981
0.0468429
0.00472499
0.000202389
-4.01363e-14
7.17561e-15
7.79109e-14
1.18402e-14
-1.62732e-14
-9.98069e-15
-2.76231e-14
2.12838e-14
3.94451e-14
-3.29501e-14
3.40312e-14
0
4.72221e-14
-5.50532e-14
-2.05579e-14
-9.60182e-15
-1.79515e-14
4.1976e-15
3.53542e-14
1.47109e-14
-6.88899e-15
-3.54986e-14
6.04922e-15
6.80496e-14
0
-4.98698e-14
-1.40342e-14
4.38902e-15
-3.70678e-14
1.15952e-14
3.26488e-14
1.02157e-14
-2.23759e-14
3.00097e-14
4.47165e-07
-9.90708e-06
0.000110817
-0.000819
0.00440333
-0.0180087
0.0575291
-0.147995
0.345831
-0.943671
3.43459
-12.9132
34.5621
-73.9816
82.7218
12.0686
10.2226
14.0325
16.3109
9.56115
12.2332
6.88378
6.0259
3.55368
1.92799
0.806015
0.255866
0.0514544
0.00542904
0.000241148
5.59874e-14
-3.15544e-30
-1.29252e-14
1.76848e-14
2.16178e-14
-1.49224e-14
5.96751e-14
-4.24635e-15
7.08514e-14
-3.65452e-14
2.71849e-14
2.53093e-14
-7.07634e-14
7.15193e-14
1.0273e-14
4.31936e-14
-3.58967e-14
2.0988e-14
-3.92869e-14
-1.10352e-14
-2.06732e-14
4.52e-14
-3.63131e-14
-1.13481e-14
-1.06417e-14
1.9963e-14
2.34101e-14
-3.07503e-14
8.24442e-15
-1.54749e-14
-4.35752e-14
-6.8176e-15
8.3203e-14
-6.00886e-15
4.92517e-07
-1.11468e-05
0.000127982
-0.00097561
0.00544366
-0.0233031
0.0787778
-0.215553
0.518033
-1.28396
4.01603
-14.004
36.5433
-79.7523
82.8877
11.8354
10.1215
13.9818
15.9832
9.30227
11.8474
6.37969
5.27289
2.988
1.66995
0.708067
0.231
0.0480841
0.00527764
0.0002446
7.9796e-15
-7.11935e-15
1.28872e-14
-5.292e-14
1.07881e-14
1.57772e-30
4.58593e-14
-3.39545e-14
-2.36163e-14
-2.19363e-14
-4.76104e-14
1.26676e-14
-5.90501e-15
-2.20404e-14
-5.14566e-15
2.40441e-14
4.49647e-15
1.26216e-14
-2.75661e-14
2.21272e-14
-2.7638e-14
-1.94248e-14
-4.85565e-14
-1.13821e-14
2.13486e-14
2.00257e-14
-4.6967e-14
3.96637e-14
8.27184e-15
2.71735e-14
-5.10135e-14
2.73647e-14
-1.28457e-14
6.31089e-30
5.57148e-07
-1.28721e-05
0.000151043
-0.00117861
0.00674977
-0.0297684
0.104176
-0.294711
0.716706
-1.66217
4.62285
-14.9717
38.1288
-84.4414
81.5861
11.5719
9.97289
13.9496
15.6674
9.11913
11.5011
5.8921
4.79002
2.47815
1.30784
0.537973
0.178743
0.0375957
0.00420004
0.000201543
-7.97051e-15
-3.55267e-14
3.21599e-14
-4.11127e-14
-5.39158e-14
2.98081e-14
-9.18079e-14
2.55065e-14
6.31089e-30
6.59713e-14
-6.13882e-14
5.08323e-14
2.37028e-14
-2.76526e-14
-4.13286e-14
-2.89732e-14
3.16156e-14
-4.64915e-14
1.58269e-14
4.44708e-14
3.47215e-14
-3.25429e-14
3.05081e-14
-5.72138e-15
-7.51273e-14
1.0068e-14
7.55694e-14
-8.86456e-15
7.0715e-14
2.34262e-14
4.39808e-14
-3.44081e-14
-1.29221e-14
-1.21326e-14
6.41502e-07
-1.5033e-05
0.000179063
-0.00142048
0.00829117
-0.0373942
0.1343
-0.389727
0.960585
-2.1384
5.39039
-16.1335
39.309
-88.2611
78.2329
11.31
9.82843
13.8443
15.326
8.95847
11.1948
5.4676
4.40442
2.11285
1.05378
0.395128
0.120274
0.0240054
0.00267853
0.000130346
7.97005e-15
4.96922e-14
-1.28591e-14
3.52566e-14
1.07979e-14
-2.98734e-14
-9.20697e-15
8.53183e-15
3.16795e-14
-4.41788e-14
1.37088e-14
1.91646e-14
-5.95914e-15
6.67665e-14
-3.63913e-14
2.43029e-14
2.72819e-14
-4.25571e-14
3.98511e-14
-2.98633e-14
2.09885e-14
4.59043e-14
1.22963e-14
-2.88296e-14
5.4085e-14
-5.07397e-15
1.90451e-14
-4.4683e-15
-4.1939e-14
-7.87339e-15
-2.95652e-14
-1.38787e-14
-3.25769e-14
4.28235e-14
7.18406e-07
-1.70408e-05
0.000205557
-0.00165266
0.00978746
-0.0448451
0.163867
-0.483024
1.19971
-2.59674
6.08326
-17.0961
39.5946
-90.9814
73.4402
11.0462
9.6757
13.729
14.9839
8.80036
10.9255
5.10652
4.08832
1.83576
0.879646
0.304323
0.0863773
0.0158258
0.00162458
7.77875e-05
0
-5.6809e-14
-2.57432e-14
2.35462e-14
-1.0828e-14
2.99841e-14
-4.62474e-14
-2.57334e-14
-7.96808e-15
3.7059e-14
-2.07106e-14
2.57462e-14
-3.00329e-14
-5.04923e-14
7.34047e-14
-6.86498e-14
9.17679e-15
0
1.60924e-14
-2.26145e-14
2.11955e-14
-2.64927e-14
-4.96853e-14
6.40782e-14
1.63934e-14
-3.58905e-14
-2.40584e-14
1.80625e-14
-2.54323e-14
-7.95796e-15
-2.98847e-14
4.91027e-14
-6.58643e-15
-1.85544e-14
8.18871e-07
-1.95918e-05
0.000238213
-0.00193062
0.0115367
-0.0534191
0.197639
-0.589477
1.47554
-3.13384
6.90185
-18.2132
39.3663
-92.7519
67.2374
10.7837
9.52027
13.5822
14.637
8.65928
10.6732
4.79577
3.8377
1.61867
0.754488
0.243621
0.0654289
0.0111387
0.00106358
4.68002e-05
-6.28958e-14
1.57772e-29
2.57944e-14
-1.1812e-14
-5.43799e-14
2.01005e-14
1.26218e-29
2.59212e-14
8.03207e-15
-2.99058e-14
6.96735e-14
-2.59977e-14
-1.21356e-14
-2.83466e-14
-1.06013e-14
3.96719e-14
-4.6413e-14
-8.69217e-15
2.4428e-14
7.62981e-15
7.15218e-15
-2.68242e-14
-2.51561e-14
-4.71952e-14
5.53488e-15
1.55817e-14
2.52435e-29
-9.15011e-15
3.43587e-14
-1.61283e-14
4.54274e-14
2.13273e-14
6.67554e-14
1.25375e-14
9.15668e-07
-2.19482e-05
0.000267749
-0.00218206
0.0131385
-0.0614094
0.229688
-0.692005
1.74393
-3.65599
7.6356
-19.1674
37.9543
-93.2682
59.9278
10.5221
9.36059
13.4099
14.2845
8.52477
10.4379
4.52407
3.63292
1.44699
0.662385
0.200997
0.0517791
0.00827303
0.000744455
3.04209e-05
8.81734e-14
2.7961e-14
-5.17603e-14
3.56022e-14
4.37695e-14
-1.01239e-14
-3.75517e-14
-6.10469e-14
4.05699e-14
-3.02337e-14
-5.6381e-14
-6.57822e-15
2.45774e-14
4.59456e-14
-8.59489e-14
4.02144e-14
2.82378e-14
-8.81605e-15
0
6.96787e-14
-7.25916e-15
-1.36139e-14
-6.38495e-15
5.99018e-15
-3.9345e-14
5.27489e-14
-9.90213e-15
-2.78863e-14
-8.72617e-15
2.45788e-14
-7.69271e-15
-3.61175e-14
-1.35669e-14
1.26218e-29
1.00983e-06
-2.43534e-05
0.000299615
-0.00246443
0.0149758
-0.0705922
0.266199
-0.806723
2.03957
-4.22079
8.38371
-20.0914
35.8555
-92.6144
51.9494
10.2629
9.19823
13.214
13.9286
8.39506
10.2124
4.28466
3.46337
1.30803
0.593079
0.170091
0.0425074
0.00642251
0.000550963
2.10911e-05
6.91991e-14
-2.62995e-14
2.53501e-14
-4.77611e-14
6.61582e-14
-1.02146e-14
1.89685e-14
-8.82008e-15
8.21388e-15
-5.35983e-14
1.42888e-14
4.67058e-14
-1.24721e-14
1.16629e-14
5.45688e-14
-4.08644e-14
-1.26218e-29
-2.68939e-14
-2.52048e-14
-1.57537e-14
-1.47726e-14
6.92762e-15
-1.29983e-14
-6.09836e-15
1.14458e-14
2.52435e-29
-4.03394e-14
9.46714e-15
-5.33301e-14
2.50385e-14
1.56748e-14
2.20794e-14
-8.29436e-14
1.29828e-14
1.13781e-06
-2.77235e-05
0.000343775
-0.00284256
0.0173336
-0.081922
0.309877
-0.941311
2.38569
-4.89688
9.3088
-21.306
33.3597
-91.1279
43.2512
10.0057
9.03348
12.9937
13.5678
8.26543
9.99081
4.07024
3.3188
1.19278
0.539392
0.146827
0.0359488
0.00516662
0.000427074
1.54254e-05
-7.87374e-14
6.22604e-14
-5.99701e-14
-1.1604e-14
-2.22595e-14
-2.06537e-14
2.88028e-14
-8.93902e-15
3.33297e-14
-1.55497e-14
3.63012e-14
6.78507e-15
-1.26901e-14
-1.18731e-14
-2.22291e-14
2.08175e-14
-1.95048e-14
2.74189e-14
-2.57047e-14
1.60692e-14
3.0144e-14
3.53486e-14
-6.63387e-15
2.49034e-14
4.67453e-14
-5.48508e-14
3.15544e-30
9.66904e-15
8.17146e-14
-8.52637e-15
1.6014e-14
7.51967e-15
-7.06236e-15
6.63312e-15
1.30857e-06
-3.19426e-05
0.000396049
-0.0032736
0.0199718
-0.0945288
0.358683
-1.09417
2.7912
-5.72722
10.5419
-22.8799
30.4418
-88.5342
34.5384
9.75079
8.8654
12.7511
13.2029
8.13314
9.7684
3.87524
3.19235
1.09512
0.496757
0.128767
0.0311434
0.00427543
0.000343732
1.17816e-05
-3.75565e-14
2.37253e-14
-2.28346e-14
4.41599e-14
-6.40489e-14
-1.03031e-14
2.52435e-29
2.72376e-14
-4.23608e-14
7.91319e-15
2.95811e-14
2.76657e-14
-5.17749e-14
3.63527e-14
-3.4048e-14
4.25348e-14
-9.96631e-15
-2.80308e-14
3.50497e-14
5.75301e-14
1.5422e-14
-1.44707e-14
1.35809e-14
2.54935e-14
-3.58986e-14
-1.12341e-14
4.2194e-14
-1.98098e-14
-9.30207e-15
-2.62072e-14
-4.73317e-30
-6.31089e-30
-2.17124e-14
4.75872e-14
1.4915e-06
-3.64734e-05
0.000453656
-0.00376362
0.0230134
-0.109026
0.414528
-1.26962
3.26745
-6.72377
12.2179
-24.9082
28.0746
-86.2652
25.2995
9.49811
8.69328
12.486
12.8322
7.99314
9.53841
3.69387
3.07695
1.01008
0.461734
0.11426
0.0275029
0.00361788
0.000285441
9.32602e-06
6.00438e-14
-7.95419e-14
4.37079e-14
6.33583e-14
-6.31089e-30
9.84492e-15
-4.73738e-14
9.46633e-30
-8.63511e-15
-4.84432e-14
6.04213e-14
-2.52435e-29
5.29542e-14
-3.72054e-14
5.81073e-14
-2.52435e-29
7.15033e-14
9.57945e-15
8.98638e-15
-8.43195e-15
7.91264e-15
-1.48534e-14
-7.88861e-30
-3.92676e-14
-2.45799e-14
-1.15398e-14
-1.08369e-14
8.14196e-14
5.73513e-14
-2.69316e-14
3.37285e-14
2.37612e-14
-8.92803e-14
-1.39777e-14
1.73971e-06
-4.28673e-05
0.000535316
-0.00442118
0.0267318
-0.125135
0.472586
-1.448
3.76243
-7.80682
14.3486
-27.7866
28.2861
-88.0974
14.6586
9.2472
8.51798
12.1989
12.4561
7.84221
9.29802
3.522
2.96798
0.934263
0.432073
0.102243
0.0246514
0.00311386
0.00024303
7.59551e-06
1.15771e-14
-3.28176e-14
-2.10203e-14
-7.10505e-14
1.96082e-14
-5.67178e-14
-9.09305e-15
-8.72531e-15
8.35312e-15
3.9899e-14
-6.08669e-14
4.34516e-14
4.07348e-14
-2.52435e-29
-4.77407e-14
-2.23866e-14
-6.31089e-30
-4.92604e-14
9.2462e-15
-2.60326e-14
1.26218e-29
-3.82371e-14
-1.43599e-14
4.04508e-14
-2.53256e-14
1.18921e-14
0
1.04911e-14
9.85389e-15
2.77683e-14
-2.60857e-14
-7.35122e-14
8.44031e-14
-2.88325e-14
2.07958e-06
-5.11203e-05
0.00062127
-0.00492953
0.0286832
-0.130914
0.489714
-1.51038
3.99057
-8.561
16.1481
-30.905
30.5843
-90.9702
3.62284
8.99616
8.33714
11.888
12.0718
7.67494
9.04024
3.35468
2.85998
0.864408
0.405701
0.0919049
0.0223208
0.00271098
0.000210892
6.32149e-06
2.24251e-14
1.05793e-14
-6.09315e-14
-5.88028e-14
1.89215e-14
9.11697e-15
1.75305e-14
6.72534e-14
4.82669e-14
-6.14533e-14
2.92848e-14
-1.3932e-14
1.3236e-14
-3.76728e-14
-5.95036e-14
2.52435e-29
9.58813e-14
-1.00675e-14
-1.9015e-14
8.96001e-15
7.57214e-14
3.16016e-14
-1.03881e-13
-2.78756e-14
9.16429e-14
-2.45942e-14
-2.31018e-14
3.25535e-14
-1.01935e-14
9.57645e-15
-1.7994e-14
-8.45242e-15
1.58824e-14
-2.98433e-14
2.47645e-06
-5.51469e-05
0.000605932
-0.0044327
0.0245848
-0.111011
0.421353
-1.35455
3.72331
-8.61409
16.5124
-32.5403
31.3432
-88.5036
-5.50769
8.74241
8.14817
11.5539
11.6778
7.4889
8.76269
3.18879
2.74979
0.798801
0.381399
0.082738
0.0203417
0.00237619
0.000185535
5.34252e-06
-1.09051e-14
-1.02747e-14
-6.31089e-30
3.80109e-14
1.83345e-14
2.64875e-14
5.93872e-14
8.13286e-15
-1.55574e-14
-2.96984e-14
0
1.34556e-14
-3.8338e-14
2.42412e-14
3.44496e-14
-6.52109e-14
1.26218e-29
8.73796e-14
3.66663e-14
-1.03792e-13
-1.63124e-14
3.0752e-14
5.79531e-14
-6.82224e-14
-1.28477e-14
7.25627e-14
-6.82816e-14
-4.28283e-14
1.00722e-14
4.73317e-30
1.7816e-14
4.18789e-14
3.14974e-14
2.96082e-14
1.54186e-06
-2.93621e-05
0.000287231
-0.00202375
0.0117182
-0.0583213
0.246643
-0.90305
2.71773
-7.22303
14.2406
-31.4656
30.5976
-84.8892
-13.2397
8.48544
7.95125
11.1947
11.2723
7.27869
8.45953
3.02071
2.63358
0.735506
0.358096
0.074379
0.0185962
0.00208866
0.000164771
4.56162e-06
1.06473e-14
0
9.59832e-15
4.6249e-14
-3.56689e-14
8.58313e-15
1.64854e-14
7.89746e-15
-4.52991e-14
4.32184e-14
2.74383e-14
-9.13063e-14
-2.47676e-14
2.34846e-14
2.22422e-14
5.26148e-14
-3.97916e-14
9.46633e-30
8.87032e-15
5.02085e-14
-7.89061e-14
-1.48721e-14
7.00579e-14
1.31953e-14
-4.96902e-14
0
2.20061e-14
-2.07018e-14
1.94726e-14
9.15647e-15
3.44408e-14
0
2.52435e-29
-1.1446e-13
6.12376e-07
-1.03668e-05
0.000102718
-0.000829383
0.00558631
-0.0312949
0.142872
-0.567299
1.78389
-5.33398
11.0539
-28.3084
30.8552
-83.6108
-20.2959
8.22024
7.74159
10.8072
10.8503
7.04062
8.12783
2.84778
2.5093
0.673508
0.335004
0.0665395
0.0169928
0.00183261
0.000147033
3.91322e-06
1.04328e-14
-1.96076e-14
-1.8768e-14
-3.6144e-14
8.70523e-15
5.02415e-14
8.03668e-15
-6.31089e-30
-5.88275e-14
-2.80497e-14
-5.34027e-14
1.26886e-14
-4.73317e-30
-3.42448e-14
4.32314e-14
-2.04461e-14
-3.15544e-30
-1.82501e-14
-3.44519e-14
-3.24968e-14
9.19106e-14
2.88717e-14
-8.15873e-14
3.84158e-14
1.20536e-14
-2.26889e-14
6.40423e-14
3.01246e-14
9.44456e-15
3.55256e-14
8.35101e-15
-3.14053e-14
-1.47612e-14
0
2.39726e-07
-4.23613e-06
4.90623e-05
-0.000446775
0.00312856
-0.0180058
0.0835946
-0.354054
1.14857
-3.90927
8.39117
-24.6605
29.5853
-81.6801
-24.0954
7.94808
7.52088
10.3925
10.4113
6.77201
7.76377
2.66742
2.37454
0.611715
0.311526
0.0590448
0.0154709
0.0015982
0.000131269
3.35448e-06
-2.05129e-14
9.62656e-15
1.84119e-14
4.73317e-30
3.41073e-14
-2.45896e-14
-7.86182e-15
-6.31089e-30
5.74853e-14
-2.73966e-14
-5.21369e-14
3.71494e-14
1.17484e-14
-2.22654e-14
1.05385e-14
-2.98968e-14
1.8834e-14
8.00264e-14
1.67808e-14
-3.16537e-14
-4.4754e-14
-7.0284e-14
-2.64766e-14
6.23292e-14
3.51999e-14
1.10423e-14
3.11647e-14
-9.77208e-15
-2.75734e-14
-6.05002e-14
-1.62529e-14
3.15544e-30
5.74522e-14
2.69998e-14
9.84454e-08
-1.86763e-06
2.29082e-05
-0.000209759
0.00145534
-0.00884242
0.0426478
-0.204487
0.686343
-2.75167
5.89489
-20.4217
24.6236
-76.2854
-23.1261
7.66292
7.28341
9.94314
9.94741
6.46754
7.36355
2.47827
2.22787
0.549871
0.287358
0.0518242
0.013998
0.00138045
0.000116901
2.86199e-06
6.06871e-14
-1.89652e-14
9.46633e-30
5.22592e-14
-1.67573e-14
6.43881e-14
-7.71504e-14
-4.42759e-14
5.63483e-14
4.02625e-14
-2.55288e-14
-1.21221e-14
5.74831e-14
3.26721e-14
2.06116e-14
1.94883e-14
-4.60245e-14
-5.21382e-14
5.73862e-14
1.26218e-29
-1.45716e-14
5.49138e-14
-1.57772e-30
-3.65175e-14
-8.01987e-14
0
-1.01422e-14
-3.81573e-14
5.38294e-14
8.43581e-15
-7.93167e-14
-7.45616e-14
9.81227e-14
2.63503e-14
3.91254e-08
-7.42954e-07
8.98495e-06
-8.47581e-05
0.000612498
-0.00427784
0.0214303
-0.119711
0.39355
-1.87059
3.80311
-16.1655
18.9571
-67.963
-20.8542
7.36223
7.02752
9.45782
9.45496
6.12534
6.92472
2.27864
2.06866
0.487623
0.262206
0.0447807
0.0125401
0.00117438
0.000103366
2.41435e-06
-1.00035e-14
4.68449e-14
8.94359e-15
-5.15452e-14
-5.78046e-14
-2.37801e-14
4.55596e-14
-5.80674e-14
-1.38489e-14
9.23116e-14
2.52435e-29
3.15544e-30
-2.25659e-14
-3.20556e-14
-2.02172e-14
-9.55446e-15
0
8.51717e-15
-8.03423e-15
-6.05972e-14
6.31089e-30
-5.37915e-14
1.26632e-14
6.31089e-30
6.73166e-14
1.05561e-14
1.98605e-14
-6.53778e-14
-3.51327e-14
7.43262e-14
6.21134e-14
-4.37931e-14
-4.11639e-14
-1.2896e-14
1.46803e-08
-2.8232e-07
3.56288e-06
-3.87632e-05
0.000293415
-0.00233615
0.0110653
-0.0707058
0.21332
-1.23077
2.34349
-12.3982
14.185
-59.4902
-17.3468
7.04326
6.75075
8.93092
8.92778
5.74104
6.44487
2.06869
1.89716
0.425404
0.236263
0.0379868
0.0111027
0.000980401
9.05418e-05
2.00527e-06
-2.97617e-14
2.78493e-14
-1.77075e-14
-8.49762e-15
8.16183e-15
1.56575e-14
-7.49454e-15
4.29571e-14
-1.36527e-14
-3.15544e-30
3.70422e-14
-1.17167e-14
6.31089e-30
-1.05118e-14
-9.94177e-15
9.39462e-15
8.87162e-15
-5.86019e-14
7.89529e-15
2.97686e-14
4.20728e-14
2.64185e-14
-2.48758e-14
-3.15544e-30
-1.10171e-14
-1.57772e-30
-2.92499e-14
5.50203e-14
1.72458e-14
-4.86441e-14
4.57304e-14
5.73167e-14
-4.04054e-14
-2.53165e-14
5.60353e-09
-1.18017e-07
1.514e-06
-1.83621e-05
0.000122063
-0.00109799
0.00442133
-0.0358394
0.0977196
-0.736548
1.29857
-8.8081
9.24263
-50.3081
-11.8703
6.70256
6.45018
8.35761
8.35945
5.31327
5.92232
1.8477
1.71326
0.363312
0.209444
0.0314356
0.00967791
0.000797965
7.82742e-05
1.62902e-06
0
2.76681e-14
-3.51553e-14
-4.21406e-14
4.04432e-14
7.7528e-15
-2.22503e-14
4.24856e-14
6.74756e-14
-5.13507e-14
-3.65794e-14
-1.15654e-14
-3.28709e-14
2.07394e-14
-2.94151e-14
-2.77878e-14
-1.7488e-14
5.77485e-14
-2.33382e-14
-6.31089e-30
2.76306e-14
1.30097e-14
0
-2.30566e-14
-3.2543e-14
0
2.87947e-14
0
1.69762e-14
1.59605e-14
-4.50126e-14
1.57772e-30
6.31089e-30
-1.24582e-14
2.01236e-09
-4.42567e-08
4.40278e-07
-6.10939e-06
2.73047e-05
-0.000352831
0.00129507
-0.0140077
0.042968
-0.367916
0.658723
-5.46815
4.8856
-38.7446
-7.37462
6.33657
6.12282
7.7304
7.74062
4.83854
5.35661
1.61814
1.51942
0.302565
0.182242
0.0252552
0.00828487
0.000629271
6.66063e-05
1.28546e-06
-9.83047e-15
-2.75583e-14
-1.74942e-14
3.35241e-14
-1.60741e-14
-7.69743e-15
5.15101e-14
-7.02107e-14
-8.02403e-14
1.27153e-14
6.03591e-14
4.57822e-14
1.08395e-14
-2.05093e-14
-2.90788e-14
3.15544e-30
4.32062e-14
1.63012e-14
-1.53697e-14
-6.31089e-30
-5.45726e-14
-1.28463e-14
-1.20935e-14
-2.27617e-14
4.28349e-14
-3.02203e-14
3.78981e-14
2.67283e-14
8.37717e-15
7.87563e-15
-7.40347e-14
1.57772e-30
1.30811e-14
1.22939e-14
5.61206e-10
-1.24496e-08
4.83947e-08
-8.34371e-07
5.52192e-06
5.62818e-06
0.000808318
-0.000765004
0.0295592
-0.110763
0.382416
-2.81132
2.04077
-25.0746
-3.14578
5.94015
5.76381
7.04269
7.06374
4.31631
4.74784
1.38105
1.31714
0.243874
0.154958
0.0195208
0.00693811
0.000476152
5.55949e-05
9.75505e-07
9.46633e-30
-5.50327e-14
-1.74544e-14
4.17746e-14
2.40165e-14
-1.53229e-14
2.1957e-14
5.58299e-14
0
-2.52504e-14
-1.57772e-30
-2.27097e-14
-4.29987e-14
-2.03342e-14
5.76489e-14
-3.62866e-14
2.56836e-14
-8.07365e-15
3.805e-14
1.43408e-14
1.26218e-29
-1.2717e-14
1.19702e-14
2.25283e-14
-6.35862e-14
-1.99362e-14
-1.87496e-14
8.81567e-15
8.28851e-15
1.55842e-14
2.92981e-14
-1.57772e-30
1.2941e-14
-1.21621e-14
1.17329e-10
-7.21246e-11
2.77722e-08
2.3074e-06
1.63288e-05
0.000272892
0.00138764
0.0085473
0.0361795
0.0470694
0.35455
-1.19371
1.14269
-11.1891
5.34764
5.51105
5.37088
6.28732
6.32039
3.74571
4.09812
1.14026
1.10963
0.188645
0.12817
0.0143745
0.0056654
0.000341804
4.54113e-05
7.03436e-07
1.57772e-30
2.52435e-29
6.10966e-14
2.50473e-14
-1.5986e-14
-3.05749e-14
-5.83761e-14
1.39069e-14
1.32295e-14
2.51316e-14
1.19191e-14
-6.77517e-14
2.13728e-14
2.02067e-14
-1.90906e-14
9.01075e-15
0
8.01602e-15
3.78653e-29
2.84695e-14
1.34047e-14
-5.048e-14
-2.37553e-14
1.57772e-30
6.31089e-30
8.90023e-14
9.29979e-15
-3.4977e-14
-1.64422e-14
-2.3186e-14
2.90592e-14
2.73128e-14
-2.56687e-14
-3.61846e-14
9.32702e-11
1.37073e-08
1.92292e-07
5.72706e-06
4.33732e-05
0.000506754
0.00251472
0.0151005
0.0524432
0.133215
0.410706
-0.568916
1.03988
-8.75984
5.29068
5.04447
4.93919
5.4546
5.49999
3.12672
3.40966
0.899113
0.899613
0.13791
0.102256
0.00989421
0.00448146
0.000227829
3.6145e-05
4.71509e-07
1.97284e-14
3.68322e-14
-6.12433e-14
-4.18118e-14
0
0
7.29181e-15
-2.77766e-14
2.64088e-14
-3.76072e-14
-4.75409e-14
3.37664e-14
2.12964e-14
5.03249e-14
2.85173e-14
-2.69156e-14
-5.07747e-14
-2.39338e-14
-7.51791e-15
2.83275e-14
1.33365e-14
2.51068e-14
2.3628e-14
-3.3345e-14
5.22795e-14
-6.88376e-14
-3.69902e-14
5.21694e-14
4.08713e-14
-3.84204e-14
-2.88903e-14
1.35773e-14
8.93191e-14
1.19911e-14
3.56694e-10
2.47824e-08
5.0416e-07
8.80231e-06
8.46629e-05
0.000744342
0.0042193
0.0216901
0.0772803
0.19211
0.496474
-0.59571
1.0319
-9.30622
9.33927
4.53479
4.46266
4.53484
4.59248
2.46152
2.68778
0.663061
0.691212
0.0931182
0.0777888
0.00618376
0.00340732
0.000135998
2.79029e-05
2.82541e-07
-2.9752e-14
-1.85133e-14
1.26218e-29
2.51833e-14
8.02337e-15
3.06431e-14
-3.15544e-30
-2.78017e-14
2.6418e-14
-2.5068e-14
3.56355e-14
6.74689e-14
-2.12693e-14
-6.02925e-14
-1.89757e-14
4.47669e-14
-1.68873e-14
7.95909e-15
2.99926e-14
-4.23725e-14
-1.32985e-14
5.00688e-14
4.71139e-14
-3.32421e-14
-4.16929e-14
3.92109e-14
-9.21772e-15
-5.19987e-14
3.25889e-14
3.82924e-14
0
1.57772e-30
1.27163e-14
1.19498e-14
1.00384e-09
5.17102e-08
1.07942e-06
1.65185e-05
0.000156748
0.00129688
0.00704264
0.0356636
0.115645
0.33069
0.63217
-0.0235059
1.0759
-7.11441
14.4609
3.97722
3.93534
3.51819
3.58836
1.75275
1.93865
0.437481
0.487859
0.0553515
0.0551462
0.00329497
0.00245354
6.67865e-05
2.0725e-05
1.37339e-07
-1.99816e-14
-9.32545e-15
8.84985e-15
0
-3.22599e-14
-3.07792e-14
-2.19911e-14
1.39443e-14
1.32432e-14
2.51208e-14
-3.56958e-14
4.50386e-14
0
-5.02832e-14
2.84776e-14
8.95542e-15
4.22204e-14
-7.95825e-15
-5.99746e-14
0
-2.65844e-14
-2.50206e-14
-2.35429e-14
4.42928e-14
3.12455e-14
-1.95882e-14
2.76285e-14
8.6585e-15
-2.44188e-14
-2.29527e-14
-1.43826e-14
2.70349e-14
-1.27031e-14
-2.38752e-14
2.16583e-09
9.68459e-08
1.99014e-06
2.7597e-05
0.000259747
0.00194807
0.0105663
0.0481138
0.155494
0.400047
0.715545
-0.0198619
0.977837
-5.42977
18.7717
3.36515
3.34873
2.39299
2.47787
1.00597
1.1703
0.228884
0.293357
0.0256393
0.0346608
0.00125759
0.00162622
1.99353e-05
1.4605e-05
3.55366e-08
0
1.88285e-14
2.67876e-14
-1.70282e-14
-8.12452e-15
2.32367e-14
-7.37383e-15
-2.80369e-14
2.6613e-14
2.52292e-14
-1.1945e-14
-4.51989e-14
1.06798e-14
5.04329e-14
-5.71122e-14
-1.79552e-14
1.69283e-14
7.9757e-15
1.5024e-14
-3.15544e-30
3.99511e-14
5.01286e-14
-5.89544e-14
-2.21826e-14
4.17269e-14
1.96189e-14
-1.84463e-14
2.60128e-14
-8.15119e-15
-7.66167e-15
-1.44022e-14
-2.70707e-14
-2.54401e-14
-1.1953e-14
4.37153e-09
1.81313e-07
3.60474e-06
4.70443e-05
0.00042951
0.00303746
0.0159896
0.0688425
0.2143
0.53497
0.864288
0.266939
1.11661
-3.09011
24.1135
2.69189
2.69344
1.14785
1.25267
0.227942
0.392715
0.0437181
0.110955
0.00465911
0.0165123
5.57675e-05
0.000921547
-6.0744e-06
9.45634e-06
-2.52355e-08
-2.03985e-14
-9.52326e-15
-1.80559e-14
2.5805e-14
4.10084e-14
-2.34398e-14
1.26218e-29
4.23701e-14
-2.67985e-14
2.53937e-14
6.31089e-30
-1.13652e-14
-3.22155e-14
2.0278e-14
-2.87015e-14
3.60859e-14
4.25188e-14
-3.15544e-30
-1.50915e-14
0
-2.67453e-14
-3.15544e-30
4.73542e-14
-1.11359e-14
1.04726e-14
0
-5.55533e-14
1.74085e-14
7.3639e-14
-6.31089e-30
1.44569e-14
2.71728e-14
-1.27679e-14
6.31089e-30
8.52875e-09
3.33665e-07
6.35089e-06
7.8455e-05
0.000686959
0.0045768
0.0231169
0.092912
0.277177
0.63943
0.958337
0.358109
1.3862
0.144342
29.8321
1.94958
1.95803
-0.230055
-0.0941835
-0.572017
-0.383206
-0.111393
-0.0567345
-0.00717946
0.000729479
-0.000356508
0.000329638
-1.34096e-05
5.15128e-06
-4.85308e-08
1.03351e-14
3.15544e-30
9.14667e-15
-2.61246e-14
-3.31874e-14
1.57967e-14
-7.50922e-15
1.42596e-14
1.3522e-14
-1.28076e-14
-2.42373e-14
2.29129e-14
-3.24659e-14
-2.04306e-14
2.89109e-14
-5.45138e-14
3.42521e-14
-5.6466e-14
3.03861e-14
2.86067e-14
-1.3461e-14
-3.79979e-14
-3.57459e-14
3.36217e-14
-2.10778e-14
-3.15544e-30
-9.31711e-15
-6.13118e-14
-8.23308e-15
-9.46633e-30
-1.45457e-14
5.46814e-14
-3.85398e-14
-2.41435e-14
1.63569e-08
6.08078e-07
1.10559e-05
0.000129751
0.001083
0.00682426
0.0328327
0.124267
0.352388
0.762266
1.05933
0.524868
1.9329
3.91826
36.2733
1.12821
1.1272
-1.75433
-1.56785
-1.38235
-1.14541
-0.230228
-0.207905
-0.00984325
-0.0128193
-5.56781e-05
-0.000167119
-4.7925e-06
1.50078e-06
-3.87879e-08
7.34518e-14
-2.94132e-14
-5.57155e-14
7.95103e-14
1.68212e-14
-4.00063e-14
6.31089e-30
1.44285e-14
-2.73511e-14
-1.2948e-14
-1.22473e-14
-1.15746e-14
4.37225e-14
-3.09469e-14
-9.73003e-15
9.17226e-15
-1.72849e-14
8.1412e-15
-2.29958e-14
2.16479e-14
-2.71638e-14
7.66669e-14
1.57772e-30
-6.78339e-14
-3.18951e-14
9.99592e-15
1.87957e-14
8.83466e-15
-5.81283e-14
1.56111e-14
3.66782e-14
-2.75761e-14
1.29568e-14
2.4351e-14
3.11242e-08
1.102e-06
1.9043e-05
0.000211604
0.00167469
0.00997313
0.0455102
0.161939
0.43395
0.869609
1.12626
0.669986
2.79793
8.57931
43.5036
0.217025
0.183646
-3.43901
-3.17046
-2.18882
-1.88145
-0.307261
-0.341667
-0.00360048
-0.0243814
0.000865681
-0.000589465
1.69495e-05
-1.69893e-06
-3.9997e-10
-7.4719e-14
1.99562e-14
1.8893e-14
1.79626e-14
-2.56318e-14
-4.87346e-14
-7.71314e-15
5.12097e-14
4.15855e-14
-2.62385e-14
1.57772e-30
-1.17206e-14
1.10659e-14
-3.13241e-14
1.96934e-14
-1.85627e-14
-4.37212e-14
1.64719e-14
-3.87716e-14
1.45969e-14
-3.15544e-30
-3.87689e-14
4.8623e-14
1.14327e-14
6.31089e-30
-1.01084e-14
-1.90062e-14
2.68008e-14
8.39669e-15
-7.89238e-15
-2.96694e-14
-1.39415e-14
2.62028e-14
4.92437e-14
5.91066e-08
1.97392e-06
3.22283e-05
0.000338871
0.00254263
0.0143295
0.0618741
0.206773
0.519817
0.962921
1.16423
0.903683
4.09293
14.0425
51.5387
-0.796298
-0.893315
-5.29922
-4.90042
-2.97481
-2.57914
-0.338049
-0.458398
0.010988
-0.0343475
0.00230922
-0.000961683
4.92159e-05
-4.6689e-06
6.29002e-08
-6.52761e-14
3.15544e-30
5.77772e-14
-5.48956e-14
-3.4792e-14
1.65267e-14
7.84251e-15
7.43481e-15
-4.22449e-14
-1.33228e-14
1.25942e-14
3.56887e-14
0
5.29675e-14
0
-1.57772e-30
-3.54753e-14
4.17587e-14
3.93148e-14
1.48011e-14
-1.39279e-14
-1.31031e-14
-3.69719e-14
4.6364e-14
-1.08989e-14
1.57772e-30
-3.85339e-14
1.81117e-14
5.10717e-14
-4.0002e-14
-3.00764e-14
2.82643e-14
-2.65615e-14
-1.24798e-14
1.08976e-07
3.45371e-06
5.36579e-05
0.000536545
0.00382021
0.0203424
0.0826804
0.25788
0.601276
1.01512
1.13664
1.1664
5.81485
20.3031
59.5256
-1.92748
-2.12998
-7.35167
-6.75307
-3.72225
-3.22779
-0.31952
-0.559497
0.0332206
-0.0431872
0.00418494
-0.00130883
9.00058e-05
-7.63463e-06
1.49035e-07
7.7774e-14
-2.07946e-14
0
9.34021e-15
1.26218e-29
8.42549e-15
-5.59445e-14
0
4.30153e-14
-8.13677e-14
-2.56323e-14
2.42066e-14
-1.14226e-14
-5.38709e-14
-1.01572e-14
3.82885e-14
-3.60671e-14
4.24529e-14
-3.19741e-14
-1.50459e-14
1.41568e-14
5.32736e-14
2.50521e-14
-2.35607e-14
0
2.08292e-14
3.91639e-14
-9.20357e-15
-1.73016e-14
0
-2.29246e-14
7.18143e-15
-3.15544e-30
2.53669e-14
2.02821e-07
6.1345e-06
9.05936e-05
0.000857557
0.00576073
0.0288347
0.109734
0.318052
0.683519
1.04988
1.12142
1.65052
8.17423
28.0902
69.6998
-3.19172
-3.55457
-9.61241
-8.71799
-4.41117
-3.81784
-0.249696
-0.647504
0.0622886
-0.0514324
0.00642257
-0.00165618
0.000138128
-1.08207e-05
2.58072e-07
1.13702e-14
2.12933e-14
-3.02093e-14
-9.55598e-15
-9.07328e-15
7.74908e-14
-1.63266e-14
-8.50545e-14
7.31731e-14
0
-1.30741e-14
-3.70335e-14
-1.16484e-14
0
0
-2.92743e-14
1.83832e-14
-2.59631e-14
1.62942e-14
7.66716e-15
-2.88556e-14
-5.42936e-14
-2.55323e-14
1.20052e-14
-3.3866e-14
-2.12272e-14
-9.97801e-15
-3.7518e-14
8.81607e-15
1.65717e-14
1.55742e-14
1.4637e-14
-1.37547e-14
-1.2925e-14
3.82226e-07
1.09101e-05
0.000151836
0.00135344
0.00854975
0.0401089
0.14229
0.380835
0.747581
1.04145
1.13819
2.47935
11.3878
36.8063
80.8033
-4.60996
-5.20301
-12.1021
-10.7822
-5.02126
-4.34371
-0.128505
-0.726089
0.0975226
-0.0596743
0.00898633
-0.0020296
0.000193579
-1.44718e-05
3.9339e-07
-5.8301e-14
5.46268e-14
4.1324e-14
9.79895e-15
-3.71951e-14
-5.29174e-14
8.35834e-15
-3.16562e-14
-2.99478e-14
5.66198e-14
0
0
-9.46633e-30
7.88861e-30
5.29303e-14
1.99486e-14
1.87894e-14
-1.76902e-14
1.26218e-29
-1.56725e-14
2.94894e-14
6.93529e-15
-3.91374e-14
0
1.26218e-29
-3.25382e-14
4.07843e-14
9.58468e-15
9.00916e-15
2.54031e-14
-7.95783e-15
1.49571e-14
7.02818e-15
-2.64175e-14
7.0923e-07
1.91583e-05
0.000252378
0.00212446
0.012615
0.0552516
0.181299
0.442613
0.778889
0.970735
1.18872
3.73897
15.6192
45.3779
88.8188
-6.20442
-7.11598
-14.841
-12.9254
-5.53131
-4.8012
0.0436238
-0.799594
0.138429
-0.0685219
0.011882
-0.00245565
0.000257531
-1.88642e-05
5.62401e-07
-2.39686e-14
4.49473e-14
2.12475e-14
-2.01435e-14
5.73183e-14
3.62257e-14
-1.71589e-14
8.12096e-15
-3.07229e-14
-7.25907e-15
1.37119e-14
-1.29427e-14
1.221e-14
-1.15131e-14
-3.25539e-14
-1.02235e-14
5.7774e-14
-1.81331e-14
4.26659e-14
2.40927e-14
6.04482e-14
-5.68644e-14
4.01122e-14
-1.25734e-14
5.91142e-14
-2.22318e-14
-1.57772e-30
9.82307e-15
6.31089e-30
-6.94264e-14
3.26253e-14
-6.89872e-14
7.2034e-15
-5.41522e-14
1.3415e-06
3.44172e-05
0.000428201
0.00338363
0.01874
0.0759624
0.228211
0.502164
0.783288
0.899289
1.46206
5.81966
21.9119
56.0113
95.2726
-8.0004
-9.33857
-17.8531
-15.1244
-5.92299
-5.19221
0.264876
-0.873376
0.184967
-0.0786751
0.0151702
-0.00296559
0.000332937
-2.43647e-05
7.78506e-07
-2.46923e-14
8.10907e-14
-1.09512e-14
-1.03781e-14
-1.96785e-14
-9.32428e-15
4.73317e-30
5.01347e-14
3.16043e-14
-2.98641e-14
-2.11517e-14
2.66168e-14
-3.76619e-14
4.73317e-30
1.1156e-14
-1.05102e-14
-9.89819e-15
-1.10441e-29
3.15544e-30
4.95313e-14
7.76713e-15
7.30669e-15
2.74905e-14
1.29253e-14
6.31089e-30
3.42816e-14
-6.4457e-14
2.01974e-14
1.89843e-14
3.15544e-30
3.35393e-14
2.36402e-14
-4.44326e-14
-6.95906e-15
2.59864e-06
6.25312e-05
0.000727
0.00534929
0.0274288
0.101977
0.277111
0.541063
0.742516
0.852038
1.96882
8.32015
28.9961
68.1432
102.288
-10.0296
-11.9294
-21.1682
-17.3532
-6.17862
-5.52079
0.533415
-0.953496
0.23766
-0.0908973
0.0189829
-0.00359834
0.000424852
-3.14926e-05
1.06418e-06
2.55015e-14
-1.19732e-14
-2.2636e-14
-6.43351e-14
1.01617e-14
-5.77606e-14
-4.55693e-14
-2.5867e-14
-8.15186e-15
3.08074e-14
5.09074e-14
-2.74531e-14
-3.88429e-14
3.66223e-14
2.30098e-14
2.16776e-14
-9.18719e-14
-9.61068e-15
-2.71407e-14
-2.55414e-14
-4.80627e-14
4.52096e-14
4.25264e-14
1.99967e-14
-1.00277e-13
-7.07123e-14
-4.43173e-14
9.37373e-14
-2.52435e-29
5.52109e-14
-1.72966e-14
-8.12769e-14
7.63829e-15
1.22026e-13
5.00137e-06
0.000112912
0.00122872
0.00840315
0.0396164
0.133374
0.321075
0.541833
0.651442
0.861751
2.83335
11.5956
36.1622
79.0184
108.111
-12.3237
-14.9517
-24.8198
-19.5784
-6.28587
-5.79561
0.847996
-1.04684
0.297799
-0.106156
0.0235455
-0.00440878
0.000541429
-4.10445e-05
1.4564e-06
1.57772e-30
1.24092e-14
9.46633e-30
3.33306e-14
-3.15776e-14
2.99073e-14
4.71794e-14
-2.67764e-14
-6.74982e-14
3.1883e-14
1.50514e-14
-7.10194e-15
8.03845e-14
1.01052e-13
1.19045e-14
-4.48611e-14
-1.05627e-14
4.97255e-14
3.15544e-29
-1.76197e-14
-2.48675e-14
4.67857e-14
-3.66702e-14
-3.78653e-29
-1.29721e-14
1.09774e-13
8.02661e-14
-4.31152e-14
2.02637e-14
-6.66651e-14
-7.16067e-14
-3.36491e-14
1.2649e-13
-3.15544e-29
9.92866e-06
0.000210535
0.00212679
0.0133401
0.0568505
0.16944
0.350884
0.491735
0.48564
0.832638
4.14708
16.3224
42.9473
82.7941
111.443
-14.9229
-18.4846
-28.8527
-21.7652
-6.23536
-6.02699
1.2079
-1.16098
0.367703
-0.125669
0.0292022
-0.00547608
0.000695457
-5.42838e-05
2.0165e-06
0
5.1598e-14
-1.21951e-14
3.46452e-14
4.37537e-14
5.17886e-14
4.90095e-14
-5.56235e-14
3.50507e-14
8.2777e-15
-1.09414e-13
7.37495e-14
1.18256e-13
-5.24679e-14
-1.48346e-13
-2.32932e-14
1.20663e-13
2.06566e-14
-5.83319e-14
-3.65994e-14
1.54955e-13
4.04964e-14
-1.5236e-13
-1.71938e-13
2.96419e-13
2.02702e-13
-2.14406e-13
-1.34366e-13
-1.05255e-14
-1.58293e-13
1.58075e-13
2.97131e-13
-3.15544e-29
-3.31889e-13
2.04631e-05
0.000397925
0.00366643
0.0207873
0.0787627
0.204263
0.358787
0.395092
0.236023
0.851845
6.31644
22.8014
51.5932
85.8154
111.426
-17.856
-22.6146
-33.3208
-23.8718
-6.02985
-6.22954
1.61342
-1.30551
0.451087
-0.151229
0.03651
-0.00692773
0.000907988
-7.33447e-05
2.85142e-06
7.14555e-14
-7.88861e-30
-3.81641e-14
-3.61369e-14
9.1261e-14
2.16008e-14
-7.15371e-14
8.69824e-14
1.09616e-13
-1.98466e-13
-2.44411e-14
2.07577e-13
-2.17549e-14
-3.62374e-13
3.86644e-14
2.79277e-13
8.00554e-14
-2.26142e-13
-1.01372e-13
1.43113e-13
6.28377e-14
-2.28035e-13
-1.27113e-13
4.25886e-13
2.8806e-13
-5.68112e-13
-1.98758e-13
1.98526e-13
-8.78219e-14
1.34145e-13
3.49149e-13
-9.11509e-14
-5.82526e-13
-9.66097e-14
4.06781e-05
0.000729183
0.00612819
0.0310375
0.102836
0.230643
0.345749
0.303878
0.288475
2.14992
9.98246
28.7103
60.367
90.3968
110.151
-21.1483
-27.4559
-38.3058
-25.8574
-5.68229
-6.41349
2.06716
-1.49124
0.553713
-0.185456
0.0463312
-0.00896867
0.00121397
-0.000101931
4.15407e-06
-4.48404e-14
4.22548e-14
-2.66422e-14
7.56786e-14
1.19443e-14
-1.69607e-13
3.20959e-14
1.71998e-13
-2.58187e-13
-1.1743e-13
4.00845e-13
1.6097e-14
-5.23842e-13
-2.14749e-14
5.06014e-13
5.08557e-14
-3.47284e-13
-2.48084e-13
2.33545e-13
4.09643e-13
-2.63245e-13
-4.68788e-13
5.82431e-13
2.81728e-13
-9.93484e-13
-2.83722e-13
7.22175e-13
2.44659e-13
-1.03499e-13
4.54007e-13
-3.04815e-13
-9.26295e-13
3.58994e-14
1.09647e-12
8.83032e-05
0.00144543
0.0108766
0.0490644
0.148598
0.325199
0.543836
0.85798
2.10082
6.13358
14.5915
31.6476
61.2823
91.7941
109.369
-24.7588
-33.1327
-43.9127
-27.671
-5.22619
-6.58271
2.57007
-1.73101
0.683809
-0.232311
0.0600547
-0.0119451
0.00167471
-0.000146824
6.29214e-06
5.49437e-14
7.40403e-15
8.40574e-14
-2.65309e-14
-2.0099e-13
5.94575e-14
4.72549e-13
-1.70239e-13
-5.43052e-13
5.98502e-13
2.42186e-13
-7.2801e-13
-1.51727e-13
1.00903e-12
-1.41955e-14
-7.15608e-13
-2.33089e-13
4.5086e-13
5.36167e-13
-3.36436e-13
-7.1235e-13
5.8643e-13
6.47977e-13
-1.31781e-12
-4.56968e-13
1.6024e-12
2.39687e-13
-7.46825e-13
1.93682e-13
-2.73083e-13
-8.66337e-13
4.32245e-13
1.62498e-12
-3.55156e-14
0.000194122
0.0028233
0.0188057
0.0777154
0.230586
0.535704
1.06641
2.15725
4.58421
8.8401
16.6543
33.0304
58.5233
88.3441
108.291
-28.4947
-39.7976
-50.303
-29.276
-4.7345
-6.71875
3.119
-2.03932
0.85313
-0.298011
0.0799767
-0.0164627
0.00240173
-0.000221016
1.00083e-05
1.65669e-14
1.25153e-13
1.48057e-14
-2.52387e-13
-9.29473e-14
5.2793e-13
-2.25974e-13
-7.42331e-13
6.48513e-13
6.93011e-13
-1.05272e-12
-4.65453e-13
1.35109e-12
2.62779e-13
-1.20853e-12
-1.6269e-13
7.52957e-13
5.52215e-13
-4.37198e-13
-9.23162e-13
3.66345e-13
1.07348e-12
-1.09328e-12
-7.05908e-13
1.81943e-12
3.69927e-13
-1.56522e-12
2.72525e-14
2.36998e-13
-7.16455e-13
6.22552e-13
1.56386e-12
-2.7997e-13
-2.152e-12
0.000431711
0.00602419
0.040123
0.172564
0.536041
1.25768
2.33829
3.68964
5.23903
8.16621
17.1553
34.8849
57.8746
85.1059
104.395
-31.8498
-47.554
-57.6716
-30.6804
-4.34257
-6.74949
3.68973
-2.42498
1.07673
-0.392086
0.109958
-0.0236208
0.00360931
-0.000350952
1.69099e-05
2.63712e-14
-4.98628e-14
-3.3048e-13
-7.45308e-15
6.70563e-13
-1.13598e-13
-1.03701e-12
6.33902e-13
1.08536e-12
-1.15361e-12
-8.27128e-13
1.45669e-12
4.13211e-13
-1.53333e-12
-2.55562e-13
1.02356e-12
5.17599e-13
-5.10161e-13
-7.6151e-13
2.89439e-13
1.32152e-12
-6.59023e-13
-9.11486e-13
1.71661e-12
4.00089e-13
-1.92212e-12
-1.2455e-13
9.619e-13
-2.77139e-13
3.08407e-13
1.07817e-12
-6.60386e-13
-1.94961e-12
2.81559e-13
0.000373253
0.00570708
0.0427846
0.204444
0.679426
1.63601
2.89882
3.7482
4.05064
7.10393
17.7506
34.8973
57.1128
82.3084
98.8196
-34.0904
-56.1959
-66.0947
-32.078
-4.27826
-6.50561
4.20322
-2.87051
1.36808
-0.527961
0.156465
-0.0354701
0.00572939
-0.000594073
3.07798e-05
-9.38988e-15
-2.93292e-13
-5.89376e-14
6.54111e-13
1.51112e-14
-1.13737e-12
3.72307e-13
1.37657e-12
-8.98505e-13
-1.11865e-12
1.39545e-12
7.04664e-13
-1.61078e-12
-4.44789e-13
1.31234e-12
3.07787e-13
-7.28307e-13
-6.42933e-13
4.02636e-13
1.12987e-12
-2.65627e-13
-1.14783e-12
9.76609e-13
6.04452e-13
-1.67605e-12
-1.91819e-13
1.47368e-12
-1.81704e-13
-1.76567e-13
5.77021e-13
-6.21921e-13
-1.28825e-12
5.43247e-13
1.90693e-12
0.000150672
0.00274146
0.0236044
0.125914
0.464845
1.24515
2.43942
3.65708
5.31822
9.50052
17.715
31.879
54.0339
78.6102
93.0712
-35.1891
-64.5808
-75.004
-34.0156
-4.78403
-5.74309
4.47471
-3.27891
1.71969
-0.719365
0.229459
-0.0558269
0.00966558
-0.00108387
6.14102e-05
-1.81951e-13
-4.78974e-14
5.81139e-13
3.44199e-14
-1.07807e-12
1.08112e-13
1.46369e-12
-6.65253e-13
-1.33629e-12
1.11175e-12
1.04077e-12
-1.32202e-12
-5.77219e-13
1.1842e-12
3.77692e-13
-7.79445e-13
-4.36756e-13
3.72684e-13
5.97455e-13
-1.60457e-13
-9.35124e-13
2.63192e-13
5.99419e-13
-8.96446e-13
-1.86751e-13
1.05068e-12
-1.18253e-13
-4.49888e-13
1.44559e-13
-3.4185e-13
-5.44916e-13
4.54172e-13
9.91822e-13
-3.83429e-13
5.60509e-05
0.00114678
0.0106791
0.0622291
0.257567
0.800276
1.94617
3.90655
6.69823
10.1153
15.669
28.1036
49.2325
72.8889
86.2655
-37.4177
-70.2653
-82.6775
-37.0594
-5.71481
-4.48114
4.25322
-3.45616
2.08073
-0.971948
0.343182
-0.0918613
0.0174284
-0.00216942
0.000137308
1.19172e-13
4.40726e-13
7.1096e-14
-8.58349e-13
2.96271e-14
1.12849e-12
-3.75476e-13
-1.16666e-12
4.91469e-13
9.10882e-13
-7.3986e-13
-5.68184e-13
6.95871e-13
3.44598e-13
-4.9769e-13
-2.58121e-13
2.7732e-13
2.2544e-13
-8.96219e-14
-3.74981e-13
4.61988e-14
3.63508e-13
-2.10849e-13
-2.16638e-13
4.81056e-13
-1.47033e-13
-3.44804e-13
1.76447e-13
-1.65568e-14
-1.50204e-13
3.20859e-13
4.56375e-13
-3.38465e-13
-6.31567e-13
2.43957e-05
0.00053877
0.00538456
0.0342168
0.15641
0.545079
1.4977
3.27004
5.71412
8.79414
14.3968
25.7688
44.23
65.8268
78.2643
-44.9084
-70.8364
-86.5507
-40.0904
-6.1765
-3.44175
3.56515
-3.42271
2.43467
-1.32045
0.5413
-0.168119
0.0357009
-0.00468081
0.000289899
2.08727e-13
-9.22393e-15
-6.46006e-13
-5.3632e-14
7.58367e-13
-3.87329e-14
-7.49821e-13
2.14443e-13
6.31282e-13
-3.96642e-13
-4.86892e-13
4.08025e-13
3.07792e-13
-2.51521e-13
-1.48752e-13
1.17306e-13
1.47128e-13
-7.01399e-14
-1.46394e-13
4.25291e-14
2.38964e-13
-2.07281e-14
-1.86484e-13
1.56605e-13
6.83004e-15
-1.72956e-13
1.29199e-13
-1.12765e-14
-7.40727e-14
1.88701e-13
1.58482e-13
-2.66928e-13
-2.21847e-13
2.93167e-13
9.18193e-06
0.000234424
0.00261682
0.0181823
0.0893882
0.331667
0.961192
2.22212
4.28394
7.53886
13.1477
23.0223
38.7804
57.6818
68.6643
-57.4826
-67.2263
-84.1766
-38.988
-5.81349
-2.89749
2.79264
-3.71409
3.23045
-2.12567
0.940357
-0.299031
0.0618896
-0.00776632
0.000455489
-8.20263e-14
-2.36406e-13
-3.59038e-14
4.23336e-13
1.03841e-13
-4.34784e-13
9.10637e-14
3.21086e-13
-1.512e-13
-2.53509e-13
1.59893e-13
1.09647e-13
-1.53236e-13
-1.22493e-13
8.89283e-14
1.7801e-14
-5.82381e-14
-2.59382e-14
-9.70903e-15
2.27256e-15
-1.27709e-14
-9.97153e-14
-2.24299e-14
2.10278e-14
-3.28654e-15
9.5563e-14
-1.1568e-14
-7.86958e-14
1.45158e-13
1.67314e-14
-1.25649e-13
-5.68727e-14
1.02841e-13
7.42809e-14
3.62612e-06
0.00010249
0.00123395
0.00914901
0.0479711
0.190667
0.597088
1.51842
3.25575
6.18353
11.0534
19.4344
32.7734
48.6763
57.7715
-68.5039
-66.7958
-72.5028
-30.9547
-5.90237
0.147409
1.69216
-4.48336
4.16298
-2.80902
1.2007
-0.373564
0.075685
-0.00922824
0.000519466
-6.91181e-14
4.18532e-14
1.75667e-13
6.99581e-14
-2.66794e-13
4.73912e-14
1.53204e-13
-5.06404e-15
-1.69031e-13
1.96215e-14
1.27718e-13
-1.32121e-14
-5.98104e-14
-4.59499e-14
7.66091e-14
2.57684e-14
-5.08597e-14
3.25532e-14
2.81241e-14
2.85289e-14
1.4389e-14
4.81546e-14
-1.98599e-14
-1.69281e-14
-2.22259e-14
-8.6373e-14
-4.75025e-14
2.88425e-14
2.2147e-14
-6.92917e-14
-2.38508e-14
1.24174e-13
1.52904e-14
-9.69142e-14
1.5745e-06
4.80461e-05
0.000623809
0.00498107
0.0280602
0.119133
0.396059
1.06254
2.37784
4.66404
8.58153
15.424
26.2406
38.9875
46.0526
-66.1862
-62.8426
-50.3211
-15.3221
-7.49778
5.11003
0.5666
-4.38094
4.25174
-2.7833
1.13737
-0.335911
0.0649343
-0.00749156
0.000392569
5.53768e-14
2.01316e-15
1.28696e-14
-1.14621e-13
-1.55029e-14
7.71979e-14
-3.43533e-14
-2.69182e-14
4.53999e-14
7.8028e-14
3.92335e-14
-5.66355e-14
4.08761e-14
1.90706e-14
-1.33565e-14
2.21894e-14
-1.55614e-14
1.81989e-14
1.13568e-14
7.01902e-14
1.9925e-15
-4.10792e-14
5.25108e-15
6.31089e-30
-3.07845e-14
-7.21956e-15
-6.77359e-15
-5.84789e-14
-1.0738e-14
-2.23981e-14
6.51838e-14
1.18447e-14
-3.70714e-14
-2.61085e-14
6.21462e-07
2.23194e-05
0.000321936
0.00275632
0.0162847
0.0716674
0.246322
0.685163
1.59714
3.26695
6.20264
11.2938
19.2603
28.5889
33.583
-52.3256
-46.8168
-30.5204
-2.39396
-5.30058
4.38628
0.655863
-3.19654
2.9553
-1.83288
0.714038
-0.196714
0.0350627
-0.00361556
0.000160442
-1.49975e-14
7.79063e-15
-5.51705e-14
3.42864e-14
6.00988e-15
2.35659e-14
-6.53719e-14
-8.31231e-15
-1.1019e-15
2.04796e-14
-9.52777e-15
9.76276e-15
-1.15857e-14
2.54864e-14
-4.11146e-14
-1.21346e-14
-3.78266e-15
-5.19106e-14
1.1044e-14
-2.27539e-14
2.81005e-14
-1.45301e-14
7.23619e-14
7.98268e-15
-1.04819e-14
-9.1307e-15
3.62444e-14
-6.18414e-14
-2.08946e-14
3.70479e-14
4.73317e-30
-3.64951e-14
-1.80353e-14
4.23398e-15
2.00063e-07
9.53383e-06
0.00015739
0.00146075
0.00914653
0.042308
0.152312
0.441745
1.06258
2.19886
4.11902
7.29756
12.155
17.7549
20.5387
-23.3728
-17.3133
-12.706
-0.154677
-2.04703
0.983163
0.895783
-1.64826
1.23408
-0.702462
0.260519
-0.0686768
0.0116124
-0.00108701
3.83944e-05
-1.35436e-14
-1.94127e-14
3.41877e-14
-1.54887e-14
3.0711e-14
-2.56457e-14
6.86658e-15
-7.23062e-15
-1.10064e-14
2.49518e-14
-6.78054e-14
1.34131e-14
-3.75253e-14
-2.14669e-14
4.67867e-14
-2.63045e-14
-6.73457e-14
-3.62571e-14
2.69392e-14
-6.76163e-14
-7.32793e-15
3.41166e-14
-4.56905e-15
6.38783e-14
-4.67628e-14
-1.26807e-14
-3.15144e-14
-6.7901e-14
-1.41619e-15
3.37658e-14
-2.79554e-14
5.17913e-14
6.38117e-14
-2.12829e-14
3.35441e-08
2.94607e-06
6.07387e-05
0.000643552
0.00444556
0.0222509
0.0852417
0.258139
0.631667
1.27833
2.22018
3.48366
5.09789
6.6921
7.12682
19.3526
18.3227
14.2403
2.61741
0.319557
-0.0469773
-0.211701
0.282562
-0.264657
0.159377
-0.0669812
0.0205797
-0.00415619
0.000514261
-3.1517e-05
3.76731e-14
8.78845e-15
-2.19834e-14
-4.65622e-14
-2.00077e-14
-2.1768e-14
6.10244e-15
-1.61193e-14
7.00929e-14
-5.5153e-14
-9.53979e-15
-2.92058e-14
1.14481e-14
1.17916e-14
-2.34065e-14
3.92542e-14
-1.86582e-14
3.04143e-14
-3.05837e-14
4.0496e-14
-2.17481e-14
-1.36611e-14
3.41526e-14
1.48696e-14
-6.43698e-15
5.09922e-14
-2.67571e-14
4.96283e-14
3.52126e-14
-2.08217e-15
-3.2009e-14
-3.41818e-14
4.09276e-15
-9.50708e-15
-2.40132e-08
-4.76023e-07
2.87813e-06
0.000110967
0.00117705
0.00752136
0.0336598
0.111576
0.276993
0.496078
0.538141
-0.0631346
-1.75988
-4.39852
-6.48718
46.7867
46.0536
34.9581
3.03923
3.30199
-0.595515
-1.97359
2.64444
-1.84498
0.988035
-0.363449
0.0984174
-0.0176234
0.00186241
-9.01198e-05
1.9991e-15
4.90071e-14
1.32683e-14
-4.56661e-15
-2.9435e-14
-4.65847e-14
2.5142e-14
2.55237e-14
-2.26653e-14
-6.60878e-14
8.91511e-15
5.73201e-14
-1.62711e-14
2.74844e-14
-1.55402e-14
-8.84242e-15
5.1986e-14
2.87473e-14
-5.59002e-14
3.29644e-14
-3.27039e-14
-1.87319e-14
2.07539e-14
-4.86562e-14
-2.38713e-14
2.96399e-14
-2.534e-14
3.82803e-14
-3.15742e-14
1.12424e-14
7.6759e-15
-3.6935e-14
-6.51333e-14
-7.1488e-15
-7.62757e-08
-2.23423e-06
-2.43342e-05
-0.000146346
-0.000515658
-0.000770807
0.00201275
0.0136487
0.0193569
-0.119436
-0.883108
-3.24275
-8.20752
-15.2115
-20.0569
62.0193
57.2867
55.968
9.76825
6.64169
-1.56421
-2.91969
4.49551
-3.30557
1.82619
-0.682067
0.186407
-0.0334466
0.00349609
-0.000164194
-2.7586e-14
1.78737e-15
1.63252e-14
1.49806e-14
4.13806e-14
1.78277e-14
-2.82761e-14
1.52891e-14
-6.08331e-15
3.58191e-14
5.43997e-14
-1.96225e-14
-4.57559e-15
-5.26797e-14
3.19218e-14
-2.48674e-14
4.65192e-15
9.79511e-15
-8.15153e-15
3.81754e-15
-8.94227e-15
8.38121e-15
-3.14299e-14
-6.779e-14
6.91129e-14
2.85294e-14
2.67695e-14
4.11081e-14
-6.64493e-14
3.21946e-14
-5.6671e-15
-1.41887e-14
7.88861e-31
1.56382e-14
-1.24523e-07
-3.21278e-06
-3.65739e-05
-0.000261402
-0.00133924
-0.00528489
-0.0172738
-0.0524824
-0.170774
-0.607625
-2.07627
-6.04513
-14.1478
-25.5653
-33.3824
59.171
55.5721
71.2796
22.8791
10.6709
-3.58347
-2.62526
5.67946
-4.65875
2.73946
-1.0696
0.304565
-0.0563839
0.00600787
-0.000284894
2.33914e-14
-6.71137e-14
-6.44899e-14
7.69098e-14
-2.9956e-14
2.76524e-14
2.32575e-15
-5.38931e-14
6.00405e-15
3.90735e-14
-2.94435e-14
4.35752e-14
2.7096e-14
1.40523e-14
3.15065e-14
-1.71806e-14
-4.59135e-15
3.00772e-14
-4.02294e-15
3.76803e-15
3.00083e-14
8.60337e-14
-1.55111e-14
-2.76361e-14
-1.36431e-14
-2.5599e-15
-1.92156e-14
-1.57792e-14
4.86619e-14
-5.75945e-14
1.49157e-14
-1.40041e-14
-2.46553e-14
6.63709e-14
-1.64419e-07
-4.01844e-06
-4.62467e-05
-0.00034649
-0.00191989
-0.00843013
-0.0310023
-0.101653
-0.319775
-1.00927
-3.09557
-8.51409
-19.5538
-35.3307
-46.3341
56.1355
57.5074
72.6582
36.7389
15.7685
-5.28026
-0.897011
5.86266
-5.739
3.73737
-1.57217
0.479571
-0.0935994
0.0103604
-0.00050594
6.31089e-30
2.10075e-14
6.38802e-15
-4.97941e-14
-8.08788e-15
-2.48832e-15
6.44549e-14
-3.41369e-14
-4.75371e-14
3.6828e-15
3.08524e-14
1.91657e-14
2.68143e-14
-6.39685e-14
-2.59823e-15
2.67169e-14
2.27179e-15
1.7008e-14
7.96197e-15
-1.86433e-15
-3.84293e-14
3.27441e-14
4.29764e-14
8.63607e-15
-8.10053e-15
2.02653e-14
4.75364e-15
7.80702e-14
-1.25614e-14
-3.93044e-14
4.79691e-14
-8.66111e-15
-3.25296e-14
3.05466e-14
-1.94658e-07
-4.73487e-06
-5.57399e-05
-0.000429726
-0.00244792
-0.0110223
-0.0413523
-0.136647
-0.424347
-1.30001
-3.88043
-10.5487
-24.2819
-44.3296
-58.7337
66.8592
50.8831
62.1073
45.0661
28.4408
-2.774
1.38644
5.42956
-6.45597
4.72642
-2.20502
0.744673
-0.157719
0.0184923
-0.000936914
-3.85169e-15
2.08817e-14
7.88861e-31
-3.48974e-14
1.60558e-14
-2.46955e-14
1.37062e-14
1.27025e-14
3.5376e-14
-1.09622e-14
3.06105e-14
-7.60614e-14
-8.86785e-15
1.65561e-14
7.73321e-15
2.40965e-15
-4.28231e-14
-2.53103e-14
3.94944e-15
-3.32915e-14
-4.159e-14
1.62421e-14
3.04546e-14
8.56788e-15
8.03629e-15
-1.50781e-14
7.07383e-15
2.43412e-14
2.07689e-14
-2.72939e-14
-7.32098e-15
3.78049e-14
3.87238e-14
-4.54543e-14
-2.48775e-07
-5.97063e-06
-7.11219e-05
-0.000559735
-0.0032562
-0.0148926
-0.0561097
-0.18291
-0.548339
-1.60281
-4.61099
-12.341
-28.4515
-52.5555
-70.5719
65.1436
34.5842
51.7854
64.7749
46.2983
2.52253
2.37511
4.82667
-6.43631
5.54472
-3.10228
1.21749
-0.282292
0.0344096
-0.00174365
-2.30666e-14
1.38726e-14
3.79063e-14
5.7889e-14
-3.19535e-14
4.91412e-14
-4.54508e-14
-8.42393e-15
-2.73688e-14
-3.99801e-14
4.05953e-14
1.8913e-14
-6.46795e-14
3.56772e-14
2.05101e-14
4.79312e-15
3.5865e-14
-1.67816e-14
-2.35673e-14
1.1037e-14
3.44698e-15
-3.87683e-14
-5.4518e-14
-2.8402e-14
6.65983e-14
4.9983e-15
9.37972e-15
-2.2006e-14
1.23928e-14
8.53069e-14
-7.28057e-15
3.41771e-14
1.26218e-29
3.91753e-14
-3.25484e-07
-7.51722e-06
-8.7563e-05
-0.000680853
-0.0039368
-0.0179442
-0.0672661
-0.216713
-0.635948
-1.81148
-5.12103
-13.6709
-31.7943
-59.6689
-81.488
50.4824
33.9665
52.4697
69.7251
51.6477
12.4596
0.691335
2.22897
-3.93505
5.71393
-4.30702
1.94552
-0.468298
0.0561116
-0.00271269
2.30771e-14
6.92771e-15
-1.26102e-14
-3.15544e-30
3.71803e-14
9.80099e-15
-6.3449e-14
3.35976e-14
1.16949e-14
3.26137e-14
-6.74558e-14
3.1427e-14
5.86223e-15
-1.09445e-14
3.06717e-14
-1.91141e-14
6.25732e-14
2.92784e-14
-5.87387e-14
-2.56741e-14
1.03091e-14
4.5091e-14
-4.52923e-14
-2.54838e-14
5.31157e-15
9.9661e-15
1.87021e-14
-8.77562e-15
-1.64726e-14
-5.41182e-14
2.54026e-14
-3.40703e-15
5.43852e-14
2.10276e-14
-3.58704e-07
-8.16903e-06
-9.45663e-05
-0.000734316
-0.00425476
-0.0194795
-0.0733822
-0.237023
-0.693298
-1.95664
-5.48602
-14.6456
-34.3653
-65.5971
-91.274
39.8578
36.2138
54.7264
52.8823
50.1032
24.1481
1.04169
-4.17928
1.05858
6.12074
-6.11404
2.9847
-0.703034
0.0797309
-0.0036091
6.94069e-14
3.15544e-30
-5.67482e-14
-1.15458e-14
1.06178e-14
7.88861e-31
-4.52907e-15
2.09843e-14
-1.55825e-14
7.2424e-14
-3.37046e-14
1.26218e-29
1.17165e-14
3.82795e-14
5.10851e-15
9.55075e-15
-4.46658e-15
8.35968e-15
7.04394e-14
-2.56564e-14
1.71705e-14
1.60929e-14
4.82799e-14
3.96144e-14
-3.18475e-14
-9.95916e-15
1.40168e-14
4.38445e-15
-1.64606e-14
-1.93141e-14
-7.25276e-15
-4.4261e-14
-9.59043e-15
-3.00182e-14
-4.44828e-07
-1.00324e-05
-0.000115504
-0.000893781
-0.005163
-0.0235342
-0.0879232
-0.279354
-0.794079
-2.15856
-5.86411
-15.4452
-36.3572
-70.5078
-100.119
33.4826
33.3957
50.4223
44.9448
48.0407
38.4174
8.23018
-12.3738
5.34273
8.50866
-8.3858
4.01514
-0.875398
0.0921709
-0.00392681
3.09851e-14
-2.78073e-14
-4.42211e-14
1.15645e-14
-1.06337e-14
2.45235e-14
3.62865e-14
0
6.24245e-14
-7.25369e-15
7.42679e-14
1.89327e-29
-1.7603e-14
-4.38196e-14
2.55848e-14
-9.56662e-15
-4.02665e-14
4.18688e-15
4.31197e-14
1.26218e-29
6.88011e-15
-3.22418e-14
-2.41818e-14
8.50334e-14
-1.5951e-14
-9.97635e-15
-5.14829e-14
4.39201e-15
4.94692e-14
7.7389e-14
-1.08979e-14
-5.45665e-14
-1.92128e-14
3.60822e-14
-4.88118e-07
-1.09586e-05
-0.000125789
-0.000970582
-0.00558721
-0.0253596
-0.0941704
-0.296344
-0.829953
-2.21584
-5.94703
-15.6737
-37.3064
-73.8334
-107.33
28.0905
27.3318
43.319
47.4489
43.2649
40.5294
18.0129
-10.6702
0.736805
12.7307
-9.83589
4.25162
-0.853175
0.0848286
-0.00342766
2.33811e-14
-7.6799e-14
3.17017e-14
-1.74066e-14
-1.06697e-14
9.84324e-15
1.82068e-14
-4.2182e-14
-2.34946e-14
-5.09649e-14
2.71082e-14
-6.31523e-15
-3.53428e-14
4.94907e-14
-2.05489e-14
4.80241e-14
-4.94123e-14
-1.68152e-14
-4.72303e-14
3.68644e-14
-1.38164e-14
6.47468e-15
-7.89086e-14
-4.73317e-30
-5.33897e-15
-2.00343e-14
4.69948e-15
-1.32306e-14
1.24176e-14
-5.43937e-14
-7.29473e-15
2.05457e-14
3.2153e-14
-4.22685e-14
-5.52178e-07
-1.23136e-05
-0.000140939
-0.00108674
-0.00625538
-0.0283705
-0.105042
-0.328016
-0.903793
-2.35035
-6.13566
-15.9192
-37.8917
-76.2385
-113.466
23.395
21.9372
39.6606
47.872
38.7459
28.5929
17.5223
-1.14018
-5.93326
12.6338
-8.03761
3.09047
-0.608236
0.0578922
-0.00222579
7.06749e-14
4.21325e-14
6.31089e-30
-2.33268e-14
3.21756e-14
-9.89586e-15
3.15544e-30
1.69679e-14
1.26218e-29
2.19703e-14
-2.72704e-14
-6.35357e-15
-3.55597e-14
2.76655e-14
-2.58469e-14
-7.73233e-14
1.35616e-14
1.69225e-14
-5.54555e-14
1.89327e-29
2.08583e-14
1.3033e-14
1.83289e-14
5.72943e-15
-4.29908e-14
1.26218e-29
1.89213e-14
4.43887e-15
1.24988e-14
-7.82154e-15
-4.40557e-14
6.89355e-15
-2.58904e-14
6.0777e-14
-6.37424e-07
-1.41734e-05
-0.000161674
-0.00124207
-0.00712137
-0.0321384
-0.118051
-0.363441
-0.976835
-2.45011
-6.17296
-15.7357
-37.5642
-77.1894
-118.114
19.7867
18.2857
37.7288
42.1053
35.5391
19.1272
10.5354
5.40569
-7.48214
7.63117
-3.9589
1.38658
-0.272272
0.0255335
-0.000960602
-3.16923e-14
7.07253e-14
-1.2832e-14
3.52263e-14
0
-9.96668e-15
1.84425e-14
-8.54855e-15
2.38149e-14
-1.47639e-14
4.12388e-14
-4.48427e-14
2.98816e-14
-1.11601e-14
4.17096e-14
-4.38703e-14
1.82396e-14
-8.53548e-15
2.39759e-14
-5.98883e-14
5.61176e-14
-1.97232e-14
3.69847e-14
-2.31212e-14
-1.08435e-14
5.59504e-14
3.34088e-14
3.15544e-30
-1.68152e-14
-7.89177e-15
1.48172e-14
1.39113e-14
5.22464e-14
-1.22649e-14
-7.1401e-07
-1.59134e-05
-0.000182035
-0.00140072
-0.00802571
-0.036094
-0.131593
-0.399485
-1.04728
-2.5309
-6.13855
-15.3477
-36.7102
-76.9586
-121.086
16.8993
15.6842
34.9105
34.5654
30.4023
15.6127
4.57717
6.72421
-5.1836
3.9987
-1.73765
0.536042
-0.095344
0.00859797
-0.000331499
-1.2805e-13
-5.7053e-14
1.29351e-14
1.18388e-14
-3.26773e-14
4.02246e-14
0
-6.04172e-14
8.01687e-15
-5.21974e-14
1.38882e-14
-3.88404e-14
4.22801e-14
6.31089e-30
-2.10821e-14
3.94248e-14
-5.53253e-14
6.90451e-14
1.61632e-14
-7.57053e-15
4.96575e-14
-6.64889e-15
2.49385e-14
0
-9.46633e-30
-6.68831e-14
9.65513e-15
-3.62425e-14
0
-4.78969e-14
2.24818e-14
-4.22156e-14
-5.94533e-14
-2.48129e-14
-7.82731e-07
-1.72904e-05
-0.000196714
-0.00150951
-0.00863747
-0.0387943
-0.141015
-0.424983
-1.09679
-2.57667
-6.0339
-14.7463
-35.2263
-75.4795
-122.638
14.3515
13.5071
30.8332
28.4632
24.1803
14.1009
1.86721
5.89462
-3.18286
2.13564
-0.799804
0.224923
-0.036838
0.00311908
-0.00011293
-1.26218e-29
-1.15197e-13
-3.91699e-14
7.17241e-14
-2.20077e-14
-3.04923e-14
-1.88223e-14
-8.73094e-15
-2.43377e-14
4.52892e-14
7.03105e-15
-3.93355e-14
1.83547e-14
1.26218e-29
-2.13617e-14
-1.99767e-14
-3.73817e-14
2.62441e-14
-4.91552e-14
6.31089e-30
-2.87678e-14
1.34826e-14
-5.68897e-14
-1.18558e-14
-1.66822e-14
2.08666e-14
-3.15544e-30
9.18813e-15
4.31186e-14
0
-3.03976e-14
4.99435e-14
-2.52435e-29
-6.2906e-15
-9.11592e-07
-2.01019e-05
-0.000227774
-0.00173847
-0.0098903
-0.0441506
-0.159285
-0.474379
-1.19738
-2.70306
-5.99946
-14.0908
-33.4104
-73.1897
-122.58
12.0036
11.4818
26.3518
23.8506
18.8798
12.6775
0.929214
4.67384
-1.93552
1.20954
-0.395738
0.103912
-0.0157169
0.00125892
-4.28457e-05
5.86216e-14
-1.39174e-14
2.63914e-14
-6.04378e-14
2.22685e-14
1.02911e-14
-9.46633e-30
8.84985e-15
-3.15544e-30
-4.73317e-30
0
2.66183e-14
6.21185e-14
-2.32113e-14
3.25453e-14
-6.08799e-14
9.49478e-15
-1.77778e-14
-1.66496e-14
-3.89958e-14
2.92394e-14
-4.11119e-14
1.89327e-29
1.80783e-14
3.39171e-14
0
-5.97221e-14
4.67052e-14
-4.38376e-14
1.64607e-14
-3.09057e-14
3.15544e-30
4.08688e-14
3.19789e-14
-1.00361e-06
-2.21552e-05
-0.000251691
-0.00192362
-0.0109294
-0.0485647
-0.173681
-0.509486
-1.25298
-2.71206
-5.71502
-12.9932
-30.8692
-69.2993
-119.716
9.86516
9.55843
22.166
20.1061
14.9012
11.1207
0.666957
3.60918
-1.17883
0.723974
-0.206991
0.0519182
-0.00723547
0.000553254
-1.76748e-05
-8.24192e-14
5.2142e-14
3.76333e-14
-8.48719e-14
-2.25688e-14
4.17524e-14
-3.15544e-30
-3.59519e-14
1.67191e-14
6.22751e-14
2.90253e-14
-2.03109e-14
-5.05737e-14
3.78653e-29
1.10458e-14
6.19985e-14
1.93418e-14
9.05487e-15
3.15544e-30
1.58954e-14
-5.9589e-14
6.98283e-15
5.23897e-14
-1.2284e-14
-2.3048e-14
3.2437e-14
-1.0146e-14
9.52218e-15
-8.93822e-15
-3.35612e-14
-6.31089e-30
1.47919e-14
6.9441e-15
-6.52067e-15
-1.13034e-06
-2.4642e-05
-0.000277552
-0.00211022
-0.0119497
-0.0529421
-0.18853
-0.54874
-1.32792
-2.78226
-5.56348
-12.0586
-28.2592
-64.591
-115.668
7.94366
7.75046
18.4606
16.8792
11.9023
9.5543
0.62737
2.7776
-0.71306
0.453483
-0.112252
0.0275999
-0.00351885
0.000260001
-7.75643e-06
5.18733e-14
-1.22965e-14
-3.54841e-14
1.25721e-13
-4.4182e-14
3.15544e-30
3.93668e-14
1.82943e-14
-3.78653e-29
2.3795e-14
-3.69857e-14
2.76178e-14
-9.02902e-14
3.61684e-14
-3.78653e-29
4.21995e-14
-1.89327e-29
1.84981e-14
2.59933e-14
-8.11958e-15
1.52212e-14
-2.1408e-14
-2.00768e-14
-2.51095e-14
-1.17785e-14
6.6307e-14
4.73317e-30
9.73426e-15
1.57772e-29
5.14666e-14
-8.05309e-15
2.2683e-14
-2.12979e-14
6.66656e-15
-1.30036e-06
-2.81611e-05
-0.000314912
-0.00237497
-0.0133344
-0.0585637
-0.206442
-0.592523
-1.40151
-2.8197
-5.28627
-10.7927
-25.0746
-58.9045
-110.222
6.22515
6.08215
15.1974
14.019
9.54936
8.06122
0.639508
2.13896
-0.422495
0.294417
-0.0619741
0.0154029
-0.00177086
0.0001285
-3.53831e-06
3.69647e-14
3.50198e-14
-2.24465e-14
6.31089e-30
1.04744e-14
1.01042e-14
9.72645e-15
-9.32875e-15
2.6066e-14
-2.43016e-14
-2.52435e-29
-1.41174e-14
5.27693e-14
-2.20881e-29
-3.46182e-14
-1.08002e-14
1.0113e-14
-1.41995e-29
-1.77494e-14
0
1.55962e-14
1.46253e-14
1.37174e-14
-1.28684e-14
1.20732e-14
-2.26579e-14
3.15544e-30
-3.99181e-14
3.74715e-14
6.31089e-30
4.12839e-14
1.55053e-14
-1.45589e-14
-1.10441e-29
-1.48021e-06
-3.17408e-05
-0.000353138
-0.00265442
-0.0148311
-0.0647003
-0.226155
-0.641154
-1.48398
-2.86659
-5.00792
-9.48283
-21.7629
-52.5662
-103.502
4.68136
4.5582
12.3065
11.4476
7.63111
6.67194
0.642692
1.64268
-0.239664
0.195874
-0.0341099
0.00889963
-0.000901125
6.56431e-05
-1.63407e-06
-3.53251e-14
1.11451e-14
-2.14198e-14
-2.06831e-14
6.9922e-14
-1.92658e-14
-2.78099e-14
9.46633e-30
-2.55817e-14
3.15544e-29
1.54866e-14
-2.89403e-14
-1.35283e-14
-3.15544e-29
2.36851e-14
3.15544e-30
-6.31089e-30
-2.91865e-14
-1.41995e-29
-5.98322e-14
-5.04871e-29
-7.51653e-15
-1.41004e-14
3.96869e-14
-2.48251e-14
1.16488e-14
-6.55981e-14
1.02623e-14
-9.63408e-15
-1.80896e-14
8.49171e-15
0
-3.7436e-14
-5.62484e-14
-1.72604e-06
-3.62467e-05
-0.000396343
-0.00295828
-0.0164832
-0.071562
-0.247911
-0.693146
-1.56667
-2.89647
-4.67398
-8.02957
-18.3059
-45.9929
-95.5527
3.28969
3.17565
9.72863
9.11506
6.02075
5.39092
0.616824
1.2484
-0.125381
0.131799
-0.0182589
0.0052435
-0.000451288
3.39464e-05
-7.37135e-07
3.39362e-14
6.31089e-30
-2.0547e-14
1.09077e-13
1.9149e-14
-4.61528e-14
-8.88e-15
3.40937e-14
8.16371e-15
1.26218e-29
-1.48908e-14
1.41844e-14
-5.39651e-14
6.31089e-30
8.51063e-14
-1.71238e-13
3.20854e-14
4.0093e-14
-6.5769e-14
-1.76201e-14
9.91378e-14
-1.13596e-28
4.3619e-14
-5.45728e-14
2.56054e-14
4.80644e-14
-1.12779e-14
2.11753e-14
-2.98177e-14
9.33163e-15
2.6286e-14
1.64552e-14
-3.86306e-14
-1.45107e-14
-2.06301e-06
-4.27337e-05
-0.000447879
-0.00320932
-0.0174693
-0.0751468
-0.259172
-0.720342
-1.6048
-2.85381
-4.1936
-6.23024
-14.5751
-38.6809
-85.324
2.0327
1.92564
7.42116
6.99055
4.63782
4.21373
0.559727
0.927149
-0.0556141
0.0880172
-0.00913767
0.00307322
-0.000212705
1.70879e-05
-3.02851e-07
1.09197e-14
-3.09461e-14
9.90184e-15
1.91069e-14
-3.6883e-14
8.88645e-15
3.15544e-30
1.64007e-14
1.57034e-14
-1.05042e-13
7.15692e-14
-2.72627e-14
2.59241e-14
1.23097e-14
-5.83821e-14
1.10637e-14
3.14222e-14
7.92512e-14
1.03002e-13
-7.07619e-14
-1.25239e-13
9.46633e-30
1.48598e-14
-1.40078e-14
-1.32008e-14
-9.94869e-14
8.17212e-14
6.57599e-14
2.52435e-29
0
-2.72166e-14
5.96324e-14
6.40001e-14
7.51284e-14
-2.45347e-06
-5.55494e-05
-0.000601351
-0.00423098
-0.0220239
-0.0902938
-0.29829
-0.795922
-1.69331
-2.83028
-3.70127
-4.48895
-10.9934
-30.9498
-75.9382
0.894322
0.796318
5.34753
5.04835
3.4293
3.13243
0.474214
0.658767
-0.0155849
0.0565905
-0.00397126
0.00171314
-8.65069e-05
7.6443e-06
-9.38935e-08
-1.05877e-14
9.99193e-15
3.83426e-14
-9.24465e-15
-8.91909e-15
2.5777e-14
1.65202e-14
-3.16934e-14
-4.55035e-14
1.44896e-14
-1.38171e-14
-1.31547e-14
3.75177e-14
1.18735e-14
4.50417e-14
-1.06677e-14
-6.05873e-14
-5.72952e-14
9.02411e-15
1.02272e-13
3.2179e-14
-4.55342e-14
-6.31089e-30
5.39677e-14
-1.27143e-14
0
-7.89502e-14
-6.37095e-14
6.99682e-14
3.76262e-14
-1.7702e-14
-1.6654e-14
1.26218e-29
-4.42054e-14
-1.41127e-06
-3.90422e-05
-0.000493457
-0.00385235
-0.0211954
-0.0885995
-0.292177
-0.76798
-1.57547
-2.43898
-2.70664
-2.1602
-7.31328
-22.5476
-68.4705
-0.136551
-0.221401
3.48007
3.27151
2.3601
2.13955
0.365762
0.429576
0.00418273
0.0329084
-0.00121478
0.000808703
-2.27823e-05
2.02301e-06
4.50995e-10
-1.03079e-14
2.91562e-14
-1.86356e-14
-5.38917e-14
-2.59865e-14
-5.00488e-14
3.20632e-14
7.68604e-15
2.94172e-14
-1.40463e-14
1.33902e-14
6.37223e-14
-3.63378e-14
-1.14973e-14
1.09008e-14
-6.19459e-14
1.95418e-14
3.69594e-14
-8.73078e-15
2.52435e-29
9.33683e-14
-1.46793e-14
-6.92024e-14
1.30446e-14
8.60357e-14
4.63091e-14
3.27055e-14
8.21087e-14
-4.83e-14
-9.09106e-15
-8.55364e-15
-1.60938e-14
3.02757e-14
-5.69507e-14
-5.60172e-07
-1.8157e-05
-0.000270253
-0.00243771
-0.0150056
-0.0677831
-0.234099
-0.631098
-1.29412
-1.9092
-1.73232
-0.0676353
-4.01078
-14.872
-58.5658
-1.07125
-1.13902
1.7947
1.6448
1.40606
1.22828
0.240065
0.230319
0.00996578
0.0142404
2.33545e-05
0.000167808
4.75679e-06
-1.58253e-06
3.38962e-08
-1.00737e-14
-2.84674e-14
-9.09227e-15
5.25612e-14
3.37785e-14
8.12837e-15
-3.9039e-14
5.98684e-14
-1.43155e-14
-6.83321e-14
1.0419e-13
-2.4784e-14
-9.41948e-14
-2.23468e-14
6.35514e-14
-2.00608e-14
-2.84679e-14
2.69135e-14
-8.4755e-15
-2.40076e-14
2.52435e-29
-1.42456e-14
2.68596e-14
-5.06286e-14
-3.57735e-14
-6.31089e-30
6.31089e-30
9.9551e-15
1.87386e-14
-8.81661e-15
1.89327e-29
1.26218e-29
4.40378e-14
-1.38055e-14
-2.18851e-07
-7.64991e-06
-0.000126607
-0.00129067
-0.00894058
-0.0446844
-0.166188
-0.471822
-0.991192
-1.43971
-1.0766
1.28796
-1.62459
-8.20311
-48.8203
-1.91915
-1.96641
0.271511
0.155476
0.54978
0.392387
0.102411
0.0546172
0.006032
-0.00108327
0.000281781
-0.000316975
1.06033e-05
-4.1094e-06
3.36691e-08
2.96395e-14
-1.85976e-14
-1.78087e-14
-8.57483e-15
2.47854e-14
3.97446e-14
0
-5.84973e-14
-1.39819e-14
5.33707e-14
-6.35545e-14
-2.41808e-14
4.59379e-14
-1.08954e-14
6.19484e-14
6.84274e-14
-1.57772e-30
-6.31089e-30
-2.47688e-14
-4.67661e-14
-4.41221e-14
2.77414e-14
1.30754e-14
6.16055e-14
-5.80362e-14
3.27931e-14
5.14589e-14
-3.87525e-14
-3.64695e-14
2.57366e-14
-3.2284e-14
6.31089e-30
-4.28445e-14
2.68618e-14
-8.63786e-08
-3.21386e-06
-5.69777e-05
-0.000633711
-0.00484238
-0.0268108
-0.108923
-0.33356
-0.733708
-1.08896
-0.722508
1.95139
0.0207024
-1.99627
-40.104
-2.68897
-2.71246
-1.10642
-1.2074
-0.221193
-0.373117
-0.0424512
-0.101812
-0.00459358
-0.0140731
-9.98792e-05
-0.000705937
3.10982e-06
-6.0509e-06
1.41887e-08
-2.91657e-14
2.7429e-14
2.62503e-14
-4.21091e-14
-1.62208e-14
-3.15544e-30
-7.48486e-15
-7.16794e-14
1.37009e-14
9.14862e-14
-2.48924e-14
-2.3669e-14
3.37138e-14
7.46106e-14
-1.00986e-14
-9.46633e-30
-2.7119e-14
-4.27142e-14
8.06775e-15
-1.52306e-14
2.87372e-14
0
3.8312e-14
-6.31089e-30
-2.26677e-14
3.15544e-30
-1.00477e-14
2.83729e-14
-1.78007e-14
-3.34959e-14
-2.36328e-14
-1.482e-14
4.18147e-14
3.93224e-14
-3.41561e-08
-1.35586e-06
-2.55546e-05
-0.000304899
-0.00251249
-0.0152364
-0.067534
-0.226651
-0.534044
-0.839445
-0.57715
2.11226
0.768279
2.49014
-33.0158
-3.38924
-3.3864
-2.35383
-2.45404
-0.916101
-1.07225
-0.190465
-0.241759
-0.0197291
-0.0253414
-0.000899301
-0.00103351
-1.26719e-05
-7.6711e-06
-1.65369e-08
-9.59708e-15
-2.70568e-14
-4.31316e-14
1.65963e-14
-4.79227e-14
4.60621e-14
2.94561e-14
2.81951e-14
1.34673e-14
-5.13655e-14
-2.44485e-14
2.32393e-14
-1.10303e-14
4.18336e-14
-2.97198e-14
-1.87487e-14
-1.77277e-14
-8.37488e-15
-3.95398e-14
2.98512e-14
1.4078e-14
-2.6546e-14
-1.25095e-14
1.17856e-14
-3.33004e-14
1.04519e-14
9.83914e-15
-4.62993e-14
-1.74268e-14
1.63964e-14
3.08474e-14
2.90139e-14
1.36432e-14
6.31089e-30
-1.33855e-08
-5.70799e-07
-1.14088e-05
-0.000146203
-0.00128266
-0.00846331
-0.0404978
-0.150621
-0.387334
-0.684352
-0.60018
1.86469
0.889997
6.36001
-26.2351
-4.02679
-3.9959
-3.48408
-3.59439
-1.54272
-1.70933
-0.338327
-0.367289
-0.0377591
-0.0352722
-0.00196365
-0.0013191
-3.3489e-05
-9.10598e-06
-5.37173e-08
3.15544e-30
1.78481e-14
3.41224e-14
-4.10082e-14
6.31089e-30
0
-2.90667e-14
-4.17138e-14
5.31068e-14
1.26544e-14
-1.20417e-14
1.14419e-14
2.17162e-14
-3.08767e-14
-3.15544e-30
-2.76606e-14
3.15544e-30
1.64678e-14
1.55464e-14
-1.4669e-14
-1.38347e-14
1.57772e-30
3.687e-14
-6.31089e-30
-1.09026e-14
-1.02644e-14
-9.66213e-15
2.72782e-14
-1.71106e-14
-2.41465e-14
1.51418e-14
2.84818e-14
0
0
-5.10377e-09
-2.37779e-07
-4.99256e-06
-6.92347e-05
-0.000639137
-0.00458074
-0.0232683
-0.0949758
-0.26596
-0.511363
-0.594176
1.67921
0.64706
8.80099
-20.2596
-4.60848
-4.54782
-4.50767
-4.63641
-2.10656
-2.28711
-0.483228
-0.479596
-0.0574475
-0.0440707
-0.00318454
-0.00157235
-5.71914e-05
-1.0417e-05
-9.44647e-08
-1.88687e-14
-8.85607e-15
8.46087e-15
2.43904e-14
2.34495e-14
0
3.59566e-14
6.87685e-14
-3.93798e-14
-3.75171e-14
6.31089e-30
-2.25974e-14
-1.07185e-14
-3.15544e-30
-1.92307e-14
9.09454e-15
-1.71894e-14
-1.62344e-14
3.83092e-14
0
4.73317e-30
2.56973e-14
2.42124e-14
-3.42087e-14
4.29505e-14
3.03247e-14
-3.80568e-14
-8.953e-14
5.05402e-14
6.33916e-14
-4.47191e-14
-1.40182e-14
1.31828e-14
-2.47899e-14
-1.82958e-09
-9.91573e-08
-2.14332e-06
-3.32213e-05
-0.000315681
-0.00252646
-0.0132652
-0.0613369
-0.18243
-0.41127
-0.623053
1.2019
0.0534222
10.3497
-15.4786
-5.14143
-5.04967
-5.43561
-5.58941
-2.61294
-2.8088
-0.622958
-0.579625
-0.077849
-0.0518707
-0.00448107
-0.00179874
-8.21879e-05
-1.16335e-05
-1.36708e-07
9.39294e-15
8.81338e-15
-8.41566e-15
8.08187e-15
3.88289e-14
3.7259e-14
2.14095e-14
-1.36416e-14
-5.20534e-14
-1.23924e-14
-4.71311e-14
-3.35627e-14
4.24373e-14
4.01991e-14
-3.80447e-14
-3.59762e-14
7.64843e-14
8.02441e-15
-3.02899e-14
-1.42853e-14
4.73317e-30
-6.31089e-30
1.19576e-14
-2.25233e-14
-3.1811e-14
9.98135e-15
5.63605e-14
1.76776e-14
-2.49461e-14
0
1.26218e-29
-1.38362e-14
-1.30105e-14
2.44653e-14
-5.05099e-10
-3.74917e-08
-8.04281e-07
-1.46725e-05
-0.000142667
-0.00126047
-0.00696033
-0.0341673
-0.113335
-0.23504
-0.533582
1.40933
-0.352809
12.1059
-9.62867
-5.63067
-5.50663
-6.27559
-6.4602
-3.06577
-3.27688
-0.755877
-0.667978
-0.098235
-0.0587266
-0.00579289
-0.00199974
-0.000107338
-1.27577e-05
-1.78996e-07
-3.75055e-14
7.03578e-14
1.67873e-14
-8.05596e-15
1.5472e-14
-1.03865e-13
-1.42021e-14
1.35665e-14
-5.17407e-14
2.46248e-14
2.34034e-14
1.11064e-14
4.2115e-14
-3.15544e-30
9.43313e-15
-1.78352e-14
-3.36978e-14
-6.3619e-14
7.50378e-15
1.41519e-14
8.00475e-14
-1.25711e-14
-9.47309e-14
1.11511e-14
1.04981e-14
-3.15544e-30
3.71916e-14
3.49933e-14
-3.29196e-14
-3.87025e-14
9.46633e-30
8.2148e-14
-2.57464e-14
-2.42056e-14
-1.02869e-10
-1.55856e-08
-2.44101e-07
-7.37155e-06
-5.98238e-05
-0.000695446
-0.00357011
-0.0205236
-0.0703164
-0.153188
-0.453452
1.0587
-0.673101
10.4256
-6.34821
-6.08307
-5.92597
-7.03684
-7.25714
-3.46931
-3.69431
-0.880571
-0.745164
-0.118025
-0.0646875
-0.00707388
-0.00217621
-0.000131789
-1.37857e-05
-2.20318e-07
9.38359e-15
1.26218e-29
-3.35758e-14
3.22057e-14
7.72688e-15
2.22164e-14
-3.54202e-14
-1.35267e-14
2.57813e-14
-1.22643e-14
-1.1651e-14
2.21078e-14
-2.09506e-14
-9.91665e-15
1.87591e-14
-2.65929e-14
-1.67437e-14
5.53147e-14
2.2363e-14
-7.02825e-14
-3.97446e-14
-1.24825e-14
5.87784e-14
-2.21379e-14
1.04199e-14
2.94197e-14
-2.76812e-14
-2.60428e-14
1.63314e-14
2.30397e-14
1.44443e-14
2.20881e-29
-2.55405e-14
-1.20055e-14
-9.94941e-11
6.75739e-10
-3.54251e-08
-2.40929e-06
-1.86401e-05
-0.000314219
-0.00167574
-0.0101321
-0.043846
-0.0493761
-0.39257
1.52148
-1.08974
12.5765
-6.18856
-6.5045
-6.31299
-7.72683
-7.98723
-3.82721
-4.06338
-0.996392
-0.811577
-0.136847
-0.0697653
-0.00829109
-0.0023276
-0.000154894
-1.4706e-05
-2.5984e-07
3.7656e-14
-6.17869e-14
-8.41602e-15
8.06755e-15
7.73734e-15
3.7054e-14
3.54242e-14
3.15544e-30
3.15544e-30
2.44934e-14
-8.14061e-14
-2.2058e-14
4.17916e-14
-2.96638e-14
9.34908e-15
6.31089e-30
2.50217e-14
1.57414e-14
7.42308e-15
2.79921e-14
-1.31885e-14
1.24243e-14
1.17002e-14
-2.20305e-14
-5.18402e-14
9.75651e-15
1.83587e-14
8.6352e-15
0
-3.05536e-14
1.43658e-14
6.31089e-30
-1.26987e-14
2.38758e-14
-3.70841e-10
1.08852e-08
-6.35381e-08
9.75087e-07
-6.52862e-06
-5.464e-06
-0.000808433
0.000380851
-0.0306412
0.109792
-0.396413
2.92443
-2.0214
25.9627
4.18439
-6.8986
-6.67124
-8.35153
-8.65671
-4.14302
-4.38682
-1.10287
-0.867794
-0.15438
-0.0739963
-0.00941915
-0.00245405
-0.000176159
-1.55112e-05
-2.9696e-07
-3.78704e-14
2.66291e-14
2.53782e-14
-6.48333e-14
2.33015e-14
-5.9476e-14
-4.26189e-14
-1.35478e-14
1.28974e-14
4.90357e-14
3.49074e-14
2.20619e-14
-2.0892e-14
3.95322e-14
-1.86854e-14
2.6472e-14
-3.3319e-14
-2.35769e-14
-1.48205e-14
1.26218e-29
-1.31615e-14
-2.47929e-14
-1.16727e-14
3.29643e-14
3.10251e-14
-1.94618e-14
-3.15544e-30
2.58334e-14
-2.42956e-14
3.04636e-14
-1.4322e-14
1.34657e-14
0
0
-1.03359e-09
2.88598e-08
-3.31011e-07
4.84997e-06
-2.51358e-05
0.000308402
-0.00117335
0.0120368
-0.0375596
0.321926
-0.583034
4.97243
-4.20507
35.7588
8.04335
-7.27031
-7.00602
-8.916
-9.27091
-4.41985
-4.66702
-1.19972
-0.914108
-0.170399
-0.0773816
-0.0104379
-0.0025547
-0.000195215
-1.61913e-05
-3.31253e-07
4.77199e-14
-5.36908e-14
1.70484e-14
8.16083e-15
-6.2529e-14
5.23345e-14
1.42774e-14
3.15544e-30
-3.15544e-30
-1.23007e-14
1.16704e-14
-1.10593e-14
-2.09384e-14
-1.9802e-14
9.35715e-15
4.41817e-14
0
2.35976e-14
1.48306e-14
-5.59083e-14
1.31671e-14
2.47987e-14
-1.16737e-14
-3.29632e-14
-5.16999e-14
3.89135e-14
1.57772e-30
-8.60759e-15
2.42834e-14
1.52235e-14
-1.43131e-14
-4.03685e-14
3.79502e-14
1.89327e-29
-2.22857e-09
6.01773e-08
-8.60856e-07
1.11472e-05
-8.05912e-05
0.000767597
-0.00329487
0.0274922
-0.0762106
0.590034
-1.01837
7.32669
-7.07315
43.5015
11.0354
-7.62504
-7.32255
-9.42687
-9.83701
-4.66106
-4.90624
-1.28692
-0.950998
-0.184783
-0.079966
-0.0113386
-0.0026307
-0.000211925
-1.67509e-05
-3.62662e-07
5.7861e-14
4.52143e-14
-8.61036e-15
2.47138e-14
7.88431e-15
-6.02916e-14
2.87657e-14
2.74006e-14
-2.60579e-14
1.23719e-14
-2.3466e-14
-5.55709e-14
1.05174e-14
-9.94366e-15
-1.57772e-30
1.77378e-14
1.67365e-14
0
-3.71925e-14
1.40178e-14
1.32039e-14
3.72977e-14
1.17033e-14
-6.60854e-14
4.14533e-14
-1.94998e-14
-3.66814e-14
-8.62484e-15
4.0551e-14
7.62594e-15
-4.3018e-14
4.04398e-14
1.26712e-14
-3.57311e-14
-4.50416e-09
1.14687e-07
-1.66864e-06
1.96835e-05
-0.000159531
0.00133724
-0.00670955
0.0457536
-0.142632
0.877194
-1.63848
9.45812
-9.68759
48.4872
12.9434
-7.96709
-7.62459
-9.8879
-10.3585
-4.86976
-5.10703
-1.36491
-0.979073
-0.197507
-0.0817909
-0.0121165
-0.0026831
-0.000226187
-1.71907e-05
-3.91064e-07
-6.83659e-14
-4.73317e-30
-4.35916e-14
1.6671e-14
1.59441e-14
-7.61503e-15
-3.63085e-14
6.91294e-14
3.15544e-30
-1.2473e-14
1.18237e-14
1.11956e-14
-2.11817e-14
5.00509e-14
4.72731e-14
-4.46163e-14
-4.20896e-14
-2.38093e-14
7.47931e-15
4.22763e-14
-3.98148e-14
-1.24951e-14
3.52812e-14
3.32029e-14
5.20615e-14
-4.89726e-14
-9.21228e-15
-8.66333e-15
-4.8875e-14
1.26218e-29
3.60005e-14
0
-2.54478e-14
3.15544e-30
-9.19534e-09
2.3248e-07
-3.33766e-06
3.59713e-05
-0.000289947
0.00215839
-0.0114675
0.0677751
-0.232713
1.18936
-2.44343
11.4919
-12.4553
52.7539
13.1826
-8.29893
-7.91461
-10.3038
-10.8407
-5.04959
-5.27213
-1.43429
-0.998997
-0.208574
-0.0829134
-0.012772
-0.00271357
-0.00023804
-1.75223e-05
-4.16702e-07
2.9743e-14
2.7903e-14
-3.15544e-30
-1.69086e-14
-3.23187e-14
2.31371e-14
-3.67491e-14
-4.19568e-14
6.31089e-30
5.04164e-14
0
-7.91314e-14
1.06902e-14
1.0101e-14
3.15544e-30
7.19979e-14
0
-8.00093e-15
0
4.73317e-30
-1.33722e-14
4.73317e-30
-2.36936e-14
-2.22945e-14
-2.09741e-14
1.97266e-14
4.63814e-14
-8.72263e-15
0
1.54209e-14
-4.34896e-14
-4.08785e-14
-2.56154e-14
2.40749e-14
-1.76005e-08
4.48339e-07
-6.52199e-06
6.87185e-05
-0.000551035
0.00377476
-0.0200787
0.10398
-0.371443
1.59532
-3.51039
13.5604
-15.6855
57.1039
12.0314
-8.62411
-8.19676
-10.6762
-11.2863
-5.20304
-5.40333
-1.49529
-1.01123
-0.218
-0.0833907
-0.0133058
-0.00272416
-0.00024757
-1.77596e-05
-4.39866e-07
6.31089e-30
-9.46652e-15
3.60079e-14
1.719e-14
4.10405e-14
1.56588e-14
-7.45643e-15
-7.09016e-15
4.03921e-14
-3.83016e-14
2.41848e-14
0
7.5714e-14
-2.04343e-14
-2.89322e-14
0
0
-1.61717e-14
4.57006e-14
1.43476e-14
5.40321e-14
3.81423e-14
6.31089e-30
-2.25103e-14
-4.23518e-14
1.99152e-14
-1.87281e-14
8.80428e-15
-1.6555e-14
-1.57772e-30
5.12041e-14
1.37507e-14
1.57772e-30
-1.21457e-14
-3.22921e-08
7.92596e-07
-1.11881e-05
0.000114377
-0.000903807
0.00593475
-0.0312871
0.149548
-0.537889
2.03371
-4.61785
15.2913
-18.4657
60.9199
9.61669
-8.94826
-8.47619
-11.0108
-11.7007
-5.33385
-5.50354
-1.54904
-1.01674
-0.225929
-0.0833181
-0.013731
-0.00271866
-0.000255088
-1.79282e-05
-4.61188e-07
1.57772e-30
-6.76033e-14
-4.58999e-14
3.50341e-14
1.67162e-14
-3.98344e-14
7.58254e-15
6.48523e-14
-2.73534e-14
-5.18513e-14
0
1.16081e-14
-4.38806e-14
3.10787e-14
3.91044e-14
-5.53235e-14
4.34607e-14
-4.91478e-14
-3.85765e-14
-7.26499e-15
-4.10321e-14
-6.31089e-30
-3.15544e-30
9.11485e-14
1.07162e-14
-4.03119e-14
9.47597e-15
-2.67285e-14
8.37578e-15
-3.14925e-14
-2.2201e-14
0
3.92221e-14
1.57772e-30
-6.14799e-08
1.47199e-06
-2.00419e-05
0.00019592
-0.00148611
0.00926328
-0.0473032
0.21125
-0.748317
2.5502
-5.85
17.0008
-21.2808
65.25
5.90982
-9.26979
-8.7514
-11.3082
-12.085
-5.44506
-5.57495
-1.59615
-1.01618
-0.23246
-0.0827704
-0.014056
-0.00269987
-0.000260825
-1.80488e-05
-4.81298e-07
-3.1549e-14
9.87586e-15
8.44524e-14
4.4734e-14
-7.67817e-14
-2.4378e-14
-2.31873e-14
-7.34101e-15
6.9632e-15
2.63874e-14
-1.24866e-14
-1.18062e-14
-1.11539e-14
-2.10602e-14
-5.9614e-14
1.57772e-30
-4.4149e-14
6.65526e-14
-4.70088e-14
6.31089e-30
-6.94254e-15
-2.61306e-14
-4.91689e-14
-3.46859e-14
3.2622e-14
-2.04507e-14
1.10441e-29
3.61533e-14
-2.54892e-14
-1.59728e-14
-4.50371e-14
7.05471e-15
2.65185e-14
1.24602e-14
-1.13751e-07
2.6521e-06
-3.50638e-05
0.000331634
-0.00242845
0.0144618
-0.0709041
0.297074
-1.01781
3.16046
-7.19777
18.6794
-24.2865
70.3754
1.20826
-9.59495
-9.02898
-11.5711
-12.4415
-5.53973
-5.62023
-1.63752
-1.01052
-0.237777
-0.0818623
-0.0142966
-0.00267204
-0.000265182
-1.81536e-05
-5.01121e-07
-1.07757e-14
-2.02474e-14
-6.73017e-14
-2.74819e-14
6.98305e-14
8.3085e-15
1.57955e-14
-2.99882e-14
2.13232e-14
-1.34621e-14
5.09428e-14
-2.40751e-14
2.27389e-14
-1.07305e-14
1.01216e-14
9.54269e-15
2.69763e-14
-1.69397e-14
3.19044e-14
7.50842e-15
-2.82668e-14
1.32968e-14
2.50179e-14
1.17642e-14
-1.10634e-14
3.12062e-14
9.7797e-15
-2.75811e-14
5.18506e-14
-4.8735e-14
0
-5.73951e-14
1.34836e-14
-2.5341e-14
-2.12573e-07
4.77526e-06
-6.03925e-05
0.000545959
-0.0038313
0.0218309
-0.102755
0.407697
-1.34323
3.85005
-8.60134
20.3267
-27.2564
76.5535
-4.30909
-9.92342
-9.30848
-11.8014
-12.7729
-5.62116
-5.64155
-1.67416
-1.00053
-0.242041
-0.080681
-0.0144673
-0.00263905
-0.000268541
-1.82727e-05
-5.2169e-07
2.21357e-14
0
2.96263e-14
-5.64163e-14
6.31089e-30
-8.51605e-15
1.61805e-14
1.57772e-30
-4.36427e-14
-1.37709e-14
2.60469e-14
-1.2306e-14
-2.32382e-14
1.09641e-14
2.06786e-14
-1.94925e-14
9.183e-15
-2.59456e-14
8.14205e-15
-6.31089e-30
7.2114e-15
6.78401e-15
-5.10499e-14
-2.40045e-14
-3.38584e-14
-3.18341e-14
1.89327e-29
9.37687e-15
-2.64399e-14
4.96997e-14
4.67071e-14
-1.46307e-14
-6.31089e-30
-3.8757e-14
-4.02124e-07
8.80316e-06
-0.00010734
0.000927475
-0.00618722
0.0333887
-0.14915
0.557896
-1.75287
4.65913
-10.1346
22.1454
-30.5071
84.4276
-10.3294
-10.2563
-9.59223
-12
-13.0794
-5.69251
-5.64164
-1.70702
-0.987256
-0.245442
-0.0793375
-0.0145868
-0.00260531
-0.000271445
-1.84463e-05
-5.44542e-07
2.27924e-14
-2.14326e-14
1.01691e-14
1.93512e-14
-9.20638e-15
-6.12589e-14
8.30889e-15
3.93956e-14
7.46325e-15
-1.4124e-14
0
-1.26142e-14
-3.57194e-14
-2.24654e-14
-2.11815e-14
1.26218e-29
-1.88038e-14
-6.31089e-30
-8.33506e-15
7.84427e-15
-1.47616e-14
-2.77719e-14
3.91782e-14
-1.22806e-14
1.15463e-14
-3.25655e-14
-1.02036e-14
3.83642e-14
-2.70425e-14
-8.47143e-15
4.73317e-30
-7.48077e-15
2.10882e-14
0
-7.50225e-07
1.58855e-05
-0.000186922
0.00155576
-0.00995163
0.0511435
-0.216636
0.762131
-2.26683
5.58552
-11.7606
24.0502
-33.9622
93.9403
-16.592
-10.5968
-9.88386
-12.1693
-13.3635
-5.75708
-5.62335
-1.737
-0.971639
-0.248232
-0.0779528
-0.0146779
-0.00257567
-0.00027446
-1.87191e-05
-5.7136e-07
-3.15544e-30
-2.21345e-14
-3.1495e-14
5.98949e-14
1.89839e-14
3.60688e-14
-2.56701e-14
-3.24411e-14
-2.30371e-14
-1.57772e-30
0
1.29657e-14
3.67094e-14
-3.46228e-14
1.08794e-14
2.05023e-14
2.89671e-14
9.09053e-15
-8.5567e-15
-8.05132e-15
1.51501e-14
-1.42508e-14
1.34007e-14
2.52016e-14
-1.18467e-14
-1.1137e-14
2.09358e-14
-2.95165e-14
1.8493e-14
-1.7379e-14
3.26615e-14
5.37067e-14
-2.88368e-14
6.77357e-15
-1.42735e-06
2.89843e-05
-0.000324559
0.00256935
-0.0156529
0.0765685
-0.308304
1.02382
-2.88235
6.61103
-13.4525
26.1418
-37.1157
102.147
-23.4984
-10.9435
-10.1823
-12.3093
-13.6246
-5.81772
-5.58915
-1.76509
-0.954657
-0.250602
-0.0766293
-0.0147618
-0.00255444
-0.000278186
-1.91349e-05
-6.04222e-07
-2.43536e-14
3.43824e-14
-2.17354e-14
-5.16363e-14
-2.94403e-14
2.79511e-14
4.41834e-14
4.18625e-14
4.75425e-14
7.492e-15
-2.12388e-14
-2.67343e-14
3.78385e-14
1.18929e-14
-6.31089e-30
1.05609e-14
-4.97256e-14
1.87244e-14
1.7624e-14
4.14534e-14
-1.26218e-29
1.46708e-14
2.06931e-14
-2.59418e-14
-4.87727e-14
3.43862e-14
-1.07725e-14
0
-2.85433e-14
8.94062e-14
-3.3604e-14
-4.73626e-14
-7.41646e-15
6.96808e-15
-2.77988e-06
5.47301e-05
-0.000586987
0.0044129
-0.025389
0.116916
-0.443158
1.37943
-3.6557
7.79336
-15.2684
28.5849
-39.7182
103.21
-31.1129
-11.2966
-10.4889
-12.4229
-13.8642
-5.8782
-5.54227
-1.79256
-0.937553
-0.252879
-0.0755059
-0.0148668
-0.00254752
-0.00028343
-1.97629e-05
-6.463e-07
5.05579e-14
-1.19019e-14
4.51294e-14
4.28602e-14
1.26218e-29
-2.89671e-14
-3.66123e-14
-4.33425e-14
-2.46053e-14
6.97718e-14
-1.26218e-29
0
1.30417e-14
-2.45903e-14
-2.31732e-14
1.09145e-14
1.02773e-14
-6.77185e-14
6.37258e-14
-5.99502e-14
-1.61126e-14
9.84886e-14
-2.13699e-14
-6.69692e-14
3.77716e-14
4.73378e-14
-1.11224e-14
1.04525e-14
1.9645e-14
5.53778e-14
-7.80479e-14
8.14812e-15
-3.06208e-14
7.91137e-14
-5.39179e-06
0.000102385
-0.00105309
0.00756714
-0.0413695
0.179671
-0.639505
1.85637
-4.61258
9.11112
-17.1795
31.1895
-42.3677
101.172
-38.0147
-11.6553
-10.8039
-12.5083
-14.0804
-5.94087
-5.48505
-1.82022
-0.921106
-0.255288
-0.0746778
-0.0150191
-0.00255991
-0.000291057
-2.06777e-05
-7.01471e-07
-2.63175e-14
-1.2397e-14
-8.22405e-14
5.57606e-14
-1.05847e-14
0
9.5128e-15
9.00521e-15
-8.51769e-15
-7.24409e-14
-6.84136e-14
1.50642e-13
-6.76595e-14
-1.26218e-29
3.60554e-14
-2.264e-14
4.26287e-14
2.00605e-14
9.43792e-15
-1.50927e-13
7.51528e-14
-4.71125e-14
-2.14097e-13
1.17987e-13
1.50034e-13
-6.13124e-14
-2.30475e-14
-5.41465e-14
-2.0351e-14
-4.78062e-14
-3.59317e-14
5.90782e-14
-2.37865e-14
2.2347e-14
-1.07853e-05
0.000196275
-0.00191305
0.0130137
-0.0673276
0.275634
-0.921915
2.49285
-5.802
10.6255
-19.4338
33.8261
-43.8361
99.3793
-45.9137
-12.0206
-11.1291
-12.5694
-14.2757
-6.00971
-5.42146
-1.84946
-0.906666
-0.258249
-0.074305
-0.0152594
-0.00259969
-0.000302337
-2.19965e-05
-7.75788e-07
-8.24655e-14
-1.29555e-14
-1.22748e-14
-1.16467e-14
-1.10489e-14
1.04742e-13
5.95268e-14
-1.87767e-14
-7.98939e-14
-5.03199e-14
1.42538e-13
-5.22991e-14
-9.86346e-14
1.06248e-13
1.50133e-13
-2.52435e-29
-1.10923e-13
2.0878e-14
-1.66962e-13
1.29336e-13
1.12943e-13
-2.61411e-13
9.98381e-14
4.33161e-13
-2.10342e-13
-2.16813e-13
1.19854e-14
3.37866e-14
5.2908e-14
-1.09364e-13
1.12087e-13
1.75508e-14
-4.1219e-14
-1.08422e-13
-2.23801e-05
0.000394425
-0.00364703
0.0233042
-0.112787
0.428982
-1.3268
3.28439
-6.98375
11.7618
-20.6353
36.2903
-45.1742
96.2547
-53.8663
-12.3897
-11.4628
-12.6046
-14.4474
-6.08696
-5.35387
-1.8814
-0.895252
-0.26208
-0.0745216
-0.0156296
-0.00267513
-0.000318761
-2.38751e-05
-8.77807e-07
-1.26218e-29
-7.88861e-30
6.43544e-14
1.26218e-29
3.4728e-14
4.38793e-14
-5.19298e-14
-7.8608e-14
-9.28866e-15
3.33384e-13
9.93805e-14
-3.43771e-13
1.25229e-13
1.18017e-13
-1.76547e-13
-1.72397e-13
1.39094e-13
-8.72606e-14
1.02617e-13
1.64073e-13
-3.2674e-13
1.02397e-13
6.8988e-13
-4.22211e-13
-5.3856e-13
2.26405e-13
1.93982e-13
5.87954e-14
-6.62913e-14
4.15214e-14
1.26776e-13
-9.16147e-14
-7.74564e-14
-1.21267e-13
-4.68133e-05
0.000805472
-0.00712838
0.0430583
-0.196571
0.701484
-2.02641
4.59031
-8.95779
13.0142
-20.2584
37.2405
-47.695
95.0271
-61.2611
-12.7627
-11.8077
-12.6172
-14.5976
-6.17691
-5.28707
-1.91787
-0.888381
-0.267403
-0.0755474
-0.0161936
-0.00280018
-0.000342756
-2.65704e-05
-1.02179e-06
-4.54855e-14
-7.15448e-15
2.71051e-14
-2.52435e-29
6.08894e-14
-1.15369e-13
-1.63807e-13
-9.29555e-14
5.17359e-13
-1.84361e-14
-7.13407e-13
2.21562e-13
5.10569e-13
-4.00908e-13
-4.11919e-13
2.71488e-13
2.3118e-13
1.14484e-14
1.07694e-13
-3.4436e-13
-6.66608e-14
8.68424e-13
-4.20812e-13
-1.22602e-12
6.24388e-13
5.7976e-13
-1.11577e-13
-1.91167e-13
-5.79367e-14
1.74173e-13
-1.02265e-13
-1.82521e-13
9.92635e-14
1.35622e-13
-9.87985e-05
0.00165255
-0.0139255
0.0778051
-0.322546
1.03712
-2.69883
5.50145
-10.1694
13.7971
-20.9304
37.1543
-48.9541
94.1241
-66.3719
-13.1375
-12.1628
-12.6064
-14.7243
-6.28225
-5.2239
-1.96064
-0.887508
-0.274844
-0.077618
-0.0170305
-0.00299332
-0.000377732
-3.04752e-05
-1.23062e-06
-3.15544e-30
1.5134e-14
-1.43351e-13
2.71745e-14
-5.14965e-14
-2.92599e-13
1.38441e-13
6.87168e-13
-2.33503e-28
-1.23592e-12
1.10193e-13
1.16912e-12
-6.28583e-13
-7.15292e-13
5.14247e-13
6.47789e-13
-1.98929e-13
-2.47536e-13
-2.15786e-13
-1.17487e-13
9.64056e-13
-2.64318e-13
-1.71248e-12
9.58999e-13
1.38705e-12
-6.03761e-13
-5.742e-13
2.59971e-14
3.41918e-13
-8.03015e-14
-3.77166e-13
2.02455e-13
2.66239e-13
8.03827e-14
-0.000219887
0.00359876
-0.0293297
0.154011
-0.574512
1.58295
-3.37274
5.26131
-7.43018
10.3605
-22.0207
42.6059
-53.2438
93.284
-69.7225
-13.512
-12.5284
-12.5742
-14.8277
-6.40766
-5.1704
-2.01264
-0.894764
-0.285407
-0.0811291
-0.0182731
-0.00328557
-0.000429488
-3.62806e-05
-1.54495e-06
1.26218e-29
-1.5287e-13
-1.52401e-14
5.77761e-14
-1.98373e-13
1.61892e-13
7.10718e-13
-1.50588e-13
-1.58665e-12
2.3763e-13
1.94947e-12
-6.8931e-13
-1.46388e-12
1.11792e-12
1.07568e-12
-6.65395e-13
-8.30347e-13
1.85683e-13
2.40868e-13
5.8886e-13
-3.19402e-14
-1.74128e-12
7.33627e-13
2.23618e-12
-1.12125e-12
-1.25637e-12
4.10569e-13
5.57888e-13
-2.58785e-14
-3.76813e-13
2.05518e-13
2.35937e-13
-1.6117e-13
-1.07285e-28
-0.000497595
0.00748733
-0.055136
0.260635
-0.869115
2.06066
-3.72855
4.39482
-3.6955
3.5168
-15.6574
46.1526
-64.0219
90.1813
-72.3941
-13.8865
-12.9086
-12.5193
-14.9062
-6.55718
-5.13074
-2.07708
-0.912693
-0.300489
-0.0866525
-0.0201184
-0.00372797
-0.000507822
-4.52117e-05
-2.03895e-06
-1.36557e-13
4.30353e-14
2.85307e-13
-4.6343e-14
-5.85153e-14
5.0537e-13
-6.54853e-14
-1.59677e-12
1.2858e-13
2.55974e-12
-6.14107e-13
-2.11965e-12
1.14675e-12
1.44596e-12
-1.09072e-12
-1.13467e-12
3.26826e-13
7.14353e-13
1.71303e-13
-1.59881e-13
-1.29417e-12
5.5821e-13
2.11709e-12
-1.2571e-12
-1.91304e-12
1.00658e-12
8.9088e-13
-2.08691e-13
-5.41118e-13
6.11146e-14
3.89668e-13
-1.88088e-13
-1.5122e-13
-2.36436e-13
-0.000432488
0.00593549
-0.0383107
0.15645
-0.45531
0.959352
-1.63776
2.20688
-3.13248
3.51783
-9.92903
41.6595
-68.2748
86.1529
-78.3095
-14.2588
-13.3042
-12.446
-14.9602
-6.73754
-5.11413
-2.16011
-0.945799
-0.322472
-0.0951966
-0.0229218
-0.00441406
-0.000631198
-5.96839e-05
-2.86212e-06
1.46995e-13
3.24571e-13
8.78381e-15
-3.07841e-13
3.07244e-13
1.49085e-14
-1.23345e-12
1.33211e-13
2.50337e-12
-4.84652e-13
-2.66974e-12
1.1538e-12
1.89694e-12
-1.39232e-12
-1.37262e-12
7.67513e-13
1.2233e-12
-2.17816e-13
-5.08037e-13
-5.58034e-13
1.66838e-13
1.68643e-12
-7.8422e-13
-2.10759e-12
1.17428e-12
1.32419e-12
-6.58814e-13
-5.91091e-13
1.23119e-13
4.84838e-13
-3.78855e-13
-1.57365e-13
1.66664e-13
-9.82873e-14
-0.000170701
0.00208863
-0.0107484
0.0281083
-0.0240426
-0.106552
0.540456
-0.833846
-0.538536
5.86338
-15.3139
39.2188
-61.2467
81.642
-83.3644
-14.6373
-13.7289
-12.3441
-14.9812
-6.95525
-5.12984
-2.27037
-1.00049
-0.355252
-0.108556
-0.0273406
-0.0055273
-0.000837986
-8.48356e-05
-4.34303e-06
3.40409e-13
-3.02238e-14
-6.01354e-13
1.35587e-13
1.88233e-13
-8.81696e-13
4.2644e-14
1.87245e-12
-2.8048e-13
-2.56014e-12
8.51965e-13
1.97955e-12
-1.1998e-12
-1.25096e-12
9.00276e-13
1.01252e-12
-2.66734e-13
-7.94746e-13
3.96364e-14
2.9616e-13
6.27728e-13
-2.40356e-13
-1.31036e-12
8.05464e-13
1.1825e-12
-8.02322e-13
-7.05183e-13
3.49156e-13
4.20824e-13
-1.97293e-13
-1.64465e-13
1.92838e-13
-1.08538e-13
7.63802e-14
-6.29134e-05
0.000710067
-0.00275678
-0.00167699
0.0640944
-0.342848
1.20139
-2.88117
4.29594
0.183857
-15.3243
41.69
-61.5219
75.3081
-76.7316
-14.9881
-14.1559
-12.2445
-14.9851
-7.23134
-5.19727
-2.42368
-1.08973
-0.406882
-0.130484
-0.0347851
-0.00747756
-0.00121683
-0.00013319
-7.26768e-06
-2.21755e-13
-6.96664e-13
-7.94369e-14
5.89123e-13
-2.09831e-13
-2.20073e-13
9.77735e-13
-3.68306e-14
-1.52359e-12
3.69323e-13
1.42278e-12
-7.03163e-13
-8.79135e-13
6.44162e-13
6.38335e-13
-2.85588e-13
-6.56207e-13
9.24091e-14
3.45101e-13
3.02279e-14
-6.59359e-14
-5.55065e-13
2.72069e-13
7.94957e-13
-5.34897e-13
-5.722e-13
4.50533e-13
3.09275e-13
-1.7844e-13
-1.56868e-13
1.47128e-13
-2.30014e-14
-1.94216e-13
2.51089e-13
-2.66731e-05
0.000287492
-0.000955967
-0.00323663
0.047195
-0.242969
0.831761
-2.20001
4.2453
-4.10902
-7.10921
37.7884
-75.8748
69.1701
-70.6547
-15.4257
-14.7359
-12.0925
-14.921
-7.54939
-5.34028
-2.65354
-1.24048
-0.493532
-0.169371
-0.0487666
-0.0113616
-0.00199938
-0.000235335
-1.33529e-05
-6.72326e-13
1.66515e-13
7.83104e-13
-1.09273e-13
-3.73391e-13
3.40234e-13
1.33374e-13
-6.87874e-13
1.60971e-14
7.87341e-13
-2.97727e-13
-5.7297e-13
3.70267e-13
3.40482e-13
-1.94187e-13
-3.45976e-13
2.95959e-15
2.54103e-13
6.19056e-14
-1.01248e-13
-1.39753e-13
5.90466e-14
3.86854e-13
-2.5503e-13
-3.73883e-13
3.2759e-13
3.0093e-13
-2.2511e-13
-8.01546e-14
1.25278e-13
-6.11051e-14
-1.01416e-13
1.94446e-13
-3.49387e-14
-9.91671e-06
8.48877e-05
2.52945e-08
-0.00405355
0.0328572
-0.147554
0.44074
-0.978577
1.67672
-1.80652
-3.29328
25.6086
-66.522
64.1461
-84.2382
-15.7373
-15.2094
-11.9632
-14.8604
-8.0569
-5.66402
-3.03503
-1.51591
-0.663502
-0.249737
-0.0780243
-0.0192721
-0.003404
-0.000380479
-2.01625e-05
2.47463e-13
5.49653e-13
-4.85023e-14
-4.3847e-13
7.24436e-15
2.14902e-13
-2.27133e-13
-9.18409e-14
3.84754e-13
-5.21217e-14
-3.15801e-13
2.07398e-13
1.43507e-13
-7.37495e-14
-7.51993e-14
-1.31017e-13
1.59149e-13
8.75501e-14
-1.33836e-13
-4.40181e-14
-4.33336e-15
9.32601e-14
-7.59124e-14
-1.84825e-13
1.29852e-13
2.21513e-13
-1.63761e-13
-2.00133e-13
1.31103e-13
9.16157e-14
-4.74937e-14
7.00154e-14
2.78709e-14
-1.04615e-13
-3.84047e-06
2.61716e-05
0.000110035
-0.00248407
0.0176588
-0.0755459
0.208878
-0.343274
0.109569
1.40496
-5.07887
19.256
-43.6261
52.2948
-92.9357
-16.117
-15.7985
-11.694
-14.6138
-8.52059
-6.15095
-3.69087
-2.03375
-0.977282
-0.376804
-0.114294
-0.0264252
-0.00439264
-0.000460927
-2.31114e-05
3.07563e-13
-6.99336e-14
-3.48526e-13
1.52146e-14
2.59656e-13
-3.16472e-15
-1.1611e-13
8.5459e-14
5.91208e-14
-1.00192e-13
1.0757e-13
7.82677e-15
-3.09056e-14
3.04424e-14
-1.26006e-14
2.93674e-14
6.30257e-14
-6.39673e-14
-5.02059e-14
6.70539e-14
1.89327e-29
-5.87003e-15
-1.20902e-13
3.08813e-14
1.1894e-13
-1.38575e-13
-6.21248e-14
1.35023e-13
-4.71726e-14
-4.89024e-14
2.83986e-14
6.14848e-15
-8.07711e-14
5.41414e-15
-1.61196e-06
8.53907e-06
7.75492e-05
-0.00125764
0.0084863
-0.03566
0.0952133
-0.115304
-0.284811
2.25159
-6.35472
17.8103
-31.8445
38.6797
-64.1465
-16.8133
-17.595
-11.959
-14.4727
-9.49822
-7.2262
-4.60233
-2.48352
-1.10162
-0.398006
-0.114496
-0.0252899
-0.00399415
-0.000398148
-1.92053e-05
-5.47392e-14
-1.82827e-13
4.82737e-14
1.00372e-13
-2.49535e-14
-3.65363e-14
-4.75265e-14
8.75264e-14
-6.65313e-14
-8.79198e-15
-1.0184e-14
4.34829e-14
1.75729e-15
-3.43436e-14
9.14135e-15
9.09239e-14
-9.28124e-15
-8.42062e-14
1.15727e-15
5.19418e-14
3.03723e-14
3.79027e-15
3.54899e-14
7.47926e-14
-1.5573e-14
-1.40114e-13
3.01004e-14
8.46707e-14
-1.44374e-14
-3.15985e-14
-1.0587e-14
-2.58263e-14
2.05067e-14
6.2984e-14
-6.17667e-07
3.77818e-07
7.32161e-05
-0.000778025
0.00437259
-0.0154996
0.0309018
0.0132118
-0.385182
1.95164
-5.44827
14.5341
-25.2578
29.4702
-44.7244
-17.2776
-14.5912
-6.96313
-10.0192
-7.53155
-5.67165
-3.34996
-1.64675
-0.667925
-0.220291
-0.0584417
-0.0121906
-0.00189357
-0.000194617
-1.01962e-05
-5.49897e-14
3.64631e-14
1.16248e-14
-8.79958e-15
-3.05114e-14
1.47106e-14
-2.70399e-15
4.48455e-14
-3.68179e-14
-4.25933e-15
7.89813e-15
-2.93357e-14
1.1933e-14
-7.30008e-14
9.61197e-15
5.37942e-14
-9.14176e-14
1.20274e-15
5.6209e-15
-3.67973e-14
-2.45937e-14
-4.42013e-14
5.86385e-14
-2.82722e-14
-6.96382e-14
4.82432e-14
-4.6559e-15
-6.2369e-14
2.57378e-14
5.15786e-14
-7.10397e-14
-4.34719e-14
2.8103e-14
1.44636e-14
-1.94453e-07
-2.06374e-06
5.58385e-05
-0.000465942
0.00211479
-0.00489615
-0.00354163
0.0846296
-0.422728
1.54042
-3.90387
9.78384
-17.1228
20.6178
-36.5236
-15.6054
-7.56122
0.179023
-1.94619
-2.46802
-2.30481
-1.32085
-0.476185
-0.0858913
0.00814911
0.00929866
0.00237335
0.000259975
8.51845e-07
-1.6458e-06
-1.90567e-14
5.90996e-14
5.99923e-14
-2.13073e-14
-1.79058e-14
-3.6041e-14
4.75809e-14
-4.74982e-14
2.85149e-14
2.89899e-14
-3.36105e-14
-1.20421e-14
1.41034e-14
-1.35191e-14
2.34019e-14
-5.47492e-14
1.00349e-14
2.98843e-14
1.75289e-14
1.71645e-14
2.58922e-14
-1.61595e-14
2.48018e-14
-2.7174e-14
8.48838e-15
1.41836e-14
-2.59472e-15
-1.36868e-14
2.31077e-14
-1.15074e-14
4.56967e-14
-1.17802e-14
-2.1889e-14
-3.77672e-14
-3.18996e-08
-1.65598e-06
2.49076e-05
-0.000138702
0.000156598
0.00306605
-0.0265078
0.127623
-0.435421
1.22309
-2.57442
5.37063
-8.40432
9.84061
-20.5174
