0.999956
1.00087
1.00258
1.00505
1.00828
1.01226
1.017
1.0225
1.0288
1.03593
1.04394
1.05297
1.06354
1.07657
1.09252
1.11128
1.13272
1.15683
1.18364
1.21323
1.24569
1.28118
1.31982
1.36178
1.40723
1.45636
1.50934
1.56641
1.62778
1.6937
1.76444
1.84025
1.92145
2.00834
2.10127
2.2006
2.30673
2.42005
2.54101
2.67009
2.80778
2.95463
3.11119
3.2781
3.45597
3.64553
3.8475
4.06267
4.29188
4.53603
4.79605
5.07299
5.36791
5.68198
6.01641
6.37252
6.75172
7.15549
7.58541
8.04317
8.53059
9.04957
9.60217
10.1906
0.998762
0.999693
1.0014
1.00387
1.00708
1.01103
1.01575
1.02123
1.0275
1.03458
1.04255
1.05153
1.06205
1.07503
1.09094
1.10964
1.13104
1.1551
1.18186
1.21138
1.24378
1.27919
1.31775
1.35962
1.40497
1.45398
1.50685
1.56378
1.62502
1.69079
1.76136
1.837
1.91801
2.0047
2.09741
2.19651
2.30238
2.41544
2.53611
2.66488
2.80225
2.94874
3.10494
3.27144
3.44889
3.638
3.83948
4.05414
4.2828
4.52635
4.78576
5.06203
5.35624
5.66955
6.00317
6.35843
6.73671
7.1395
7.56838
8.02504
8.51127
9.029
9.58026
10.1672
0.996376
0.99733
0.999039
1.00149
1.00468
1.0086
1.01327
1.01869
1.02489
1.0319
1.03977
1.04866
1.05906
1.07194
1.08776
1.10638
1.12769
1.15165
1.17829
1.20769
1.23995
1.27521
1.3136
1.35529
1.40044
1.44923
1.50185
1.55853
1.61949
1.68495
1.75519
1.83048
1.91111
1.9974
2.08968
2.1883
2.29367
2.40619
2.5263
2.65445
2.79116
2.93696
3.09241
3.25811
3.43472
3.62291
3.82343
4.03705
4.26461
4.50699
4.76515
5.04009
5.33288
5.64468
5.97669
6.33023
6.70669
7.10753
7.53434
7.98878
8.47267
8.98788
9.53647
10.1206
0.992798
0.993779
0.99549
0.997922
1.00107
1.00494
1.00954
1.01489
1.02099
1.02788
1.03562
1.04436
1.05461
1.06733
1.08302
1.10151
1.12268
1.14648
1.17295
1.20217
1.23423
1.26926
1.3074
1.34881
1.39365
1.44211
1.49438
1.55067
1.6112
1.67621
1.74596
1.82072
1.90078
1.98646
2.07808
2.17601
2.28063
2.39234
2.51159
2.63883
2.77456
2.9193
3.07363
3.23814
3.41347
3.60031
3.79938
4.01146
4.23737
4.47799
4.73428
5.00723
5.2979
5.60743
5.93703
6.288
6.66172
7.05965
7.48336
7.93449
8.41486
8.92633
9.47092
10.0508
0.988033
0.989042
0.990754
0.993162
0.996266
1.00007
1.00459
1.00982
1.01579
1.02253
1.0301
1.03865
1.0487
1.06123
1.07673
1.09504
1.11602
1.13963
1.16588
1.19484
1.22663
1.26135
1.29915
1.34019
1.38464
1.43266
1.48445
1.54022
1.60019
1.6646
1.73369
1.80775
1.88705
1.97191
2.06267
2.15966
2.26328
2.37392
2.49203
2.61805
2.75247
2.89582
3.04866
3.21158
3.38521
3.57024
3.76739
3.97741
4.20113
4.43942
4.69323
4.96352
5.25137
5.55789
5.88429
6.23185
6.60193
6.99599
7.41557
7.86231
8.33799
8.84448
9.38376
9.95798
0.982092
0.983128
0.984837
0.987216
0.990266
0.993992
0.998403
1.00351
1.00933
1.01589
1.02325
1.03157
1.04137
1.05366
1.06893
1.08702
1.10777
1.13112
1.15709
1.18574
1.21718
1.25152
1.2889
1.32948
1.37342
1.42089
1.47209
1.52722
1.58648
1.65013
1.71841
1.79159
1.86995
1.9538
2.04347
2.1393
2.24168
2.35099
2.46766
2.59216
2.72495
2.86657
3.01755
3.17849
3.35002
3.53279
3.72753
3.935
4.15599
4.39138
4.64208
4.90908
5.19341
5.49618
5.81859
6.1619
6.52745
6.91668
7.33113
7.7724
8.24225
8.74253
9.27521
9.84238
0.974989
0.976048
0.97775
0.980092
0.983078
0.986713
0.991004
0.995963
1.00161
1.00797
1.01509
1.02314
1.03265
1.04466
1.05966
1.07748
1.09795
1.121
1.14663
1.1749
1.20593
1.23981
1.27669
1.31671
1.36005
1.40686
1.45734
1.51169
1.57012
1.63287
1.70017
1.7723
1.84953
1.93217
2.02054
2.11498
2.21586
2.32358
2.43856
2.56122
2.69208
2.83162
2.98038
3.13896
3.30796
3.48805
3.67992
3.88433
4.10206
4.33397
4.58097
4.84402
5.12415
5.42245
5.74009
6.07832
6.43846
6.82193
7.23023
7.66498
8.12787
8.62073
9.14551
9.70428
0.966741
0.967818
0.969508
0.971807
0.97472
0.978252
0.982411
0.987207
0.992657
0.998788
1.00565
1.0134
1.02259
1.03427
1.04896
1.06647
1.08661
1.1093
1.13453
1.16237
1.19291
1.22626
1.26255
1.30193
1.34456
1.39061
1.44026
1.4937
1.55116
1.61285
1.67902
1.74993
1.82585
1.90708
1.99394
2.08676
2.18592
2.29179
2.40478
2.52533
2.65393
2.79105
2.93724
3.09308
3.25915
3.43611
3.62466
3.82551
4.03946
4.26734
4.51004
4.76851
5.04376
5.33687
5.64898
5.98131
6.33518
6.71196
7.11314
7.5403
7.99511
8.47938
8.995
9.54401
0.957367
0.958458
0.960128
0.962378
0.965209
0.968629
0.972643
0.977262
0.982503
0.988388
0.994971
1.0024
1.01124
1.02255
1.03689
1.05404
1.07381
1.09608
1.12086
1.1482
1.17818
1.21091
1.24654
1.28518
1.327
1.37218
1.42088
1.4733
1.52964
1.59014
1.65501
1.72453
1.79896
1.87859
1.96373
2.05472
2.15191
2.25567
2.36641
2.48457
2.61059
2.74497
2.88824
3.04096
3.2037
3.37712
3.56187
3.75869
3.96835
4.19165
4.42947
4.68274
4.95245
5.23966
5.54548
5.87112
6.21785
6.58704
6.98013
7.39867
7.84432
8.31881
8.82402
9.36195
0.94689
0.947988
0.949634
0.951827
0.954569
0.957867
0.961727
0.966158
0.971174
0.976799
0.983085
0.990178
0.998636
1.00956
1.0235
1.04025
1.05959
1.0814
1.10567
1.13244
1.16179
1.19383
1.2287
1.26652
1.30744
1.35164
1.39927
1.45054
1.50564
1.56479
1.62822
1.69619
1.76895
1.84679
1.93001
2.01894
2.11392
2.21533
2.32356
2.43903
2.56218
2.6935
2.8335
2.98273
3.14175
3.3112
3.49173
3.68404
3.88889
4.10707
4.33944
4.5869
4.85043
5.13104
5.42983
5.74799
6.08676
6.44746
6.83152
7.24044
7.67583
8.1394
8.63299
9.15854
0.935334
0.936435
0.93805
0.94018
0.942826
0.945995
0.949692
0.953926
0.958709
0.964062
0.970037
0.976775
0.984836
0.995333
1.00884
1.02514
1.04401
1.06531
1.08901
1.11515
1.1438
1.17508
1.20911
1.24601
1.28594
1.32904
1.3755
1.42549
1.47921
1.53688
1.59872
1.66497
1.73588
1.81174
1.89284
1.97951
2.07207
2.17088
2.27633
2.38883
2.50882
2.63676
2.77315
2.91853
3.07345
3.23852
3.41439
3.60173
3.80128
4.01382
4.24018
4.48123
4.73793
5.01127
5.30232
5.61224
5.94222
6.29357
6.66766
7.06597
7.49006
7.9416
8.42238
8.93427
0.922728
0.923825
0.925404
0.927464
0.930009
0.933042
0.93657
0.9406
0.945142
0.950217
0.955872
0.962248
0.969898
0.979945
0.992986
1.0088
1.02714
1.04787
1.07094
1.09639
1.12428
1.15472
1.18783
1.22372
1.26255
1.30446
1.34963
1.39823
1.45044
1.50649
1.56658
1.63095
1.69985
1.77355
1.85234
1.93653
2.02643
2.12241
2.22483
2.33409
2.45063
2.57488
2.70734
2.84852
2.99896
3.15926
3.33004
3.51196
3.70574
3.91212
4.13192
4.36598
4.61523
4.88064
5.16326
5.46417
5.78457
6.12572
6.48895
6.87569
7.28745
7.72588
8.19268
8.68969
0.909102
0.910191
0.911727
0.913713
0.91615
0.919043
0.922397
0.926217
0.930515
0.935307
0.940639
0.946647
0.953876
0.963452
0.975991
0.991278
1.00905
1.02916
1.05154
1.07623
1.10329
1.13282
1.16492
1.19972
1.23736
1.27797
1.32174
1.36882
1.41941
1.4737
1.5319
1.59423
1.66095
1.73232
1.8086
1.8901
1.97713
2.07004
2.16919
2.27495
2.38775
2.50802
2.63622
2.77286
2.91847
3.07361
3.23889
3.41495
3.60248
3.80221
4.01491
4.24143
4.48263
4.73948
5.01297
5.30416
5.61421
5.94433
6.29582
6.67005
7.06851
7.49275
7.94445
8.42538
0.894488
0.895563
0.897053
0.898959
0.901285
0.904034
0.90721
0.910819
0.914869
0.919376
0.924384
0.930024
0.936827
0.945915
0.957922
0.972641
0.989803
1.00923
1.03087
1.05474
1.0809
1.10944
1.14045
1.17407
1.21043
1.24966
1.29191
1.33736
1.38619
1.43859
1.49475
1.55491
1.61928
1.68813
1.76172
1.84035
1.9243
2.01392
2.10955
2.21156
2.32034
2.43633
2.55997
2.69174
2.83216
2.98177
3.14115
3.31093
3.49176
3.68435
3.88946
4.10787
4.34045
4.58811
4.85181
5.13258
5.43153
5.74983
6.08873
6.44956
6.83374
7.24278
7.67828
8.14197
0.878922
0.879978
0.881416
0.883239
0.88545
0.888053
0.89105
0.894446
0.898248
0.902472
0.907158
0.912431
0.918806
0.927394
0.938842
0.952956
0.969458
0.988164
1.009
1.03199
1.05718
1.08465
1.11451
1.14686
1.18184
1.21958
1.26022
1.30393
1.35089
1.40126
1.45526
1.51307
1.57495
1.64112
1.71184
1.78739
1.86806
1.95417
2.04605
2.14406
2.24857
2.36
2.47877
2.60536
2.74025
2.88396
3.03706
3.20014
3.37384
3.55883
3.75584
3.96563
4.18902
4.42689
4.68017
4.94984
5.23697
5.54269
5.86818
6.21473
6.58371
6.97656
7.39483
7.84016
0.862442
0.863473
0.864856
0.866593
0.868687
0.871141
0.873958
0.877142
0.880698
0.884641
0.889008
0.893919
0.899869
0.907948
0.918815
0.932288
0.948087
0.966019
0.986004
1.00805
1.0322
1.05854
1.08716
1.11816
1.15167
1.18782
1.22676
1.26862
1.31358
1.36181
1.41349
1.46884
1.52806
1.59139
1.65907
1.73136
1.80856
1.89095
1.97885
2.07262
2.1726
2.27921
2.39283
2.51392
2.64296
2.78043
2.92687
3.08287
3.24901
3.42595
3.61439
3.81504
4.02871
4.25622
4.49847
4.75639
5.03101
5.3234
5.6347
5.96614
6.31903
6.69474
7.09476
7.52067
0.845087
0.846089
0.847412
0.84906
0.851035
0.853341
0.855978
0.858951
0.862264
0.865931
0.869986
0.874541
0.88007
0.887635
0.8979
0.910701
0.925756
0.942865
0.961943
0.982984
1.00604
1.03117
1.05848
1.08805
1.12001
1.15449
1.19161
1.23151
1.27437
1.32033
1.36958
1.42232
1.47874
1.53907
1.60354
1.6724
1.74593
1.8244
1.90811
1.99741
2.09263
2.19414
2.30234
2.41765
2.54051
2.6714
2.81084
2.95937
3.11756
3.28602
3.46543
3.65648
3.8599
4.0765
4.30713
4.55269
4.81413
5.09249
5.38885
5.70438
6.04033
6.398
6.77881
7.18426
0.8269
0.827868
0.829128
0.830685
0.83254
0.834696
0.837155
0.83992
0.842995
0.84639
0.850139
0.854348
0.859463
0.866514
0.87616
0.888258
0.90253
0.91877
0.936887
0.956871
0.978762
1.00263
1.02854
1.05661
1.08694
1.11965
1.15486
1.19271
1.23334
1.27693
1.32362
1.37362
1.4271
1.48428
1.54539
1.61065
1.68032
1.75468
1.834
1.91861
2.00883
2.10501
2.20752
2.31676
2.43316
2.55716
2.68925
2.82995
2.9798
3.13939
3.30934
3.4903
3.683
3.88817
4.10663
4.33922
4.58686
4.85052
5.13122
5.43008
5.74828
6.08705
6.44773
6.83174
0.807923
0.808854
0.810048
0.811511
0.813246
0.815254
0.817536
0.820096
0.822936
0.826067
0.829519
0.83339
0.838101
0.844637
0.853651
0.86502
0.878473
0.8938
0.910906
0.929777
0.950446
0.972973
0.997438
1.02393
1.05254
1.0834
1.11661
1.1523
1.19062
1.23171
1.27573
1.32286
1.37327
1.42716
1.48475
1.54625
1.6119
1.68196
1.7567
1.83642
1.92142
2.01203
2.1086
2.2115
2.32115
2.43796
2.56239
2.69493
2.83608
2.9864
3.14647
3.31692
3.49842
3.69167
3.89743
4.1165
4.34973
4.59806
4.86243
5.14391
5.44358
5.76263
6.10232
6.46397
0.788203
0.789092
0.790219
0.791587
0.7932
0.795061
0.797169
0.799528
0.802139
0.805012
0.808175
0.811717
0.816035
0.82206
0.830431
0.841048
0.853646
0.868019
0.884067
0.901772
0.921162
0.942293
0.965236
0.990076
1.0169
1.04582
1.07695
1.1104
1.1463
1.18479
1.22603
1.27017
1.31738
1.36785
1.42177
1.47936
1.54083
1.60642
1.67639
1.75102
1.83059
1.91541
2.0058
2.10213
2.20476
2.3141
2.43056
2.55461
2.68672
2.82741
2.97723
3.13676
3.30662
3.48747
3.68003
3.88505
4.10333
4.33571
4.58312
4.84653
5.12697
5.42554
5.74341
6.08183
0.767788
0.768632
0.769688
0.77096
0.772452
0.774167
0.776104
0.778265
0.780652
0.783274
0.786156
0.789381
0.793314
0.798833
0.806555
0.816397
0.82811
0.84149
0.856435
0.872925
0.890982
0.910658
0.932017
0.955137
0.980105
1.00702
1.03597
1.06709
1.10048
1.13628
1.17462
1.21566
1.25956
1.30648
1.3566
1.41013
1.46726
1.52823
1.59326
1.66262
1.73656
1.81539
1.89939
1.9889
2.08427
2.18586
2.29408
2.40934
2.53209
2.66281
2.80201
2.95023
3.10804
3.27607
3.45497
3.64544
3.84823
4.06412
4.29397
4.53868
4.79921
5.07657
5.37187
5.68625
0.746726
0.747521
0.748504
0.749679
0.751051
0.752621
0.754389
0.756356
0.758525
0.760903
0.763512
0.766429
0.769989
0.775008
0.782075
0.791125
0.801924
0.814274
0.828075
0.843302
0.859976
0.878142
0.897858
0.919197
0.942237
0.967066
0.993779
1.02248
1.05327
1.08628
1.12164
1.15947
1.19994
1.24319
1.2894
1.33873
1.39139
1.44758
1.50751
1.57142
1.63957
1.7122
1.7896
1.87208
1.95995
2.05356
2.15327
2.25946
2.37255
2.49298
2.62123
2.75778
2.90316
3.05796
3.22277
3.39824
3.58505
3.78394
3.99567
4.22109
4.46107
4.71657
4.98858
5.27817
0.725069
0.725812
0.726719
0.727797
0.729048
0.730474
0.732075
0.733853
0.735808
0.737948
0.740293
0.742912
0.746108
0.750634
0.757042
0.765285
0.775144
0.78643
0.799048
0.81297
0.828213
0.844817
0.862836
0.882334
0.903383
0.926062
0.950459
0.976666
1.00479
1.03492
1.0672
1.10174
1.13867
1.17815
1.22031
1.26533
1.31338
1.36465
1.41934
1.47765
1.53982
1.60609
1.6767
1.75195
1.83211
1.9175
2.00846
2.10533
2.20849
2.31834
2.43532
2.55987
2.69248
2.83368
2.984
3.14404
3.31442
3.49582
3.68893
3.89452
4.11339
4.3464
4.59447
4.85857
0.702869
0.703556
0.704386
0.705365
0.706496
0.707779
0.709216
0.710807
0.712554
0.714461
0.716549
0.718878
0.721721
0.72576
0.731508
0.738928
0.747824
0.758017
0.769416
0.781993
0.795762
0.810757
0.827027
0.84463
0.863631
0.884099
0.906115
0.929761
0.955129
0.982316
1.01143
1.04258
1.07589
1.11149
1.14951
1.1901
1.23342
1.27965
1.32895
1.38152
1.43757
1.4973
1.56096
1.62878
1.70104
1.77801
1.85999
1.9473
2.04028
2.1393
2.24473
2.35698
2.4765
2.60375
2.73922
2.88345
3.037
3.20047
3.37449
3.55976
3.75699
3.96696
4.1905
4.42848
0.680178
0.680807
0.681557
0.682436
0.683446
0.684588
0.685863
0.68727
0.688812
0.690493
0.69233
0.694376
0.696874
0.700434
0.70552
0.712108
0.720019
0.729091
0.739238
0.750434
0.762688
0.776032
0.790508
0.806166
0.823065
0.841267
0.860842
0.881864
0.904414
0.928579
0.954453
0.982135
1.01173
1.04336
1.07714
1.11321
1.1517
1.19276
1.23656
1.28326
1.33304
1.3861
1.44264
1.50288
1.56706
1.63542
1.70823
1.78577
1.86835
1.95628
2.0499
2.14959
2.25573
2.36872
2.48902
2.61709
2.75344
2.89858
3.0531
3.21761
3.39273
3.57916
3.77763
3.98891
0.657052
0.657619
0.658289
0.659066
0.659955
0.660956
0.662069
0.663296
0.664636
0.666095
0.667686
0.669457
0.671618
0.674704
0.679127
0.684872
0.69178
0.699707
0.708573
0.718355
0.729059
0.740713
0.753352
0.767022
0.781772
0.797658
0.814738
0.833079
0.852752
0.873831
0.896398
0.920542
0.946354
0.973936
1.00339
1.03484
1.0684
1.1042
1.14238
1.18309
1.22649
1.27274
1.32202
1.37454
1.43048
1.49006
1.55352
1.62111
1.69308
1.76971
1.85131
1.93819
2.03069
2.12916
2.234
2.3456
2.46441
2.5909
2.72554
2.86889
3.02148
3.18392
3.35685
3.54095
0.633547
0.634049
0.634635
0.63531
0.636077
0.636937
0.63789
0.638938
0.640079
0.641319
0.642669
0.64417
0.645999
0.648616
0.652377
0.657269
0.663159
0.669918
0.677478
0.685816
0.694939
0.704869
0.715636
0.727279
0.739838
0.753363
0.767902
0.783513
0.800255
0.818192
0.837394
0.857935
0.879895
0.903358
0.928415
0.955164
0.983707
1.01416
1.04663
1.08125
1.11816
1.15749
1.1994
1.24405
1.29162
1.34228
1.39624
1.45371
1.5149
1.58005
1.64942
1.72329
1.80192
1.88564
1.97476
2.06963
2.17063
2.27814
2.3926
2.51444
2.64414
2.78221
2.92918
3.08565
0.609719
0.610153
0.610652
0.611223
0.611867
0.612586
0.61338
0.614249
0.615193
0.616217
0.61733
0.618564
0.620068
0.622219
0.625315
0.629348
0.634205
0.639778
0.646009
0.65288
0.660394
0.66857
0.677433
0.687014
0.697348
0.708474
0.720432
0.73327
0.747037
0.761785
0.777571
0.794456
0.812507
0.831792
0.852385
0.874368
0.897825
0.922846
0.949529
0.977978
1.0083
1.04062
1.07505
1.11173
1.15081
1.19243
1.23676
1.28396
1.33423
1.38775
1.44473
1.50539
1.56998
1.63873
1.71192
1.78984
1.87278
1.96108
2.05507
2.15511
2.26161
2.37498
2.49565
2.62411
0.585625
0.585987
0.586398
0.586862
0.587383
0.587959
0.588593
0.589284
0.590033
0.590842
0.591719
0.59269
0.59387
0.595559
0.59799
0.601156
0.604968
0.609339
0.614223
0.619605
0.625487
0.631884
0.638817
0.646309
0.654388
0.663083
0.672428
0.682458
0.693211
0.704731
0.717059
0.730246
0.744339
0.759397
0.775475
0.792636
0.810947
0.830478
0.851305
0.873509
0.897175
0.922395
0.949267
0.977894
1.00839
1.04086
1.07545
1.11228
1.1515
1.19325
1.2377
1.28503
1.33541
1.38904
1.44613
1.5069
1.57159
1.64045
1.71375
1.79177
1.87482
1.96321
2.05731
2.15746
0.561323
0.56161
0.561929
0.562285
0.56268
0.563114
0.563586
0.564098
0.564651
0.565245
0.565888
0.566597
0.567457
0.568684
0.570448
0.572741
0.575496
0.578652
0.582173
0.586049
0.590282
0.594881
0.599862
0.605243
0.611043
0.617283
0.623987
0.631182
0.638894
0.647153
0.655991
0.665443
0.675545
0.686336
0.697857
0.710153
0.723272
0.737264
0.752184
0.768089
0.78504
0.803103
0.822347
0.842847
0.864682
0.887936
0.912699
0.939067
0.96714
0.997028
1.02885
1.06272
1.09878
1.13716
1.17801
1.22149
1.26778
1.31704
1.36948
1.42528
1.48468
1.5479
1.61519
1.68681
0.536872
0.53708
0.537305
0.53755
0.537816
0.538104
0.538415
0.538747
0.539103
0.539482
0.53989
0.540337
0.540877
0.541642
0.542735
0.544149
0.545841
0.54777
0.549917
0.552273
0.554842
0.557628
0.560643
0.563896
0.567399
0.571166
0.575211
0.57955
0.584199
0.589176
0.5945
0.600193
0.606276
0.612773
0.619708
0.627108
0.635002
0.643421
0.652396
0.661962
0.672157
0.683018
0.694588
0.706912
0.720036
0.734011
0.748891
0.764733
0.781598
0.79955
0.818659
0.838998
0.860645
0.883682
0.908202
0.934296
0.962067
0.991619
1.02307
1.05654
1.09215
1.13005
1.17038
1.2133
0.51233
0.512456
0.512583
0.512713
0.512849
0.512989
0.513134
0.513286
0.513443
0.513606
0.513777
0.513961
0.514178
0.514479
0.514898
0.515428
0.516049
0.516744
0.517507
0.518336
0.519231
0.520195
0.521233
0.522348
0.523544
0.524826
0.5262
0.52767
0.529243
0.530924
0.532721
0.534639
0.536688
0.538873
0.541204
0.54369
0.546339
0.549163
0.552171
0.555376
0.558789
0.562422
0.56629
0.570408
0.57479
0.579453
0.584415
0.589694
0.59531
0.601284
0.607638
0.614396
0.621584
0.629228
0.637357
0.646001
0.655194
0.664968
0.675361
0.686412
0.698162
0.710655
0.723938
0.738061
0.487757
0.487797
0.487822
0.487834
0.487835
0.487825
0.487803
0.487769
0.487725
0.487669
0.487601
0.487519
0.487411
0.487244
0.486986
0.486626
0.48617
0.485626
0.485001
0.484296
0.483514
0.482651
0.481707
0.480679
0.479564
0.478357
0.477054
0.475652
0.474143
0.472524
0.470787
0.468926
0.466934
0.464803
0.462524
0.460089
0.457487
0.454709
0.451743
0.448578
0.445201
0.441599
0.437756
0.433658
0.429288
0.424629
0.419662
0.414366
0.408721
0.402703
0.396289
0.389452
0.382166
0.3744
0.366122
0.357298
0.347895
0.337873
0.32719
0.315804
0.303668
0.290732
0.276943
0.262245
0.463211
0.46316
0.46308
0.462971
0.462834
0.462669
0.462476
0.462254
0.462004
0.461726
0.461415
0.461063
0.460626
0.459986
0.459044
0.45779
0.456254
0.454469
0.452454
0.450216
0.447755
0.445066
0.442141
0.438972
0.435546
0.431852
0.427877
0.423604
0.419018
0.414101
0.408836
0.4032
0.397172
0.390729
0.383846
0.376496
0.36865
0.360277
0.351345
0.341819
0.331661
0.320831
0.309288
0.296985
0.283875
0.269905
0.255022
0.239166
0.222275
0.204283
0.185118
0.164705
0.142964
0.119808
0.0951469
0.0688819
0.0409094
0.0111188
-0.0206087
-0.0543987
-0.0903849
-0.128711
-0.169529
-0.213003
0.438751
0.438606
0.438416
0.438182
0.437903
0.437579
0.43721
0.436796
0.436336
0.43583
0.435272
0.434645
0.433872
0.432753
0.431121
0.428969
0.426352
0.423326
0.419923
0.416155
0.41202
0.40751
0.402611
0.397307
0.39158
0.385409
0.37877
0.371638
0.363986
0.355784
0.347003
0.337606
0.327559
0.316821
0.305351
0.293105
0.280034
0.266087
0.251211
0.235348
0.218435
0.200405
0.18119
0.160714
0.138896
0.115651
0.0908893
0.0645128
0.0364187
0.00649678
-0.0253703
-0.0593072
-0.0954477
-0.133934
-0.174916
-0.218556
-0.265026
-0.314508
-0.367199
-0.423304
-0.483047
-0.546663
-0.614404
-0.686539
0.414437
0.414192
0.413889
0.413525
0.413099
0.412612
0.412062
0.41145
0.410776
0.410036
0.409224
0.408316
0.407201
0.405594
0.403265
0.400213
0.396515
0.392251
0.387465
0.382175
0.376375
0.370055
0.363194
0.35577
0.347756
0.339122
0.329836
0.319864
0.309166
0.297702
0.285427
0.272294
0.258251
0.243246
0.227218
0.210107
0.191844
0.172359
0.151577
0.129416
0.105789
0.0806055
0.0537663
0.0251668
-0.0053043
-0.0377659
-0.0723449
-0.109176
-0.148404
-0.190181
-0.234671
-0.282048
-0.332498
-0.386217
-0.443418
-0.504325
-0.569175
-0.638225
-0.711745
-0.790025
-0.873374
-0.962121
-1.05661
-1.15722
0.390326
0.389978
0.389556
0.389057
0.38848
0.387824
0.387089
0.386273
0.385377
0.384398
0.383325
0.382128
0.380661
0.378558
0.375527
0.37157
0.366794
0.361299
0.355141
0.34834
0.34089
0.332775
0.323969
0.314444
0.304164
0.29309
0.281183
0.268395
0.254679
0.239981
0.224245
0.207408
0.189408
0.170173
0.149629
0.127695
0.104287
0.0793123
0.0526754
0.0242719
-0.00600875
-0.0382846
-0.0726812
-0.109332
-0.148381
-0.18998
-0.23429
-0.281486
-0.33175
-0.385279
-0.442282
-0.502982
-0.567616
-0.636438
-0.709715
-0.787736
-0.870806
-0.959252
-1.05342
-1.15368
-1.26043
-1.37408
-1.49508
-1.62391
0.366477
0.366021
0.365476
0.364838
0.364104
0.363273
0.362345
0.36132
0.360196
0.358969
0.357628
0.356132
0.354304
0.351694
0.347954
0.343093
0.337244
0.330527
0.323011
0.314714
0.305633
0.295744
0.285017
0.273415
0.260895
0.247412
0.232914
0.217345
0.200646
0.182753
0.163596
0.1431
0.121187
0.0977719
0.0727626
0.0460621
0.0175668
-0.0128341
-0.045259
-0.079834
-0.116694
-0.155981
-0.19785
-0.242463
-0.289993
-0.340626
-0.394559
-0.452002
-0.513179
-0.578328
-0.647704
-0.721578
-0.800238
-0.883991
-0.973166
-1.06811
-1.1692
-1.27682
-1.3914
-1.51339
-1.64327
-1.78155
-1.92877
-2.0855
0.342947
0.342379
0.341705
0.340922
0.340026
0.339015
0.337888
0.336646
0.335286
0.333804
0.332185
0.330382
0.328182
0.325055
0.320598
0.314834
0.307919
0.299994
0.291135
0.281365
0.270674
0.259037
0.246418
0.23277
0.218045
0.202187
0.185137
0.166828
0.14719
0.126148
0.103619
0.0795171
0.0537478
0.0262112
-0.00319972
-0.0345994
-0.0681099
-0.103862
-0.141994
-0.182654
-0.226001
-0.272204
-0.321441
-0.373905
-0.429799
-0.489342
-0.552765
-0.620315
-0.692254
-0.768864
-0.850443
-0.937308
-1.0298
-1.12828
-1.23314
-1.34477
-1.46362
-1.59016
-1.72487
-1.86829
-2.02098
-2.18354
-2.35661
-2.54087
0.319793
0.319107
0.318301
0.317367
0.316302
0.315104
0.313772
0.312306
0.310702
0.308956
0.30705
0.304928
0.302345
0.298689
0.293511
0.286847
0.278876
0.269759
0.259579
0.248359
0.236088
0.222734
0.208255
0.192598
0.175707
0.157517
0.137959
0.116958
0.0944329
0.0702961
0.0444544
0.0168074
-0.0127525
-0.04434
-0.0780783
-0.114098
-0.15254
-0.193553
-0.237297
-0.283942
-0.333669
-0.386672
-0.443157
-0.503343
-0.567464
-0.635771
-0.708528
-0.786019
-0.868546
-0.956428
-1.05001
-1.14966
-1.25576
-1.36872
-1.489
-1.61705
-1.75337
-1.89851
-2.05303
-2.21752
-2.39266
-2.5791
-2.77759
-2.9889
0.297069
0.296262
0.295318
0.294228
0.292989
0.291598
0.290054
0.288355
0.2865
0.28448
0.282276
0.279825
0.276845
0.272651
0.266746
0.259186
0.250174
0.239886
0.228409
0.215769
0.201949
0.186914
0.170614
0.15299
0.133977
0.113503
0.0914898
0.0678517
0.0424976
0.0153292
-0.013759
-0.0448801
-0.0781553
-0.113714
-0.151694
-0.192244
-0.235521
-0.281693
-0.33094
-0.383454
-0.439438
-0.499111
-0.562704
-0.630464
-0.702655
-0.779558
-0.861471
-0.948713
-1.04162
-1.14057
-1.24592
-1.35811
-1.47755
-1.60473
-1.74013
-1.88428
-2.03775
-2.20114
-2.37508
-2.56025
-2.7574
-2.96727
-3.19069
-3.42854
0.274832
0.273899
0.272812
0.271561
0.270142
0.268551
0.266788
0.264849
0.262732
0.260428
0.257917
0.255124
0.251735
0.246992
0.240358
0.23191
0.221874
0.210437
0.197693
0.183665
0.168334
0.151657
0.13358
0.114036
0.0929525
0.0702491
0.045838
0.019625
-0.00849182
-0.0386216
-0.0708815
-0.105397
-0.142303
-0.181743
-0.223869
-0.268847
-0.316851
-0.368067
-0.422696
-0.480949
-0.543052
-0.609248
-0.679793
-0.754961
-0.835044
-0.920355
-1.01122
-1.108
-1.21107
-1.32083
-1.43771
-1.56215
-1.69465
-1.83573
-1.98592
-2.14583
-2.31607
-2.4973
-2.69024
-2.89565
-3.11432
-3.3471
-3.59492
-3.85873
0.253135
0.252071
0.250837
0.24942
0.247815
0.246018
0.244027
0.24184
0.239452
0.236856
0.234025
0.230879
0.227069
0.221766
0.214403
0.205077
0.194037
0.181479
0.167501
0.152122
0.13532
0.117047
0.0972411
0.0758297
0.052732
0.027859
0.00111461
-0.027605
-0.0584116
-0.0914252
-0.126774
-0.164596
-0.20504
-0.248261
-0.294428
-0.343722
-0.396333
-0.452466
-0.512341
-0.576189
-0.644258
-0.716814
-0.794137
-0.876529
-0.964309
-1.05782
-1.15742
-1.2635
-1.37648
-1.49679
-1.62489
-1.7613
-1.90654
-2.06117
-2.22579
-2.40106
-2.58765
-2.7863
-2.99777
-3.22289
-3.46256
-3.71769
-3.98928
-4.27841
0.232029
0.230833
0.229446
0.227858
0.226061
0.224051
0.221826
0.219383
0.216716
0.213817
0.210656
0.207145
0.202901
0.197029
0.188938
0.178749
0.166728
0.153081
0.137905
0.121216
0.102988
0.0831683
0.0616873
0.0384656
0.0134147
-0.0135622
-0.0425699
-0.0737215
-0.107138
-0.142951
-0.181299
-0.222332
-0.26621
-0.313104
-0.363196
-0.416683
-0.47377
-0.534682
-0.599654
-0.66894
-0.742807
-0.821545
-0.905457
-0.994871
-1.09014
-1.19161
-1.29971
-1.41484
-1.53744
-1.668
-1.80703
-1.95507
-2.11268
-2.28049
-2.45915
-2.64935
-2.85185
-3.06742
-3.2969
-3.5412
-3.80128
-4.07813
-4.37285
-4.68659
0.211566
0.210233
0.208691
0.206926
0.204932
0.202704
0.200238
0.197531
0.194577
0.191365
0.187864
0.183975
0.179285
0.17284
0.164026
0.152991
0.140016
0.125314
0.108979
0.0910255
0.0714216
0.0501078
0.027009
0.00203869
-0.0248991
-0.0539091
-0.0851046
-0.118607
-0.154548
-0.193068
-0.234318
-0.278458
-0.32566
-0.376109
-0.430002
-0.487548
-0.548971
-0.61451
-0.68442
-0.758973
-0.838458
-0.923184
-1.01348
-1.1097
-1.21221
-1.32142
-1.43774
-1.56163
-1.69357
-1.83407
-1.98368
-2.14298
-2.31259
-2.49318
-2.68543
-2.89011
-3.10802
-3.33999
-3.58693
-3.84982
-4.12966
-4.42757
-4.7447
-5.08228
0.191795
0.190323
0.188621
0.186677
0.184481
0.182028
0.179315
0.176337
0.173088
0.169555
0.165703
0.161426
0.15628
0.149255
0.139727
0.127867
0.113971
0.0982505
0.0808006
0.0616309
0.0407033
0.0179528
-0.00670216
-0.033355
-0.0621089
-0.0930763
-0.126379
-0.162146
-0.200519
-0.241649
-0.285695
-0.332831
-0.38324
-0.437118
-0.494676
-0.556139
-0.621746
-0.69175
-0.766426
-0.846063
-0.930971
-1.02148
-1.11794
-1.22073
-1.33024
-1.4469
-1.57116
-1.70352
-1.84447
-1.99457
-2.1544
-2.32459
-2.50578
-2.6987
-2.90409
-3.12275
-3.35553
-3.60334
-3.86715
-4.14797
-4.44692
-4.76516
-5.10392
-5.46452
0.172765
0.171151
0.169287
0.167159
0.164757
0.162076
0.15911
0.155855
0.152304
0.148441
0.144229
0.139555
0.133943
0.126338
0.116106
0.103446
0.0886619
0.0719661
0.0534483
0.0331136
0.0109185
-0.013208
-0.0393537
-0.0676188
-0.0981136
-0.130958
-0.166281
-0.204222
-0.24493
-0.288565
-0.335297
-0.38531
-0.438799
-0.495973
-0.557054
-0.622282
-0.69191
-0.766208
-0.845466
-0.929994
-1.02012
-1.11619
-1.21857
-1.32768
-1.44392
-1.56776
-1.69967
-1.84016
-1.98978
-2.14912
-2.31878
-2.49944
-2.69178
-2.89656
-3.11458
-3.34669
-3.59379
-3.85684
-4.13686
-4.43496
-4.75228
-5.09007
-5.44965
-5.8324
0.15452
0.152763
0.150736
0.148421
0.14581
0.142897
0.139674
0.136137
0.132277
0.128078
0.123499
0.118418
0.112334
0.104151
0.0932322
0.0797997
0.0641651
0.0465376
0.0270017
0.00555673
-0.0178465
-0.043285
-0.0708527
-0.100656
-0.132813
-0.167449
-0.204703
-0.244721
-0.28766
-0.33369
-0.382992
-0.435757
-0.492193
-0.552521
-0.616975
-0.685807
-0.759284
-0.837694
-0.921341
-1.01055
-1.10567
-1.20706
-1.31513
-1.43029
-1.55298
-1.68369
-1.82292
-1.97121
-2.12914
-2.29733
-2.47641
-2.6671
-2.87013
-3.08628
-3.31641
-3.5614
-3.82222
-4.09987
-4.39544
-4.71007
-5.045
-5.40153
-5.78105
-6.18503
0.137106
0.135206
0.133013
0.130511
0.127689
0.12454
0.121057
0.117235
0.113062
0.108521
0.103569
0.0980761
0.0915155
0.0827588
0.0711728
0.0570003
0.0405559
0.022044
0.00154227
-0.0209557
-0.045505
-0.0721882
-0.101106
-0.132371
-0.166106
-0.202447
-0.241536
-0.28353
-0.328592
-0.376902
-0.42865
-0.484036
-0.54328
-0.606613
-0.67428
-0.746548
-0.823695
-0.906025
-0.993854
-1.08753
-1.18741
-1.29389
-1.40737
-1.5283
-1.65714
-1.79441
-1.94063
-2.09636
-2.26222
-2.43884
-2.62692
-2.82717
-3.04039
-3.2674
-3.50907
-3.76636
-4.04026
-4.33185
-4.64224
-4.97266
-5.32438
-5.69879
-6.09733
-6.52156
0.120564
0.118521
0.116163
0.113473
0.110439
0.107054
0.10331
0.099199
0.0947109
0.0898256
0.084497
0.0785883
0.0715503
0.0622294
0.0499997
0.0351224
0.0179118
-0.00143515
-0.0228478
-0.0463391
-0.0719697
-0.0998283
-0.130021
-0.162666
-0.197895
-0.235847
-0.276674
-0.320537
-0.367611
-0.418081
-0.472146
-0.530017
-0.591923
-0.658104
-0.728819
-0.804344
-0.884974
-0.971023
-1.06282
-1.16073
-1.26513
-1.37643
-1.49505
-1.62146
-1.75615
-1.89964
-2.05249
-2.21529
-2.38867
-2.57331
-2.76991
-2.97926
-3.20215
-3.43946
-3.6921
-3.96106
-4.24739
-4.5522
-4.87667
-5.22207
-5.58974
-5.98111
-6.39771
-6.84116
0.104935
0.102751
0.100229
0.0973505
0.0941056
0.0904847
0.0864795
0.0820812
0.0772775
0.0720469
0.0663405
0.0600154
0.0525029
0.0426314
0.0297857
0.014242
-0.003689
-0.0238192
-0.046086
-0.0705088
-0.0971541
-0.126116
-0.157506
-0.19145
-0.228082
-0.26755
-0.310012
-0.355637
-0.404605
-0.45711
-0.513358
-0.573572
-0.637987
-0.706855
-0.780445
-0.859045
-0.94296
-1.03252
-1.12807
-1.22998
-1.33864
-1.45449
-1.57796
-1.70955
-1.84976
-1.99913
-2.15823
-2.3277
-2.50819
-2.70039
-2.90506
-3.12298
-3.35501
-3.60204
-3.86504
-4.14503
-4.44309
-4.76039
-5.09816
-5.45771
-5.84044
-6.24784
-6.68149
-7.14309
0.0902566
0.0879335
0.0852493
0.0821862
0.0787323
0.074878
0.0706142
0.0659306
0.0608136
0.0552399
0.0491581
0.0424193
0.0344394
0.0240352
0.0106048
-0.00556423
-0.0241676
-0.0450277
-0.0680902
-0.093381
-0.120972
-0.150964
-0.183473
-0.218628
-0.256572
-0.297458
-0.34145
-0.388723
-0.439464
-0.493875
-0.55217
-0.614579
-0.681346
-0.752733
-0.829019
-0.910501
-0.997497
-1.09035
-1.18941
-1.29508
-1.40775
-1.52786
-1.65589
-1.79233
-1.93772
-2.0926
-2.25758
-2.43331
-2.62047
-2.81977
-3.03201
-3.25799
-3.49859
-3.75476
-4.02748
-4.31782
-4.6269
-4.95592
-5.30616
-5.67899
-6.07586
-6.4983
-6.94797
-7.42661
0.0765646
0.0741062
0.0712636
0.0680192
0.0643606
0.0602775
0.0557597
0.0507958
0.0453707
0.0394594
0.0330078
0.0258623
0.0174262
0.00651172
-0.00746851
-0.0242193
-0.0434455
-0.0649806
-0.0887789
-0.114873
-0.14334
-0.174286
-0.207831
-0.244112
-0.283274
-0.325478
-0.37089
-0.419695
-0.472086
-0.52827
-0.588469
-0.65292
-0.721878
-0.79561
-0.874407
-0.958574
-1.04844
-1.14436
-1.2467
-1.35586
-1.47226
-1.59635
-1.72863
-1.8696
-2.01981
-2.17983
-2.3503
-2.53187
-2.72524
-2.93117
-3.15045
-3.38394
-3.63255
-3.89723
-4.17901
-4.479
-4.79835
-5.1383
-5.50018
-5.8854
-6.29544
-6.73191
-7.19651
-7.69102
0.0638922
0.0613033
0.0583074
0.0548872
0.0510301
0.0467249
0.0419604
0.0367241
0.0309992
0.0247591
0.0179475
0.0104066
0.00153036
-0.00986783
-0.0243599
-0.0416471
-0.0614451
-0.0835993
-0.108073
-0.134904
-0.164176
-0.195999
-0.230498
-0.267814
-0.308099
-0.351516
-0.39824
-0.448457
-0.50237
-0.560191
-0.622149
-0.688487
-0.759467
-0.835367
-0.916483
-1.00313
-1.09565
-1.1944
-1.29977
-1.41217
-1.53202
-1.6598
-1.796
-1.94115
-2.09583
-2.26061
-2.43614
-2.62311
-2.82224
-3.03429
-3.2601
-3.50054
-3.75654
-4.0291
-4.31927
-4.62818
-4.95703
-5.3071
-5.67975
-6.07642
-6.49866
-6.9481
-7.4265
-7.9357
0.0522703
0.0495567
0.0464141
0.0428255
0.0387781
0.03426
0.0292589
0.0237609
0.0177481
0.011192
0.00403421
-0.0038864
-0.0131818
-0.0250329
-0.0399963
-0.0577729
-0.0780908
-0.100808
-0.125895
-0.153397
-0.183402
-0.216023
-0.251392
-0.289654
-0.330963
-0.375488
-0.423409
-0.474919
-0.530223
-0.589541
-0.653108
-0.721174
-0.794006
-0.87189
-0.955132
-1.04405
-1.139
-1.24035
-1.3485
-1.46385
-1.58687
-1.71802
-1.85782
-2.00681
-2.16557
-2.33472
-2.5149
-2.70682
-2.91122
-3.12889
-3.36068
-3.60749
-3.87027
-4.15005
-4.4479
-4.765
-5.10256
-5.4619
-5.84441
-6.25159
-6.685
-7.14634
-7.63739
-8.16007
0.0417274
0.0388961
0.0356147
0.031867
0.0276397
0.0229202
0.0176954
0.01195
0.00566449
-0.00119092
-0.00867668
-0.0169564
-0.0266453
-0.0389145
-0.0543063
-0.0725242
-0.0933098
-0.116532
-0.142171
-0.170277
-0.200941
-0.234283
-0.270437
-0.309551
-0.351785
-0.397313
-0.446317
-0.498995
-0.555559
-0.616232
-0.681254
-0.750884
-0.825393
-0.905075
-0.990241
-1.08122
-1.17838
-1.28208
-1.39274
-1.51078
-1.63666
-1.77087
-1.91394
-2.06641
-2.22888
-2.40197
-2.58637
-2.78277
-2.99195
-3.21472
-3.45193
-3.70452
-3.97345
-4.25977
-4.5646
-4.88911
-5.23457
-5.60232
-5.99378
-6.41048
-6.85403
-7.32615
-7.82868
-8.36356
0.0322889
0.0293482
0.0259377
0.0220419
0.0176473
0.0127408
0.00730801
0.00133247
-0.00520665
-0.0123407
-0.0201318
-0.0287454
-0.0387973
-0.0514465
-0.0672219
-0.0858322
-0.107033
-0.130704
-0.156832
-0.185474
-0.216725
-0.250708
-0.287561
-0.327435
-0.370494
-0.416915
-0.466886
-0.520607
-0.578295
-0.640178
-0.706502
-0.777529
-0.853537
-0.934826
-1.02171
-1.11454
-1.21366
-1.31947
-1.43238
-1.55282
-1.68127
-1.81822
-1.9642
-2.11979
-2.28557
-2.4622
-2.65036
-2.85078
-3.06424
-3.29157
-3.53364
-3.79139
-4.06582
-4.35801
-4.66907
-5.00022
-5.35275
-5.72802
-6.12749
-6.55271
-7.00532
-7.4871
-7.99989
-8.5457
0.0239782
0.0209372
0.0174088
0.0133779
0.008831
0.00375413
-0.00186799
-0.00805308
-0.0148233
-0.0222114
-0.0302807
-0.0391981
-0.0495781
-0.0625661
-0.0786791
-0.0976325
-0.119195
-0.143257
-0.169814
-0.198924
-0.230689
-0.265233
-0.302698
-0.343238
-0.387021
-0.434226
-0.485045
-0.539683
-0.598358
-0.661306
-0.728773
-0.801028
-0.878355
-0.961058
-1.04946
-1.1439
-1.24476
-1.35242
-1.46731
-1.58986
-1.72057
-1.85993
-2.00848
-2.1668
-2.33551
-2.51525
-2.70673
-2.91069
-3.12791
-3.35924
-3.60559
-3.86789
-4.14717
-4.44451
-4.76106
-5.09806
-5.45681
-5.83869
-6.24521
-6.67793
-7.13853
-7.62879
-8.15063
-8.70605
0.0168155
0.0136846
0.0100509
0.00589985
0.00121771
-0.00401025
-0.00980028
-0.0161712
-0.0231466
-0.0307602
-0.0390767
-0.0482635
-0.0589327
-0.0722156
-0.0886188
-0.107866
-0.129738
-0.154135
-0.181057
-0.210569
-0.242774
-0.2778
-0.31579
-0.356902
-0.401306
-0.449185
-0.500734
-0.556159
-0.615684
-0.679546
-0.747998
-0.82131
-0.899772
-0.983691
-1.0734
-1.16923
-1.27158
-1.38084
-1.49743
-1.62181
-1.75446
-1.89589
-2.04665
-2.20733
-2.37856
-2.56099
-2.75532
-2.96232
-3.18279
-3.41758
-3.6676
-3.93382
-4.21727
-4.51906
-4.84034
-5.18238
-5.54648
-5.93407
-6.34666
-6.78584
-7.25331
-7.75089
-8.28051
-8.84422
0.0108183
0.00760902
0.00388419
-0.000370194
-0.00516844
-0.0105259
-0.0164599
-0.0229902
-0.0301414
-0.0379487
-0.0464774
-0.0558952
-0.0668111
-0.0803427
-0.0969887
-0.11648
-0.138609
-0.163284
-0.190511
-0.220357
-0.252929
-0.288355
-0.326783
-0.368373
-0.413296
-0.461738
-0.513896
-0.569979
-0.630214
-0.694841
-0.764116
-0.838313
-0.917723
-1.00266
-1.09345
-1.19046
-1.29406
-1.40465
-1.52267
-1.64857
-1.78284
-1.92601
-2.07862
-2.24128
-2.41461
-2.59928
-2.79601
-3.00556
-3.22874
-3.46643
-3.71953
-3.98903
-4.27597
-4.58147
-4.90672
-5.25296
-5.62156
-6.01392
-6.43158
-6.87617
-7.3494
-7.8531
-8.38924
-8.95987
0.00600156
0.00272648
-0.0010737
-0.005413
-0.0103063
-0.0157697
-0.0218213
-0.028482
-0.0357773
-0.0437432
-0.0524458
-0.0620529
-0.0731698
-0.0869024
-0.103743
-0.12343
-0.145764
-0.170661
-0.198131
-0.228244
-0.261108
-0.296856
-0.335635
-0.377607
-0.422946
-0.471839
-0.524485
-0.581096
-0.641901
-0.707142
-0.777077
-0.851983
-0.932154
-1.01791
-1.10957
-1.20752
-1.31212
-1.42378
-1.54295
-1.67007
-1.80565
-1.95021
-2.10431
-2.26855
-2.44357
-2.63005
-2.8287
-3.04029
-3.26566
-3.50566
-3.76123
-4.03336
-4.32311
-4.6316
-4.96002
-5.30965
-5.68184
-6.07804
-6.49978
-6.94871
-7.42655
-7.93517
-8.47653
-9.05273
0.0023773
-0.00094963
-0.00480793
-0.00921213
-0.0141778
-0.0197218
-0.0258631
-0.0326233
-0.0400286
-0.0481157
-0.0569512
-0.0667028
-0.0779727
-0.0918571
-0.108844
-0.128677
-0.151164
-0.176228
-0.20388
-0.234193
-0.267277
-0.303266
-0.342308
-0.384567
-0.430219
-0.47945
-0.532463
-0.589472
-0.650705
-0.716406
-0.786838
-0.862277
-0.943022
-1.02939
-1.12171
-1.22036
-1.32572
-1.43819
-1.55821
-1.68626
-1.82282
-1.96842
-2.12364
-2.28908
-2.46537
-2.6532
-2.85329
-3.06643
-3.29343
-3.53518
-3.79261
-4.06673
-4.35858
-4.66932
-5.00012
-5.35229
-5.72719
-6.12627
-6.55108
-7.00327
-7.48459
-7.9969
-8.54219
-9.12257
-4.49768e-05
-0.00340828
-0.0073061
-0.011754
-0.0167683
-0.0223666
-0.0285684
-0.0353956
-0.0428751
-0.0510442
-0.0599695
-0.0698188
-0.0811919
-0.0951782
-0.112262
-0.132193
-0.154783
-0.179957
-0.207731
-0.238178
-0.271409
-0.307558
-0.346776
-0.389227
-0.435087
-0.484545
-0.537803
-0.595077
-0.656596
-0.722606
-0.793369
-0.869165
-0.950292
-1.03707
-1.12984
-1.22896
-1.33481
-1.44782
-1.56842
-1.69708
-1.8343
-1.98061
-2.13657
-2.30281
-2.47995
-2.66868
-2.86974
-3.0839
-3.312
-3.55492
-3.81359
-4.08903
-4.38229
-4.69452
-5.02693
-5.3808
-5.7575
-6.15851
-6.58536
-7.03973
-7.52336
-8.03814
-8.58605
-9.16923
-0.00125822
-0.00464056
-0.00855842
-0.0130283
-0.0180672
-0.0236928
-0.029925
-0.0367861
-0.0443032
-0.0525136
-0.0614844
-0.0713831
-0.0828083
-0.0968461
-0.113979
-0.133958
-0.1566
-0.18183
-0.209664
-0.240178
-0.273483
-0.309713
-0.34902
-0.391567
-0.437532
-0.487104
-0.540485
-0.597892
-0.659554
-0.725719
-0.796649
-0.872624
-0.953943
-1.04093
-1.13391
-1.23327
-1.33938
-1.45266
-1.57355
-1.70251
-1.84006
-1.98672
-2.14307
-2.3097
-2.48726
-2.67645
-2.87799
-3.09267
-3.32132
-3.56482
-3.82412
-4.10021
-4.39418
-4.70716
-5.04036
-5.39508
-5.77269
-6.17466
-6.60254
-7.05799
-7.54278
-8.05879
-8.60802
-9.19259
-0.00125835
-0.00464094
-0.00855907
-0.0130293
-0.0180684
-0.0236943
-0.0299268
-0.0367882
-0.0443056
-0.0525164
-0.0614875
-0.0713867
-0.0828122
-0.0968505
-0.113984
-0.133963
-0.156606
-0.181837
-0.209672
-0.240186
-0.273492
-0.309723
-0.34903
-0.391578
-0.437544
-0.487116
-0.540499
-0.597906
-0.65957
-0.725736
-0.796667
-0.872643
-0.953964
-1.04095
-1.13394
-1.23329
-1.3394
-1.45269
-1.57358
-1.70254
-1.84009
-1.98676
-2.1431
-2.30973
-2.4873
-2.67649
-2.87803
-3.09271
-3.32136
-3.56486
-3.82416
-4.10025
-4.39422
-4.7072
-5.0404
-5.39512
-5.77272
-6.17469
-6.60257
-7.05802
-7.5428
-8.0588
-8.60803
-9.19259
-4.53533e-05
-0.00340942
-0.00730803
-0.0117567
-0.0167719
-0.0223711
-0.0285737
-0.0354019
-0.0428824
-0.0510524
-0.0599789
-0.0698294
-0.0812037
-0.0951915
-0.112277
-0.132209
-0.154801
-0.179977
-0.207753
-0.238201
-0.271435
-0.307586
-0.346807
-0.38926
-0.435122
-0.484583
-0.537845
-0.595121
-0.656643
-0.722657
-0.793423
-0.869223
-0.950354
-1.03713
-1.12991
-1.22903
-1.33489
-1.4479
-1.56851
-1.69717
-1.83439
-1.98071
-2.13668
-2.30291
-2.48005
-2.66879
-2.86985
-3.08402
-3.31212
-3.55503
-3.81371
-4.08915
-4.38241
-4.69464
-5.02704
-5.3809
-5.7576
-6.1586
-6.58545
-7.0398
-7.52342
-8.03819
-8.58608
-9.16923
0.00237668
-0.000951524
-0.00481112
-0.00921666
-0.0141837
-0.0197291
-0.0258719
-0.0326337
-0.0400405
-0.0481293
-0.0569666
-0.0667202
-0.0779922
-0.0918791
-0.108868
-0.128704
-0.151194
-0.176261
-0.203916
-0.234233
-0.26732
-0.303313
-0.342359
-0.384622
-0.430278
-0.479514
-0.532532
-0.589545
-0.650784
-0.716491
-0.786928
-0.862373
-0.943124
-1.0295
-1.12183
-1.22049
-1.32584
-1.43832
-1.55835
-1.6864
-1.82297
-1.96859
-2.12382
-2.28926
-2.46555
-2.65338
-2.85348
-3.06662
-3.29363
-3.53538
-3.79281
-4.06693
-4.35878
-4.66951
-5.00031
-5.35247
-5.72736
-6.12643
-6.55122
-7.00339
-7.48469
-7.99698
-8.54224
-9.12259
0.00600069
0.00272385
-0.00107813
-0.00541928
-0.0103144
-0.0157798
-0.0218335
-0.0284964
-0.0357939
-0.0437622
-0.0524672
-0.0620771
-0.0731969
-0.0869328
-0.103777
-0.123467
-0.145806
-0.170707
-0.198181
-0.228299
-0.261168
-0.296921
-0.335706
-0.377683
-0.423028
-0.471928
-0.52458
-0.581199
-0.642011
-0.707259
-0.777202
-0.852116
-0.932297
-1.01806
-1.10974
-1.20769
-1.3123
-1.42397
-1.54314
-1.67028
-1.80586
-1.95043
-2.10455
-2.2688
-2.44382
-2.6303
-2.82896
-3.04056
-3.26593
-3.50593
-3.76151
-4.03364
-4.32339
-4.63187
-4.96028
-5.30989
-5.68207
-6.07826
-6.49998
-6.94888
-7.42669
-7.93528
-8.4766
-9.05275
0.0108172
0.00760568
0.00387855
-0.000378184
-0.00517885
-0.0105388
-0.0164754
-0.0230084
-0.0301625
-0.0379728
-0.0465046
-0.0559259
-0.0668455
-0.0803814
-0.097032
-0.116528
-0.138662
-0.163343
-0.190575
-0.220427
-0.253005
-0.288438
-0.326874
-0.368471
-0.413402
-0.461851
-0.514017
-0.57011
-0.630355
-0.694992
-0.764277
-0.838484
-0.917906
-1.00285
-1.09365
-1.19067
-1.29428
-1.40489
-1.52292
-1.64884
-1.78312
-1.9263
-2.07892
-2.24159
-2.41493
-2.59961
-2.79635
-3.00591
-3.22909
-3.46678
-3.71988
-3.98938
-4.27632
-4.58181
-4.90705
-5.25328
-5.62185
-6.0142
-6.43184
-6.87639
-7.34958
-7.85324
-8.38932
-8.9599
0.0168142
0.0136806
0.010044
0.0058902
0.00120514
-0.00402584
-0.00981903
-0.0161932
-0.023172
-0.0307892
-0.0391095
-0.0483004
-0.0589741
-0.0722621
-0.0886711
-0.107924
-0.129802
-0.154205
-0.181135
-0.210654
-0.242867
-0.2779
-0.315899
-0.35702
-0.401434
-0.449323
-0.500882
-0.556318
-0.615855
-0.679729
-0.748194
-0.821519
-0.899994
-0.983925
-1.07364
-1.1695
-1.27186
-1.38114
-1.49774
-1.62213
-1.75479
-1.89624
-2.04702
-2.20771
-2.37895
-2.56138
-2.75573
-2.96274
-3.18322
-3.41801
-3.66803
-3.93425
-4.2177
-4.51947
-4.84074
-5.18276
-5.54685
-5.93441
-6.34696
-6.78611
-7.25354
-7.75106
-8.28062
-8.84425
0.0239766
0.0209325
0.0174008
0.0133666
0.00881636
0.00373598
-0.00188979
-0.00807866
-0.0148528
-0.0222451
-0.0303189
-0.039241
-0.0496262
-0.0626201
-0.0787396
-0.0977001
-0.11927
-0.14334
-0.169904
-0.199024
-0.230798
-0.265351
-0.302826
-0.343377
-0.387171
-0.434388
-0.485219
-0.53987
-0.598559
-0.661521
-0.729003
-0.801273
-0.878616
-0.961334
-1.04975
-1.14421
-1.24509
-1.35277
-1.46767
-1.59024
-1.72096
-1.86034
-2.00891
-2.16724
-2.33596
-2.51572
-2.70721
-2.91118
-3.12841
-3.35975
-3.60609
-3.86839
-4.14766
-4.44499
-4.76153
-5.09852
-5.45724
-5.83909
-6.24557
-6.67824
-7.13879
-7.62899
-8.15075
-8.70609
0.0322872
0.0293428
0.0259286
0.0220291
0.0176307
0.0127202
0.00728329
0.00130347
-0.00524014
-0.0123789
-0.0201749
-0.0287938
-0.0388515
-0.0515075
-0.0672903
-0.0859086
-0.107117
-0.130797
-0.156935
-0.185587
-0.216849
-0.250843
-0.287707
-0.327593
-0.370666
-0.4171
-0.467085
-0.520821
-0.578525
-0.640425
-0.706766
-0.77781
-0.853837
-0.935144
-1.02205
-1.11489
-1.21404
-1.31987
-1.4328
-1.55326
-1.68172
-1.81869
-1.96469
-2.12029
-2.2861
-2.46274
-2.65092
-2.85135
-3.06482
-3.29215
-3.53422
-3.79197
-4.06639
-4.35856
-4.66961
-5.00075
-5.35325
-5.72848
-6.1279
-6.55307
-7.00562
-7.48732
-8.00004
-8.54575
0.0417253
0.03889
0.0356046
0.0318527
0.0276211
0.0228973
0.0176679
0.0119178
0.00562734
-0.00123323
-0.00872443
-0.01701
-0.0267054
-0.0389821
-0.0543822
-0.0726091
-0.0934041
-0.116637
-0.142286
-0.170403
-0.20108
-0.234434
-0.270601
-0.309729
-0.351978
-0.397521
-0.446541
-0.499236
-0.555817
-0.616509
-0.681551
-0.7512
-0.825729
-0.905432
-0.99062
-1.08162
-1.1788
-1.28253
-1.39321
-1.51127
-1.63718
-1.77141
-1.91449
-2.06698
-2.22947
-2.40258
-2.58699
-2.78341
-2.9926
-3.21537
-3.45258
-3.70517
-3.97409
-4.2604
-4.56521
-4.8897
-5.23513
-5.60284
-5.99425
-6.41088
-6.85436
-7.3264
-7.82884
-8.36362
0.0522681
0.0495501
0.046403
0.0428099
0.0387578
0.0342349
0.0292288
0.0237257
0.0177075
0.0111458
0.00398213
-0.00394479
-0.0132472
-0.0251064
-0.0400791
-0.0578657
-0.0781943
-0.100922
-0.126021
-0.153536
-0.183554
-0.216189
-0.251573
-0.28985
-0.331175
-0.375718
-0.423657
-0.475185
-0.530509
-0.589848
-0.653436
-0.721524
-0.794378
-0.872286
-0.955552
-1.0445
-1.13947
-1.24085
-1.34901
-1.46439
-1.58744
-1.71861
-1.85844
-2.00745
-2.16623
-2.33539
-2.51559
-2.70752
-2.91193
-3.12961
-3.3614
-3.60821
-3.87098
-4.15074
-4.44858
-4.76565
-5.10317
-5.46247
-5.84493
-6.25204
-6.68538
-7.14662
-7.63757
-8.16013
0.0638898
0.061296
0.0582953
0.0548703
0.0510081
0.0466977
0.041928
0.036686
0.0309554
0.0247094
0.0178915
0.0103438
0.00146008
-0.0099469
-0.0244491
-0.0417473
-0.061557
-0.0837237
-0.10821
-0.135055
-0.164342
-0.196179
-0.230695
-0.268028
-0.308331
-0.351767
-0.39851
-0.448749
-0.502683
-0.560526
-0.622507
-0.68887
-0.759875
-0.8358
-0.916944
-1.00362
-1.09616
-1.19495
-1.30034
-1.41276
-1.53264
-1.66045
-1.79668
-1.94185
-2.09654
-2.26134
-2.4369
-2.62388
-2.82302
-3.03508
-3.2609
-3.50133
-3.75732
-4.02986
-4.32001
-4.62889
-4.9577
-5.30772
-5.68031
-6.07691
-6.49907
-6.94841
-7.42669
-7.93577
0.076562
0.0740984
0.0712507
0.068001
0.0643371
0.0602485
0.055725
0.0507552
0.045324
0.0394064
0.0329482
0.0257956
0.0173515
0.00642763
-0.00756352
-0.0243263
-0.0435652
-0.0651137
-0.0889261
-0.115035
-0.143518
-0.17448
-0.208044
-0.244342
-0.283525
-0.325749
-0.371183
-0.42001
-0.472425
-0.528633
-0.588858
-0.653336
-0.72232
-0.796081
-0.874906
-0.959101
-1.049
-1.14495
-1.24731
-1.3565
-1.47294
-1.59707
-1.72937
-1.87036
-2.02059
-2.18063
-2.35112
-2.53271
-2.72609
-2.93203
-3.15132
-3.3848
-3.6334
-3.89806
-4.17982
-4.47977
-4.79908
-5.13898
-5.5008
-5.88593
-6.29589
-6.73225
-7.19672
-7.6911
0.0902539
0.0879252
0.0852356
0.0821669
0.0787073
0.0748472
0.0705775
0.0658877
0.0607643
0.055184
0.0490952
0.042349
0.0343607
0.0239466
0.0105045
-0.00567731
-0.0242944
-0.045169
-0.0682469
-0.0935537
-0.121162
-0.151172
-0.183699
-0.218875
-0.256841
-0.297749
-0.341764
-0.389061
-0.439828
-0.494265
-0.552587
-0.615025
-0.681822
-0.753239
-0.829555
-0.911069
-0.998099
-1.09098
-1.19007
-1.29577
-1.40847
-1.52862
-1.65668
-1.79315
-1.93855
-2.09346
-2.25847
-2.43422
-2.62139
-2.8207
-3.03294
-3.25891
-3.49951
-3.75566
-4.02835
-4.31865
-4.62768
-4.95665
-5.30683
-5.67957
-6.07634
-6.49867
-6.9482
-7.42669
0.104932
0.102742
0.100214
0.0973306
0.0940795
0.0904523
0.0864409
0.0820362
0.0772259
0.0719884
0.0662748
0.0599419
0.0524209
0.0425389
0.0296808
0.0141233
-0.00382231
-0.0239681
-0.0462514
-0.0706915
-0.0973552
-0.126337
-0.157747
-0.191712
-0.228367
-0.267859
-0.310346
-0.355996
-0.404992
-0.457525
-0.513804
-0.574048
-0.638495
-0.707395
-0.781018
-0.859651
-0.943602
-1.03319
-1.12878
-1.23072
-1.33942
-1.4553
-1.5788
-1.71042
-1.85065
-2.00005
-2.15918
-2.32867
-2.50917
-2.70138
-2.90605
-3.12397
-3.35599
-3.603
-3.86597
-4.14592
-4.44394
-4.76118
-5.09887
-5.45832
-5.84095
-6.24823
-6.68174
-7.14318
0.120561
0.118512
0.116149
0.113452
0.110412
0.10702
0.103269
0.0991523
0.0946573
0.0897648
0.0844286
0.0785121
0.0714652
0.0621334
0.0498907
0.0349988
0.0177726
-0.00159096
-0.0230211
-0.0465309
-0.0721811
-0.10006
-0.130274
-0.162943
-0.198196
-0.236173
-0.277026
-0.320918
-0.368021
-0.418521
-0.472617
-0.530521
-0.59246
-0.658676
-0.729427
-0.804988
-0.885654
-0.971738
-1.06358
-1.16152
-1.26596
-1.37729
-1.49594
-1.62239
-1.75711
-1.90063
-2.0535
-2.21631
-2.38971
-2.57436
-2.77097
-2.98031
-3.20319
-3.44048
-3.69309
-3.96201
-4.24829
-4.55303
-4.87743
-5.22273
-5.59028
-5.98153
-6.39798
-6.84126
0.137103
0.135196
0.132997
0.130489
0.12766
0.124505
0.121016
0.117186
0.113006
0.108458
0.103499
0.0979978
0.091428
0.0826598
0.0710602
0.0568724
0.0404115
0.0218819
0.00136164
-0.021156
-0.0457259
-0.0724311
-0.101372
-0.13266
-0.166422
-0.202789
-0.241907
-0.28393
-0.329024
-0.377366
-0.429146
-0.484568
-0.543847
-0.607216
-0.674921
-0.747226
-0.824413
-0.906781
-0.994652
-1.08836
-1.18828
-1.29479
-1.40831
-1.52928
-1.65816
-1.79545
-1.94169
-2.09745
-2.26332
-2.43995
-2.62803
-2.82828
-3.04149
-3.26847
-3.51012
-3.76737
-4.04121
-4.33273
-4.64304
-4.97335
-5.32496
-5.69922
-6.0976
-6.52165
0.154517
0.152753
0.150719
0.148398
0.145781
0.14286
0.139631
0.136087
0.132219
0.128013
0.123427
0.118338
0.112244
0.104049
0.0931163
0.079668
0.064016
0.04637
0.0268144
0.00534877
-0.0180763
-0.0435378
-0.0711296
-0.100959
-0.133142
-0.167808
-0.205091
-0.24514
-0.288112
-0.334175
-0.383511
-0.436314
-0.492788
-0.553153
-0.617647
-0.686519
-0.760038
-0.838489
-0.922177
-1.01142
-1.10658
-1.20802
-1.31612
-1.43131
-1.55404
-1.68478
-1.82404
-1.97235
-2.1303
-2.29849
-2.47758
-2.66827
-2.87128
-3.08742
-3.31751
-3.56246
-3.82322
-4.1008
-4.39628
-4.71081
-5.04561
-5.40199
-5.78134
-6.18513
0.172761
0.17114
0.16927
0.167135
0.164727
0.162038
0.159066
0.155804
0.152245
0.148374
0.144155
0.139472
0.133851
0.126234
0.115988
0.103311
0.0885086
0.0717933
0.0532551
0.0328987
0.0106806
-0.01347
-0.0396413
-0.0679333
-0.0984564
-0.131331
-0.166685
-0.204659
-0.2454
-0.28907
-0.335839
-0.385891
-0.439419
-0.496633
-0.557757
-0.623027
-0.692697
-0.767038
-0.846339
-0.930907
-1.02107
-1.11718
-1.21961
-1.32875
-1.44503
-1.5689
-1.70083
-1.84135
-1.99099
-2.15033
-2.32
-2.50066
-2.69299
-2.89775
-3.11574
-3.3478
-3.59484
-3.85781
-4.13774
-4.43572
-4.75292
-5.09055
-5.44995
-5.83251
0.191792
0.190312
0.188604
0.186653
0.18445
0.18199
0.17927
0.176285
0.173028
0.169487
0.165627
0.161342
0.156186
0.14915
0.139606
0.127729
0.113813
0.0980735
0.0806023
0.0614097
0.0404581
0.0176823
-0.0069993
-0.0336802
-0.0624637
-0.0934622
-0.126797
-0.162599
-0.201007
-0.242174
-0.286259
-0.333434
-0.383884
-0.437805
-0.495407
-0.556913
-0.622564
-0.692614
-0.767334
-0.847016
-0.931968
-1.02252
-1.11902
-1.22185
-1.33139
-1.44809
-1.57238
-1.70476
-1.84572
-1.99584
-2.15568
-2.32586
-2.50704
-2.69994
-2.90529
-3.1239
-3.35662
-3.60435
-3.86806
-4.14877
-4.44758
-4.76566
-5.10424
-5.46463
0.211562
0.210222
0.208673
0.206901
0.2049
0.202665
0.200191
0.197477
0.194516
0.191296
0.187787
0.18389
0.17919
0.172732
0.163903
0.15285
0.139857
0.125133
0.108776
0.0907987
0.0711698
0.0498296
0.0267031
0.0017036
-0.025265
-0.0543074
-0.0855369
-0.119075
-0.155053
-0.193612
-0.234901
-0.279083
-0.326328
-0.376821
-0.430758
-0.48835
-0.549819
-0.615405
-0.685362
-0.759961
-0.839491
-0.924262
-1.0146
-1.11086
-1.21341
-1.32264
-1.439
-1.56291
-1.69487
-1.83539
-1.985
-2.1443
-2.3139
-2.49446
-2.68668
-2.89131
-3.10914
-3.34103
-3.58788
-3.85065
-4.13035
-4.42809
-4.74503
-5.0824
0.232025
0.230821
0.229428
0.227832
0.226028
0.224011
0.221779
0.219328
0.216654
0.213747
0.210579
0.207059
0.202805
0.196921
0.188814
0.178607
0.166566
0.152897
0.137697
0.120984
0.10273
0.0828833
0.0613736
0.0381216
0.0130387
-0.0139718
-0.0430147
-0.074203
-0.107658
-0.143511
-0.181901
-0.222977
-0.266899
-0.313839
-0.363978
-0.417511
-0.474647
-0.535607
-0.600628
-0.669961
-0.743876
-0.822659
-0.906615
-0.996071
-1.09137
-1.19289
-1.30101
-1.41616
-1.53879
-1.66937
-1.8084
-1.95644
-2.11404
-2.28182
-2.46044
-2.6506
-2.85302
-3.0685
-3.29789
-3.54206
-3.80199
-4.07867
-4.3732
-4.68672
0.253131
0.252061
0.250819
0.249395
0.247782
0.245978
0.243979
0.241785
0.23939
0.236786
0.233947
0.230792
0.226973
0.221657
0.214277
0.204933
0.193872
0.181292
0.16729
0.151885
0.135056
0.116756
0.0969204
0.0754777
0.0523468
0.0274392
0.00065837
-0.0280994
-0.0589458
-0.0920007
-0.127393
-0.16526
-0.205749
-0.249017
-0.295232
-0.344574
-0.397235
-0.453419
-0.513344
-0.57724
-0.645358
-0.717961
-0.79533
-0.877765
-0.965587
-1.05913
-1.15877
-1.26488
-1.37787
-1.49819
-1.6263
-1.76271
-1.90793
-2.06253
-2.22712
-2.40234
-2.58886
-2.78742
-2.99878
-3.22378
-3.46329
-3.71824
-3.98964
-4.27854
0.274829
0.273888
0.272794
0.271536
0.270109
0.268511
0.26674
0.264793
0.262668
0.260357
0.257838
0.255037
0.251639
0.246882
0.240232
0.231764
0.221707
0.210247
0.197479
0.183425
0.168066
0.15136
0.133252
0.113677
0.0925592
0.06982
0.0453715
0.0191192
-0.00903863
-0.0392111
-0.0715153
-0.106077
-0.14303
-0.182518
-0.224694
-0.269722
-0.317777
-0.369045
-0.423725
-0.482029
-0.544182
-0.610427
-0.681018
-0.756231
-0.836356
-0.921705
-1.01261
-1.10942
-1.2125
-1.32227
-1.43915
-1.56359
-1.69608
-1.83713
-1.98729
-2.14714
-2.31731
-2.49845
-2.69129
-2.89656
-3.11507
-3.34768
-3.59528
-3.85886
0.297066
0.296251
0.295299
0.294203
0.292956
0.291558
0.290006
0.2883
0.286436
0.284408
0.282197
0.279737
0.276748
0.272541
0.266619
0.25904
0.250006
0.239694
0.228193
0.215525
0.201677
0.186612
0.170281
0.152624
0.133576
0.113066
0.0910138
0.0673356
0.0419394
0.0147273
-0.0144064
-0.0455746
-0.0788981
-0.114506
-0.152537
-0.193139
-0.236468
-0.282693
-0.331994
-0.38456
-0.440595
-0.500318
-0.563959
-0.631765
-0.703999
-0.78094
-0.862888
-0.950157
-1.04309
-1.14205
-1.24741
-1.35959
-1.47902
-1.60617
-1.74153
-1.88562
-2.03902
-2.20232
-2.37615
-2.56119
-2.75817
-2.96786
-3.19107
-3.42867
0.319789
0.319095
0.318282
0.317341
0.316268
0.315063
0.313724
0.31225
0.310639
0.308885
0.30697
0.30484
0.302247
0.298579
0.293384
0.286699
0.278707
0.269566
0.259361
0.248113
0.235813
0.222429
0.207918
0.192227
0.1753
0.157072
0.137475
0.116433
0.0938646
0.0696831
0.0437948
0.0160996
-0.0135098
-0.0451484
-0.0789386
-0.115011
-0.153507
-0.194574
-0.238372
-0.285071
-0.33485
-0.387905
-0.444439
-0.504672
-0.568837
-0.637183
-0.709975
-0.787495
-0.870044
-0.957943
-1.05153
-1.15117
-1.25726
-1.37019
-1.49042
-1.61841
-1.75467
-1.89971
-2.05412
-2.21848
-2.39345
-2.5797
-2.77798
-2.98904
0.342943
0.342367
0.341686
0.340895
0.339992
0.338973
0.337839
0.33659
0.335222
0.333732
0.332105
0.330294
0.328084
0.324944
0.32047
0.314686
0.307749
0.2998
0.290914
0.281117
0.270397
0.258729
0.246076
0.232394
0.217633
0.201737
0.184646
0.166295
0.146613
0.125525
0.102949
0.0787978
0.0529778
0.0253892
-0.00407495
-0.0355287
-0.0690941
-0.104901
-0.143088
-0.183803
-0.227204
-0.273459
-0.322746
-0.375258
-0.431198
-0.490781
-0.554239
-0.621819
-0.693782
-0.770407
-0.851992
-0.938854
-1.03133
-1.12978
-1.23459
-1.34616
-1.46494
-1.59138
-1.72598
-1.86926
-2.02179
-2.18416
-2.357
-2.541
0.366473
0.36601
0.365457
0.364811
0.36407
0.363232
0.362296
0.361263
0.360132
0.358897
0.357548
0.356044
0.354207
0.351584
0.347826
0.342946
0.337073
0.330332
0.322788
0.314464
0.305353
0.295432
0.284672
0.273035
0.260478
0.246956
0.232417
0.216806
0.200062
0.182122
0.162917
0.142371
0.120407
0.0969379
0.0718744
0.0451191
0.0165681
-0.0138889
-0.0463699
-0.0810006
-0.117915
-0.157256
-0.199176
-0.243838
-0.291413
-0.342087
-0.396057
-0.45353
-0.514731
-0.579896
-0.649279
-0.723149
-0.801793
-0.885518
-0.974648
-1.06953
-1.17054
-1.27806
-1.39253
-1.51438
-1.64409
-1.78217
-1.92916
-2.08564
0.390322
0.389967
0.389537
0.389031
0.388447
0.387783
0.387039
0.386217
0.385313
0.384326
0.383245
0.382039
0.380563
0.378447
0.375399
0.371423
0.366623
0.361103
0.354918
0.348088
0.340608
0.332461
0.323622
0.314061
0.303743
0.29263
0.280681
0.26785
0.254089
0.239344
0.223558
0.206671
0.188618
0.16933
0.14873
0.12674
0.103275
0.0782445
0.0515505
0.0230904
-0.00724588
-0.0395759
-0.0740247
-0.110725
-0.14982
-0.191461
-0.235808
-0.283035
-0.333323
-0.386868
-0.443878
-0.504574
-0.569193
-0.637985
-0.711219
-0.78918
-0.872173
-0.960519
-1.05456
-1.15468
-1.26126
-1.37471
-1.49548
-1.62405
0.414433
0.414181
0.41387
0.413499
0.413066
0.41257
0.412013
0.411394
0.410711
0.409964
0.409145
0.408228
0.407103
0.405483
0.403139
0.400065
0.396344
0.392055
0.387243
0.381923
0.376093
0.36974
0.362845
0.355385
0.347332
0.338659
0.329331
0.319314
0.30857
0.297059
0.284734
0.271549
0.257454
0.242394
0.226311
0.209143
0.190823
0.171281
0.150441
0.128222
0.104539
0.0793005
0.0524086
0.023759
-0.00675895
-0.039263
-0.0738794
-0.110742
-0.149994
-0.191788
-0.236285
-0.283658
-0.334092
-0.387783
-0.444939
-0.505785
-0.570556
-0.639506
-0.712904
-0.791038
-0.874213
-0.962757
-1.05702
-1.15736
0.438747
0.438594
0.438398
0.438156
0.437869
0.437538
0.437161
0.436739
0.436272
0.435758
0.435192
0.434557
0.433775
0.432643
0.430994
0.428822
0.426182
0.42313
0.4197
0.415903
0.411737
0.407194
0.402261
0.396921
0.391155
0.384943
0.378261
0.371085
0.363387
0.355138
0.346306
0.336858
0.326756
0.315963
0.304437
0.292134
0.279005
0.265
0.250067
0.234145
0.217175
0.19909
0.179822
0.159294
0.137429
0.114142
0.0893418
0.0629335
0.0348147
0.00487625
-0.0269978
-0.0609312
-0.0970558
-0.135512
-0.17645
-0.220029
-0.266419
-0.3158
-0.368368
-0.424326
-0.483895
-0.547308
-0.614815
-0.686681
0.463207
0.463148
0.463061
0.462945
0.462801
0.462628
0.462427
0.462198
0.46194
0.461654
0.461336
0.460976
0.460529
0.459877
0.458917
0.457644
0.456084
0.454273
0.452231
0.449964
0.447471
0.44475
0.44179
0.438584
0.43512
0.431386
0.427367
0.42305
0.418417
0.413452
0.408136
0.402447
0.396366
0.389868
0.382928
0.37552
0.367616
0.359185
0.350194
0.340609
0.330394
0.319509
0.307911
0.295557
0.282399
0.268387
0.253465
0.237577
0.220661
0.202652
0.18348
0.163071
0.141346
0.11822
0.0936032
0.0674
0.0395079
0.009818
-0.0217857
-0.055427
-0.0912381
-0.12936
-0.169943
-0.213146
0.487753
0.487785
0.487803
0.487808
0.487802
0.487783
0.487754
0.487713
0.48766
0.487597
0.487522
0.487432
0.487315
0.487135
0.48686
0.48648
0.486001
0.485431
0.484778
0.484045
0.483231
0.482336
0.481357
0.480292
0.479137
0.47789
0.476544
0.475097
0.473542
0.471874
0.470086
0.468172
0.466126
0.463939
0.461604
0.45911
0.45645
0.453613
0.450588
0.447365
0.44393
0.440271
0.436374
0.432225
0.427808
0.423105
0.418099
0.412771
0.407101
0.401067
0.394645
0.387812
0.380541
0.372805
0.364571
0.35581
0.346488
0.336567
0.326008
0.314771
0.302811
0.29008
0.276528
0.262101
0.512326
0.512444
0.512564
0.512687
0.512815
0.512948
0.513086
0.51323
0.513379
0.513535
0.513698
0.513874
0.514082
0.51437
0.514774
0.515283
0.51588
0.51655
0.517285
0.518084
0.518949
0.519881
0.520883
0.521961
0.523118
0.52436
0.525691
0.527116
0.528642
0.530274
0.53202
0.533886
0.53588
0.538009
0.540284
0.542711
0.545302
0.548066
0.551016
0.554162
0.557516
0.561094
0.564907
0.568973
0.573308
0.577927
0.58285
0.588097
0.593687
0.599644
0.605991
0.612753
0.619957
0.627631
0.635804
0.64451
0.653784
0.66366
0.674177
0.685377
0.697304
0.710002
0.723522
0.737916
0.536868
0.537069
0.537287
0.537524
0.537782
0.538063
0.538366
0.538691
0.53904
0.539412
0.539812
0.540251
0.540781
0.541533
0.54261
0.544004
0.545673
0.547577
0.549696
0.552023
0.55456
0.557315
0.560295
0.563511
0.566975
0.570701
0.574703
0.578997
0.583599
0.588528
0.593802
0.599442
0.60547
0.611911
0.618789
0.626131
0.633967
0.642326
0.651242
0.66075
0.670886
0.681691
0.693207
0.705479
0.718555
0.732487
0.747328
0.763137
0.779977
0.797912
0.817014
0.837356
0.859019
0.882088
0.906653
0.932808
0.960657
0.990309
1.02188
1.0555
1.09129
1.1294
1.16997
1.21315
0.561319
0.561599
0.561911
0.562259
0.562646
0.563073
0.563538
0.564043
0.564588
0.565175
0.56581
0.566511
0.567362
0.568577
0.570324
0.572597
0.57533
0.57846
0.581954
0.5858
0.590002
0.59457
0.599516
0.60486
0.610621
0.61682
0.623482
0.630632
0.638297
0.646508
0.655296
0.664695
0.674743
0.685477
0.696942
0.70918
0.722241
0.736175
0.751035
0.766881
0.783775
0.801781
0.820971
0.84142
0.863207
0.886417
0.911142
0.937477
0.965526
0.995397
1.02721
1.06108
1.09715
1.13557
1.17647
1.22001
1.26637
1.31573
1.36829
1.42425
1.48382
1.54725
1.61478
1.68667
0.585621
0.585975
0.586379
0.586837
0.58735
0.587919
0.588546
0.589229
0.58997
0.590772
0.591641
0.592604
0.593776
0.595453
0.597867
0.601013
0.604802
0.609148
0.614005
0.619358
0.62521
0.631575
0.638473
0.645929
0.653969
0.662624
0.671927
0.681912
0.69262
0.70409
0.716368
0.729502
0.743543
0.758544
0.774566
0.79167
0.809922
0.829395
0.850163
0.872309
0.895918
0.921082
0.947899
0.976474
1.00692
1.03935
1.0739
1.1107
1.14989
1.19163
1.23607
1.2834
1.3338
1.38746
1.44459
1.50543
1.5702
1.63916
1.71257
1.79074
1.87396
1.96256
2.05689
2.15732
0.609715
0.610141
0.610634
0.611197
0.611835
0.612546
0.613332
0.614194
0.615131
0.616148
0.617253
0.618479
0.619974
0.622113
0.625193
0.629206
0.63404
0.639589
0.645794
0.652636
0.66012
0.668264
0.677093
0.686638
0.696934
0.70802
0.719936
0.73273
0.74645
0.76115
0.776887
0.79372
0.811717
0.830947
0.851485
0.873411
0.896809
0.921773
0.948398
0.976788
1.00705
1.03931
1.07369
1.11033
1.14936
1.19093
1.23522
1.28239
1.33263
1.38614
1.44311
1.50378
1.56838
1.63716
1.7104
1.78838
1.8714
1.95979
2.0539
2.15409
2.26077
2.37433
2.49525
2.62397
0.633544
0.634038
0.634616
0.635285
0.636045
0.636897
0.637843
0.638884
0.640018
0.64125
0.642593
0.644086
0.645907
0.648511
0.652256
0.657128
0.662996
0.669731
0.677264
0.685575
0.694668
0.704566
0.7153
0.726907
0.739429
0.752914
0.767412
0.782979
0.799675
0.817565
0.836718
0.857208
0.879115
0.902523
0.927525
0.954218
0.982705
1.01309
1.04551
1.08007
1.11692
1.1562
1.19806
1.24266
1.29018
1.3408
1.39472
1.45215
1.51332
1.57846
1.64783
1.72169
1.80034
1.88408
1.97324
2.06818
2.16926
2.27687
2.39145
2.51343
2.6433
2.78157
2.92878
3.08551
0.657049
0.657609
0.658271
0.659042
0.659923
0.660917
0.662023
0.663242
0.664576
0.666027
0.667611
0.669375
0.671526
0.6746
0.679008
0.684732
0.691619
0.699522
0.708362
0.718116
0.728791
0.740414
0.753021
0.766656
0.781368
0.797215
0.814255
0.832553
0.85218
0.873213
0.895732
0.919824
0.945584
0.973111
1.00251
1.03391
1.06741
1.10315
1.14127
1.18193
1.22527
1.27147
1.3207
1.37316
1.42905
1.4886
1.55202
1.61958
1.69152
1.76814
1.84973
1.93661
2.02912
2.12763
2.2325
2.34417
2.46306
2.58964
2.72441
2.86789
3.02065
3.18329
3.35645
3.54081
0.680174
0.680796
0.68154
0.682412
0.683415
0.68455
0.685817
0.687217
0.688752
0.690426
0.692256
0.694295
0.696784
0.700332
0.705402
0.71197
0.71986
0.728909
0.73903
0.750199
0.762424
0.775738
0.790181
0.805805
0.822668
0.840832
0.860366
0.881346
0.903852
0.927971
0.953797
0.98143
1.01098
1.04255
1.07628
1.11229
1.15073
1.19174
1.23547
1.28211
1.33185
1.38485
1.44133
1.50153
1.56566
1.63398
1.70675
1.78426
1.86682
1.95473
2.04835
2.14804
2.25418
2.36721
2.48755
2.61568
2.7521
2.89735
3.05199
3.21663
3.39192
3.57854
3.77723
3.98878
0.702865
0.703545
0.704368
0.705341
0.706464
0.707741
0.709171
0.710755
0.712494
0.714395
0.716476
0.718797
0.721631
0.725659
0.731391
0.738793
0.747667
0.757838
0.769212
0.781762
0.795502
0.810468
0.826707
0.844276
0.863241
0.883672
0.905648
0.929252
0.954577
0.98172
1.01079
1.04189
1.07515
1.11069
1.14866
1.1892
1.23247
1.27864
1.32789
1.3804
1.43639
1.49608
1.55968
1.62746
1.69967
1.7766
1.85854
1.94583
2.03879
2.13778
2.2432
2.35546
2.47499
2.60226
2.73778
2.88207
3.03569
3.19925
3.37339
3.55879
3.75619
3.96636
4.19011
4.42834
0.725065
0.725801
0.726702
0.727773
0.729017
0.730437
0.732031
0.733801
0.73575
0.737883
0.740221
0.742832
0.746019
0.750534
0.756927
0.765152
0.77499
0.786254
0.798847
0.812743
0.827959
0.844534
0.862522
0.881987
0.903002
0.925644
0.950002
0.976169
1.00424
1.03434
1.06657
1.10106
1.13795
1.17737
1.21948
1.26445
1.31245
1.36367
1.4183
1.47656
1.53867
1.60489
1.67545
1.75065
1.83077
1.91612
2.00704
2.10388
2.20702
2.31686
2.43383
2.55838
2.69101
2.83223
2.98259
3.14269
3.31314
3.49463
3.68786
3.89358
4.11261
4.34581
4.59409
4.85844
0.746723
0.747511
0.748487
0.749656
0.751021
0.752584
0.754345
0.756306
0.758468
0.760838
0.763441
0.766351
0.769901
0.774909
0.781962
0.790994
0.801773
0.814101
0.827878
0.84308
0.859728
0.877865
0.897551
0.918858
0.941864
0.966658
0.993333
1.02199
1.05274
1.08571
1.12102
1.15882
1.19924
1.24244
1.28859
1.33787
1.39048
1.44661
1.5065
1.57036
1.63845
1.71102
1.78838
1.87081
1.95864
2.05221
2.15188
2.25805
2.37112
2.49154
2.61977
2.75632
2.90172
3.05655
3.2214
3.39692
3.5838
3.78277
3.99462
4.22017
4.46031
4.71599
4.98821
5.27804
0.767785
0.768622
0.769671
0.770937
0.772423
0.77413
0.776061
0.778215
0.780596
0.783211
0.786086
0.789303
0.793228
0.798736
0.806443
0.816268
0.827962
0.84132
0.856243
0.872708
0.89074
0.910388
0.931718
0.954807
0.979743
1.00662
1.03554
1.06661
1.09997
1.13572
1.17402
1.21502
1.25887
1.30574
1.35581
1.40929
1.46637
1.52729
1.59228
1.66158
1.73548
1.81424
1.8982
1.98767
2.08299
2.18455
2.29273
2.40796
2.53069
2.6614
2.80059
2.94881
3.10664
3.27469
3.45363
3.64416
3.84701
4.06299
4.29295
4.53778
4.79846
5.076
5.3715
5.68612
0.7882
0.789082
0.790202
0.791564
0.793171
0.795025
0.797128
0.79948
0.802085
0.804951
0.808106
0.811641
0.81595
0.821964
0.830322
0.840921
0.853501
0.867853
0.883879
0.901561
0.920927
0.942031
0.964945
0.989756
1.01655
1.04544
1.07653
1.10994
1.1458
1.18426
1.22545
1.26954
1.31671
1.36713
1.42101
1.47854
1.53996
1.60551
1.67544
1.75001
1.82953
1.9143
2.00465
2.10094
2.20353
2.31283
2.42926
2.55327
2.68536
2.82604
2.97585
3.13538
3.30525
3.48614
3.67873
3.8838
4.10215
4.33462
4.58213
4.84566
5.12625
5.42499
5.74305
6.08171
0.80792
0.808844
0.810033
0.81149
0.813218
0.815219
0.817496
0.820049
0.822883
0.826007
0.829452
0.833315
0.838018
0.844544
0.853544
0.864897
0.878331
0.893639
0.910724
0.929572
0.950217
0.972719
0.997156
1.02362
1.0522
1.08302
1.1162
1.15186
1.19014
1.23119
1.27518
1.32226
1.37262
1.42647
1.48401
1.54546
1.61107
1.68108
1.75578
1.83545
1.9204
2.01095
2.10748
2.21035
2.31996
2.43673
2.56113
2.69363
2.83477
2.98507
3.14514
3.3156
3.49711
3.69038
3.89617
4.11529
4.34859
4.59699
4.86147
5.14306
5.44288
5.7621
6.10198
6.46385
0.826897
0.827859
0.829113
0.830663
0.832512
0.834663
0.837116
0.839874
0.842942
0.846331
0.850074
0.854275
0.859382
0.866422
0.876055
0.888137
0.902392
0.918614
0.936711
0.956673
0.97854
1.00238
1.02827
1.05632
1.08661
1.11929
1.15447
1.19228
1.23288
1.27643
1.32309
1.37304
1.42648
1.48362
1.54468
1.60989
1.67952
1.75383
1.83311
1.91768
2.00785
2.10398
2.20644
2.31564
2.432
2.55597
2.68804
2.82871
2.97854
3.13811
3.30805
3.48902
3.68173
3.88693
4.10542
4.33806
4.58576
4.84949
5.1303
5.42927
5.7476
6.08653
6.4474
6.83162
0.845084
0.84608
0.847398
0.849039
0.851009
0.853308
0.85594
0.858907
0.862214
0.865874
0.869922
0.87447
0.879991
0.887546
0.897798
0.910584
0.925622
0.942714
0.961772
0.982795
1.00583
1.03093
1.05821
1.08777
1.1197
1.15414
1.19123
1.2311
1.27392
1.31985
1.36907
1.42176
1.47814
1.53843
1.60286
1.67167
1.74516
1.82358
1.90726
1.99651
2.09168
2.19315
2.30131
2.41658
2.5394
2.67027
2.80968
2.95818
3.11634
3.2848
3.4642
3.65525
3.85869
4.07531
4.30597
4.55157
4.81308
5.09151
5.38797
5.70361
6.03968
6.39751
6.7785
7.18415
0.862439
0.863464
0.864842
0.866573
0.868661
0.87111
0.873921
0.877099
0.880649
0.884586
0.888947
0.89385
0.899792
0.907861
0.918715
0.932175
0.947958
0.965873
0.985843
1.00787
1.032
1.05831
1.08691
1.11789
1.15137
1.18749
1.2264
1.26823
1.31316
1.36135
1.413
1.46831
1.52749
1.59078
1.65842
1.73067
1.80782
1.89017
1.97804
2.07176
2.1717
2.27826
2.39185
2.5129
2.6419
2.77934
2.92576
3.08172
3.24785
3.42478
3.61321
3.81387
4.02755
4.25508
4.49736
4.75533
5.03
5.32246
5.63385
5.9654
6.31841
6.69427
7.09446
7.52056
0.878919
0.879969
0.881402
0.88322
0.885426
0.888023
0.891015
0.894405
0.898202
0.902419
0.907098
0.912365
0.918732
0.92731
0.938747
0.952847
0.969334
0.988025
1.00885
1.03182
1.05699
1.08444
1.11427
1.1466
1.18155
1.21926
1.25988
1.30356
1.35049
1.40082
1.45478
1.51257
1.57441
1.64054
1.71123
1.78674
1.86737
1.95344
2.04527
2.14324
2.24771
2.3591
2.47784
2.60439
2.73925
2.88293
3.03601
3.19906
3.37274
3.55772
3.75472
3.96451
4.18792
4.42581
4.67911
4.94883
5.23602
5.5418
5.86737
6.21403
6.58312
6.97611
7.39454
7.84006
0.894486
0.895555
0.89704
0.898941
0.901262
0.904006
0.907177
0.91078
0.914824
0.919326
0.924328
0.929961
0.936756
0.945835
0.957831
0.972537
0.989685
1.0091
1.03073
1.05458
1.08072
1.10923
1.14023
1.17382
1.21015
1.24935
1.29159
1.33702
1.38582
1.43818
1.49431
1.55443
1.61877
1.68759
1.76114
1.83972
1.92364
2.01322
2.10881
2.21078
2.31953
2.43548
2.55909
2.69083
2.83122
2.98079
3.14015
3.3099
3.49072
3.6833
3.8884
4.10682
4.33941
4.58708
4.8508
5.13162
5.43062
5.74899
6.08797
6.44889
6.83318
7.24235
7.67802
8.14188
0.909099
0.910183
0.911715
0.913696
0.916128
0.919016
0.922365
0.92618
0.930472
0.935258
0.940585
0.946587
0.953809
0.963375
0.975904
0.99118
1.00894
1.02903
1.0514
1.07608
1.10312
1.13263
1.1647
1.19948
1.2371
1.2777
1.32144
1.3685
1.41906
1.47331
1.53148
1.59379
1.66047
1.7318
1.80805
1.88952
1.97652
2.06939
2.1685
2.27423
2.38699
2.50722
2.63539
2.772
2.91758
3.07269
3.23794
3.41398
3.6015
3.80121
4.01392
4.24044
4.48165
4.73851
5.01202
5.30326
5.61336
5.94354
6.2951
6.66943
7.06799
7.49235
7.9442
8.4253
0.922725
0.923819
0.925393
0.927448
0.929988
0.933017
0.93654
0.940565
0.945102
0.950172
0.955822
0.962191
0.969834
0.979873
0.992905
1.00871
1.02704
1.04775
1.07081
1.09624
1.12412
1.15454
1.18763
1.2235
1.26231
1.3042
1.34934
1.39792
1.45011
1.50613
1.56619
1.63053
1.6994
1.77307
1.85183
1.93598
2.02585
2.12179
2.22418
2.33341
2.44991
2.57413
2.70656
2.84771
2.99813
3.1584
3.32916
3.51106
3.70482
3.91119
4.13098
4.36505
4.61431
4.87974
5.16238
5.46333
5.78378
6.12498
6.48828
6.8751
7.28697
7.72551
8.19244
8.68961
0.935332
0.936428
0.93804
0.940165
0.942807
0.945971
0.949664
0.953893
0.958671
0.96402
0.969989
0.976722
0.984777
0.995266
1.00877
1.02506
1.04391
1.06519
1.08888
1.11501
1.14365
1.17492
1.20893
1.24581
1.28571
1.3288
1.37523
1.4252
1.4789
1.53655
1.59835
1.66457
1.73546
1.8113
1.89237
1.979
2.07153
2.17031
2.27573
2.3882
2.50815
2.63607
2.77244
2.91778
3.07268
3.23773
3.41357
3.6009
3.80044
4.01296
4.23931
4.48037
4.73707
5.01043
5.30151
5.61145
5.94148
6.29288
6.66704
7.06543
7.48961
7.94126
8.42216
8.9342
0.946888
0.947982
0.949624
0.951813
0.954552
0.957846
0.961701
0.966128
0.97114
0.976761
0.983041
0.990128
0.99858
1.00949
1.02343
1.04017
1.0595
1.0813
1.10555
1.13231
1.16165
1.19369
1.22854
1.26634
1.30724
1.35141
1.39902
1.45027
1.50536
1.56448
1.62789
1.69583
1.76856
1.84638
1.92957
2.01848
2.11344
2.21482
2.32301
2.43845
2.56158
2.69287
2.83284
2.98204
3.14104
3.31047
3.49098
3.68327
3.88811
4.10629
4.33865
4.58611
4.84964
5.13026
5.42909
5.74727
6.08608
6.44683
6.83095
7.23994
7.67542
8.13909
8.6328
9.15847
0.957366
0.958453
0.96012
0.962365
0.965194
0.968609
0.972619
0.977235
0.982472
0.988352
0.994931
1.00236
1.01119
1.0225
1.03683
1.05397
1.07372
1.09599
1.12076
1.14808
1.17805
1.21078
1.24638
1.28501
1.32682
1.37198
1.42065
1.47306
1.52939
1.58986
1.65472
1.72421
1.79862
1.87822
1.96334
2.0543
2.15146
2.2552
2.36591
2.48404
2.61004
2.7444
2.88765
3.04033
3.20306
3.37645
3.56119
3.75799
3.96764
4.19093
4.42875
4.68202
4.95174
5.23895
5.5448
5.87046
6.21723
6.58647
6.97961
7.39822
7.84394
8.31852
8.82384
9.36189
0.96674
0.967814
0.9695
0.971796
0.974706
0.978234
0.982389
0.987183
0.992631
0.998758
1.00562
1.01336
1.02255
1.03422
1.04891
1.0664
1.08653
1.10921
1.13444
1.16227
1.1928
1.22613
1.26241
1.30177
1.34439
1.39043
1.44006
1.49349
1.55093
1.6126
1.67875
1.74963
1.82553
1.90675
1.99358
2.08639
2.18552
2.29136
2.40433
2.52487
2.65343
2.79054
2.93671
3.09252
3.25857
3.43552
3.62404
3.82488
4.03883
4.2667
4.5094
4.76787
5.04313
5.33624
5.64837
5.98072
6.33462
6.71145
7.11268
7.5399
7.99478
8.47912
8.99483
9.54395
0.974988
0.976044
0.977743
0.980083
0.983066
0.986698
0.990986
0.995942
1.00158
1.00794
1.01506
1.02311
1.03261
1.04461
1.05961
1.07742
1.09788
1.12092
1.14655
1.17481
1.20583
1.2397
1.27657
1.31658
1.3599
1.4067
1.45717
1.5115
1.56992
1.63265
1.69993
1.77204
1.84925
1.93188
2.02023
2.11465
2.21551
2.32321
2.43816
2.56081
2.69164
2.83116
2.97991
3.13846
3.30745
3.48752
3.67938
3.88377
4.1015
4.33341
4.5804
4.84345
5.12358
5.42189
5.73955
6.0778
6.43797
6.82148
7.22982
7.66462
8.12757
8.62051
9.14537
9.70422
0.982091
0.983125
0.984831
0.987208
0.990255
0.993979
0.998386
1.00349
1.00931
1.01587
1.02323
1.03154
1.04133
1.05362
1.06889
1.08697
1.10771
1.13106
1.15702
1.18567
1.21709
1.25142
1.2888
1.32937
1.3733
1.42076
1.47194
1.52705
1.58631
1.64994
1.71821
1.79136
1.86971
1.95355
2.0432
2.13902
2.24137
2.35066
2.46732
2.5918
2.72457
2.86617
3.01714
3.17806
3.34958
3.53234
3.72707
3.93452
4.1555
4.39089
4.64159
4.90858
5.19291
5.4957
5.81812
6.16145
6.52702
6.91629
7.33076
7.77209
8.242
8.74234
9.27508
9.84233
0.988032
0.98904
0.990749
0.993155
0.996257
1.00006
1.00457
1.0098
1.01577
1.02252
1.03009
1.03863
1.04867
1.0612
1.07669
1.095
1.11598
1.13958
1.16582
1.19478
1.22655
1.26127
1.29907
1.3401
1.38453
1.43254
1.48432
1.54008
1.60004
1.66444
1.73352
1.80756
1.88685
1.9717
2.06244
2.15942
2.26303
2.37365
2.49174
2.61774
2.75215
2.89549
3.04831
3.21122
3.38484
3.56986
3.76699
3.97701
4.20072
4.43901
4.69281
4.9631
5.25095
5.55748
5.88389
6.23147
6.60157
6.99565
7.41526
7.86204
8.33777
8.84431
9.38366
9.95795
0.992797
0.993777
0.995485
0.997915
1.00107
1.00493
1.00953
1.01487
1.02097
1.02786
1.0356
1.04433
1.05458
1.06731
1.08299
1.10147
1.12264
1.14644
1.17291
1.20212
1.23417
1.26919
1.30733
1.34873
1.39356
1.44202
1.49428
1.55056
1.61108
1.67609
1.74583
1.82057
1.90062
1.98628
2.0779
2.17582
2.28042
2.39212
2.51135
2.63858
2.7743
2.91903
3.07335
3.23785
3.41317
3.59999
3.79905
4.01113
4.23704
4.47766
4.73394
5.00689
5.29756
5.6071
5.93671
6.2877
6.66143
7.05938
7.48311
7.93428
8.41468
8.92619
9.47083
10.0508
0.996376
0.997328
0.999036
1.00149
1.00467
1.00859
1.01326
1.01868
1.02488
1.03188
1.03976
1.04864
1.05904
1.07192
1.08774
1.10636
1.12766
1.15162
1.17826
1.20765
1.23991
1.27517
1.31355
1.35523
1.40037
1.44916
1.50178
1.55845
1.6194
1.68486
1.75509
1.83037
1.91099
1.99726
2.08953
2.18815
2.29351
2.40602
2.52612
2.65427
2.79097
2.93675
3.09219
3.25788
3.43448
3.62267
3.82318
4.0368
4.26435
4.50673
4.76489
5.03983
5.33263
5.64442
5.97644
6.33
6.70646
7.10732
7.53415
7.98862
8.47253
8.98778
9.5364
10.1206
0.998762
0.999692
1.0014
1.00386
1.00707
1.01103
1.01575
1.02123
1.02749
1.03458
1.04254
1.05152
1.06203
1.07501
1.09092
1.10963
1.13103
1.15508
1.18184
1.21136
1.24375
1.27916
1.31772
1.35958
1.40493
1.45393
1.5068
1.56373
1.62496
1.69073
1.76129
1.83692
1.91792
2.0046
2.09732
2.19641
2.30227
2.41532
2.53599
2.66475
2.80211
2.9486
3.10479
3.27128
3.44873
3.63783
3.83931
4.05396
4.28262
4.52617
4.78558
5.06185
5.35606
5.66937
6.003
6.35827
6.73656
7.13936
7.56825
8.02492
8.51118
9.02892
9.58021
10.1672
0.999956
1.00087
1.00258
1.00505
1.00827
1.01225
1.01699
1.0225
1.0288
1.03593
1.04393
1.05297
1.06354
1.07657
1.09252
1.11127
1.13272
1.15682
1.18363
1.21322
1.24568
1.28116
1.3198
1.36177
1.40721
1.45633
1.50931
1.56638
1.62776
1.69367
1.7644
1.84021
1.9214
2.00829
2.10122
2.20055
2.30667
2.41999
2.54095
2.67002
2.80771
2.95455
3.11111
3.27801
3.45588
3.64544
3.84741
4.06257
4.29178
4.53593
4.79596
5.07289
5.36781
5.68188
6.01632
6.37244
6.75164
7.15541
7.58534
8.04311
8.53053
9.04953
9.60214
10.1906
