-0.00029694
-0.000799439
-0.00129349
-0.00178252
-0.00226935
-0.00275632
-0.0032454
-0.00373844
-0.00423727
-0.00474403
-0.00526193
-0.00579821
-0.00637683
-0.00703609
-0.00778428
-0.00860204
-0.00947683
-0.0104028
-0.0113784
-0.0124047
-0.0134845
-0.0146212
-0.0158187
-0.0170816
-0.0184147
-0.0198231
-0.0213125
-0.0228886
-0.0245576
-0.0263263
-0.0282015
-0.0301909
-0.0323022
-0.034544
-0.0369252
-0.0394554
-0.0421445
-0.0450035
-0.0480437
-0.0512774
-0.0547173
-0.0583775
-0.0622727
-0.0664181
-0.0708305
-0.0755279
-0.0805288
-0.0858534
-0.0915234
-0.0975614
-0.103992
-0.11084
-0.118134
-0.125903
-0.134179
-0.142994
-0.152386
-0.162391
-0.173051
-0.184408
-0.196509
-0.209403
-0.223143
-0.237785
-0.000961373
-0.00244431
-0.00391154
-0.00536941
-0.00682417
-0.00828154
-0.00974682
-0.0112251
-0.0127218
-0.014243
-0.0157985
-0.0174101
-0.0191507
-0.0211371
-0.0233945
-0.0258637
-0.0285065
-0.0313049
-0.0342542
-0.0373576
-0.0406232
-0.0440612
-0.0476839
-0.0515046
-0.0555378
-0.0597991
-0.0643049
-0.0690727
-0.0741213
-0.0794702
-0.0851407
-0.0911549
-0.0975362
-0.10431
-0.111503
-0.119144
-0.127261
-0.135888
-0.145059
-0.154808
-0.165176
-0.176202
-0.18793
-0.200406
-0.213679
-0.227802
-0.242831
-0.258824
-0.275845
-0.293961
-0.313245
-0.333771
-0.355622
-0.378885
-0.403652
-0.430021
-0.458099
-0.487997
-0.519835
-0.553741
-0.589852
-0.628312
-0.669279
-0.712916
-0.00177234
-0.00419259
-0.00659945
-0.00899947
-0.0114
-0.0138084
-0.0162324
-0.0186794
-0.0211577
-0.0236774
-0.0262544
-0.0289256
-0.0318144
-0.0351188
-0.0388815
-0.0430007
-0.0474107
-0.0520803
-0.0570013
-0.062179
-0.0676267
-0.0733617
-0.0794042
-0.0857767
-0.092503
-0.0996092
-0.107123
-0.115073
-0.123491
-0.132409
-0.141863
-0.151889
-0.162526
-0.173817
-0.185806
-0.198539
-0.212066
-0.226442
-0.241721
-0.257964
-0.275235
-0.293601
-0.313134
-0.333911
-0.356014
-0.379529
-0.404549
-0.431172
-0.459504
-0.489655
-0.521745
-0.5559
-0.592256
-0.630957
-0.672155
-0.716015
-0.762711
-0.812429
-0.86537
-0.921743
-0.981776
-1.04571
-1.1138
-1.18633
-0.00273588
-0.00606017
-0.00937272
-0.0126829
-0.0159994
-0.0193311
-0.0226873
-0.0260773
-0.0295118
-0.0330044
-0.0365772
-0.0402824
-0.0442966
-0.0489042
-0.0541655
-0.0599321
-0.0661077
-0.0726462
-0.0795355
-0.0867828
-0.0944065
-0.102431
-0.110884
-0.119798
-0.129206
-0.139144
-0.149652
-0.160769
-0.172538
-0.185007
-0.198224
-0.21224
-0.22711
-0.242892
-0.259649
-0.277446
-0.296353
-0.316443
-0.337796
-0.360494
-0.384628
-0.41029
-0.437583
-0.466612
-0.497492
-0.530343
-0.565295
-0.602485
-0.642059
-0.684174
-0.728993
-0.776695
-0.827468
-0.881512
-0.939042
-1.00029
-1.06549
-1.13491
-1.20882
-1.28753
-1.37134
-1.46059
-1.55564
-1.65688
-0.00385024
-0.00804776
-0.0122321
-0.0164178
-0.0206162
-0.0248377
-0.0290928
-0.0333928
-0.0377503
-0.042182
-0.0467163
-0.0514213
-0.0565301
-0.0624203
-0.0691704
-0.0765801
-0.0845185
-0.0929226
-0.101775
-0.111085
-0.120876
-0.131179
-0.14203
-0.153471
-0.165544
-0.178296
-0.191776
-0.206038
-0.221135
-0.237129
-0.25408
-0.272055
-0.291125
-0.311364
-0.332852
-0.355673
-0.379915
-0.405674
-0.43305
-0.462151
-0.493091
-0.52599
-0.560977
-0.598189
-0.637773
-0.679882
-0.724683
-0.772351
-0.823073
-0.87705
-0.934491
-0.995624
-1.06069
-1.12995
-1.20368
-1.28216
-1.36571
-1.45466
-1.54937
-1.65021
-1.7576
-1.87196
-1.99374
-2.12345
-0.00511058
-0.0101498
-0.0151707
-0.0201953
-0.0252381
-0.0303115
-0.0354275
-0.0405988
-0.0458398
-0.0511701
-0.0566244
-0.0622873
-0.0684527
-0.0755989
-0.0838249
-0.0928717
-0.102569
-0.112833
-0.123642
-0.135006
-0.146951
-0.159518
-0.172751
-0.186699
-0.201416
-0.216959
-0.233386
-0.250763
-0.269157
-0.288641
-0.309291
-0.331187
-0.354414
-0.379065
-0.405235
-0.433027
-0.462549
-0.493917
-0.527253
-0.562689
-0.600362
-0.640419
-0.683019
-0.728326
-0.77652
-0.827787
-0.88233
-0.940361
-1.00211
-1.06782
-1.13774
-1.21216
-1.29137
-1.37568
-1.46542
-1.56095
-1.66265
-1.77092
-1.88619
-2.00893
-2.13963
-2.27881
-2.42703
-2.5849
-0.0065104
-0.012358
-0.0181782
-0.0240026
-0.0298497
-0.0357339
-0.0416688
-0.0476681
-0.0537482
-0.0599313
-0.0662582
-0.0728312
-0.0800085
-0.0883788
-0.0980638
-0.10874
-0.120189
-0.132307
-0.145063
-0.158468
-0.172554
-0.187367
-0.20296
-0.219393
-0.236726
-0.255029
-0.274372
-0.294829
-0.316483
-0.339416
-0.363719
-0.389487
-0.416822
-0.445828
-0.476621
-0.50932
-0.544054
-0.580959
-0.620178
-0.661865
-0.706183
-0.753305
-0.803416
-0.856711
-0.913399
-0.973701
-1.03786
-1.10611
-1.17874
-1.25603
-1.33827
-1.42579
-1.51895
-1.6181
-1.72364
-1.83599
-1.95559
-2.08292
-2.21848
-2.36282
-2.51652
-2.68018
-2.85448
-3.04013
-0.008042
-0.0146622
-0.0212424
-0.0278252
-0.034434
-0.0410853
-0.0477939
-0.0545749
-0.0614459
-0.068432
-0.0755799
-0.0830101
-0.0911493
-0.100706
-0.11183
-0.124123
-0.137317
-0.151279
-0.16597
-0.1814
-0.197607
-0.214645
-0.232574
-0.251461
-0.271381
-0.292409
-0.314629
-0.338125
-0.362992
-0.389326
-0.417231
-0.446814
-0.478193
-0.51149
-0.546836
-0.584368
-0.624234
-0.66659
-0.711599
-0.75944
-0.810299
-0.864375
-0.92188
-0.983036
-1.04808
-1.11728
-1.19089
-1.26921
-1.35254
-1.44122
-1.53558
-1.636
-1.74288
-1.85664
-1.97772
-2.10662
-2.24383
-2.38991
-2.54543
-2.71102
-2.88735
-3.07511
-3.27507
-3.48803
-0.00969685
-0.0170516
-0.0243503
-0.0316483
-0.0389742
-0.0463466
-0.0537817
-0.0612955
-0.0689068
-0.0766431
-0.0845574
-0.0927885
-0.101835
-0.112537
-0.125073
-0.138969
-0.153896
-0.16969
-0.1863
-0.203737
-0.222043
-0.241278
-0.261512
-0.282822
-0.305291
-0.329004
-0.354056
-0.380543
-0.408571
-0.438249
-0.469693
-0.503026
-0.53838
-0.575892
-0.61571
-0.657989
-0.702895
-0.750603
-0.801299
-0.855181
-0.912462
-0.973363
-1.03812
-1.10699
-1.18025
-1.25817
-1.34107
-1.42926
-1.5231
-1.62295
-1.72921
-1.84228
-1.96263
-2.09072
-2.22706
-2.37219
-2.52668
-2.69115
-2.86626
-3.0527
-3.25123
-3.46263
-3.68776
-3.92753
-0.0114658
-0.0195151
-0.0274889
-0.0354575
-0.0434543
-0.0515006
-0.0596133
-0.0678095
-0.0761088
-0.084541
-0.0931652
-0.102139
-0.112035
-0.123834
-0.137753
-0.153233
-0.169878
-0.187487
-0.205998
-0.225418
-0.245796
-0.267199
-0.289703
-0.313397
-0.338371
-0.364722
-0.392554
-0.421978
-0.453107
-0.486064
-0.520979
-0.557989
-0.597238
-0.63888
-0.683079
-0.730008
-0.779849
-0.832798
-0.889061
-0.948859
-1.01242
-1.08001
-1.15187
-1.22829
-1.30958
-1.39604
-1.48803
-1.58588
-1.69
-1.80079
-1.91868
-2.04414
-2.17766
-2.31978
-2.47104
-2.63206
-2.80346
-2.98593
-3.1802
-3.38704
-3.60729
-3.84182
-4.09157
-4.35757
-0.0133394
-0.0220413
-0.0306459
-0.039239
-0.0478599
-0.0565318
-0.0652728
-0.0741001
-0.0830345
-0.0921077
-0.101385
-0.111042
-0.121728
-0.134572
-0.149838
-0.166878
-0.185221
-0.204626
-0.225013
-0.24639
-0.268808
-0.292342
-0.317078
-0.34311
-0.370541
-0.399477
-0.430033
-0.46233
-0.496493
-0.532658
-0.570967
-0.61157
-0.654626
-0.700303
-0.748782
-0.800251
-0.854912
-0.912979
-0.974677
-1.04025
-1.10995
-1.18405
-1.26285
-1.34665
-1.43577
-1.53057
-1.63141
-1.7387
-1.85285
-1.97431
-2.10355
-2.2411
-2.38748
-2.54327
-2.7091
-2.88561
-3.0735
-3.27354
-3.48649
-3.71324
-3.95467
-4.21176
-4.48554
-4.77711
-0.0153075
-0.0246191
-0.0338093
-0.0429807
-0.0521784
-0.0614276
-0.070747
-0.0801545
-0.0896712
-0.0993307
-0.109204
-0.119484
-0.130899
-0.144733
-0.161305
-0.179877
-0.199893
-0.221068
-0.243303
-0.266604
-0.291027
-0.316651
-0.343572
-0.371893
-0.401726
-0.433189
-0.466405
-0.501506
-0.53863
-0.577923
-0.619539
-0.663644
-0.710408
-0.760016
-0.812662
-0.868553
-0.927906
-0.990954
-1.05794
-1.12913
-1.20481
-1.28526
-1.3708
-1.46177
-1.55851
-1.66142
-1.77089
-1.88734
-2.01125
-2.14309
-2.28338
-2.43267
-2.59155
-2.76065
-2.94064
-3.13222
-3.33616
-3.55327
-3.78441
-4.0305
-4.29254
-4.57156
-4.8687
-5.18515
-0.01736
-0.0272376
-0.0369681
-0.0466716
-0.056399
-0.0661776
-0.0760265
-0.0859638
-0.0960109
-0.106203
-0.116616
-0.127463
-0.139544
-0.15431
-0.172143
-0.19221
-0.21387
-0.236784
-0.260834
-0.286022
-0.312406
-0.340074
-0.369128
-0.399683
-0.431858
-0.465781
-0.501586
-0.539415
-0.579418
-0.621752
-0.666583
-0.714089
-0.764455
-0.817879
-0.874571
-0.934753
-0.998659
-1.06654
-1.13866
-1.21531
-1.29677
-1.38338
-1.47546
-1.57338
-1.67752
-1.78829
-1.90611
-2.03146
-2.16483
-2.30673
-2.45773
-2.61841
-2.78942
-2.97141
-3.16512
-3.37131
-3.5908
-3.82446
-4.07322
-4.33807
-4.62007
-4.92036
-5.24014
-5.5807
-0.0194869
-0.0298863
-0.0401121
-0.0503022
-0.0605132
-0.0707741
-0.0811046
-0.0915227
-0.10205
-0.112723
-0.123623
-0.134979
-0.147667
-0.163304
-0.182345
-0.203868
-0.227134
-0.251751
-0.277577
-0.304608
-0.332905
-0.362564
-0.393695
-0.426422
-0.460872
-0.497183
-0.5355
-0.575974
-0.618767
-0.664046
-0.711991
-0.762789
-0.816641
-0.873758
-0.934364
-0.998696
-1.067
-1.13956
-1.21665
-1.29856
-1.38563
-1.47818
-1.57658
-1.68122
-1.7925
-1.91087
-2.03677
-2.17072
-2.31322
-2.46485
-2.62619
-2.79787
-2.98059
-3.17504
-3.38201
-3.60232
-3.83682
-4.08647
-4.35224
-4.63521
-4.9365
-5.25732
-5.59896
-5.96281
-0.0216778
-0.0325554
-0.0432324
-0.0538646
-0.0645143
-0.075212
-0.0859778
-0.0968295
-0.107789
-0.118894
-0.130229
-0.142042
-0.155276
-0.171721
-0.191915
-0.214846
-0.239677
-0.265954
-0.293509
-0.322333
-0.35249
-0.384081
-0.417227
-0.452056
-0.488708
-0.527329
-0.568074
-0.611104
-0.65659
-0.704712
-0.75566
-0.809634
-0.866848
-0.927525
-0.991903
-1.06023
-1.13278
-1.20984
-1.29171
-1.37869
-1.47115
-1.56943
-1.67392
-1.78503
-1.9032
-2.02887
-2.16256
-2.30477
-2.45607
-2.61705
-2.78835
-2.97062
-3.1646
-3.37105
-3.59078
-3.82467
-4.07363
-4.33865
-4.6208
-4.9212
-5.24104
-5.58162
-5.94431
-6.33055
-0.0239227
-0.0352354
-0.0463207
-0.0573521
-0.0683972
-0.0794881
-0.0906448
-0.101885
-0.113231
-0.124721
-0.136444
-0.148662
-0.162387
-0.179578
-0.200863
-0.225149
-0.251495
-0.279383
-0.308615
-0.339176
-0.371132
-0.404592
-0.439681
-0.476539
-0.515313
-0.55616
-0.599241
-0.644729
-0.692806
-0.743661
-0.797495
-0.85452
-0.914961
-0.979056
-1.04706
-1.11923
-1.19585
-1.27722
-1.36367
-1.45553
-1.55316
-1.65693
-1.76726
-1.88457
-2.00933
-2.14202
-2.28316
-2.4333
-2.59303
-2.76298
-2.94382
-3.13625
-3.34103
-3.55897
-3.79093
-4.03783
-4.30064
-4.58041
-4.87825
-5.19535
-5.53298
-5.89249
-6.27534
-6.68305
-0.0262115
-0.0379173
-0.0493696
-0.0607591
-0.0721584
-0.0836009
-0.0951069
-0.106693
-0.118383
-0.130214
-0.142281
-0.154857
-0.169019
-0.186893
-0.209204
-0.234785
-0.262592
-0.292033
-0.322884
-0.355119
-0.388809
-0.424065
-0.461023
-0.499829
-0.540639
-0.583618
-0.628939
-0.676783
-0.727339
-0.780809
-0.837404
-0.897347
-0.960874
-1.02824
-1.0997
-1.17553
-1.25604
-1.34155
-1.43238
-1.52889
-1.63145
-1.74047
-1.85637
-1.97961
-2.11066
-2.25004
-2.3983
-2.55601
-2.72379
-2.9023
-3.09224
-3.29435
-3.50944
-3.73835
-3.98198
-4.24129
-4.51732
-4.81116
-5.12397
-5.45701
-5.8116
-6.18918
-6.59126
-7.01945
-0.0285342
-0.0405926
-0.0523726
-0.0640812
-0.0757957
-0.0875507
-0.0993667
-0.11126
-0.123253
-0.135385
-0.147754
-0.160645
-0.175194
-0.19369
-0.21696
-0.243771
-0.272974
-0.303906
-0.336309
-0.370151
-0.4055
-0.442475
-0.481219
-0.521886
-0.564641
-0.609655
-0.657112
-0.707199
-0.760118
-0.816079
-0.875302
-0.938022
-1.00449
-1.07495
-1.14971
-1.22903
-1.31324
-1.40267
-1.49766
-1.59859
-1.70584
-1.81984
-1.94104
-2.06991
-2.20694
-2.35268
-2.5077
-2.67259
-2.84802
-3.03466
-3.23325
-3.44456
-3.66944
-3.90876
-4.16347
-4.43457
-4.72315
-5.03034
-5.35737
-5.70554
-6.07625
-6.47098
-6.89131
-7.33894
-0.0308809
-0.0432531
-0.0553236
-0.0673146
-0.0793077
-0.0913387
-0.103428
-0.115591
-0.127851
-0.140247
-0.15288
-0.166047
-0.180937
-0.199994
-0.224154
-0.252126
-0.282655
-0.315008
-0.348891
-0.384262
-0.421192
-0.459803
-0.500244
-0.542679
-0.587279
-0.634225
-0.683706
-0.735921
-0.791078
-0.849397
-0.91111
-0.976459
-1.0457
-1.11911
-1.19697
-1.2796
-1.36731
-1.46044
-1.55937
-1.66447
-1.77616
-1.89488
-2.02108
-2.15526
-2.29794
-2.44969
-2.61109
-2.78278
-2.96543
-3.15975
-3.36651
-3.58652
-3.82064
-4.06979
-4.33497
-4.61721
-4.91764
-5.23744
-5.57789
-5.94036
-6.32627
-6.73719
-7.17476
-7.64076
-0.0332419
-0.045891
-0.0582169
-0.0704559
-0.0826936
-0.0949666
-0.107295
-0.119695
-0.132187
-0.144814
-0.157677
-0.171083
-0.186271
-0.205833
-0.230811
-0.259868
-0.29165
-0.325346
-0.360631
-0.397449
-0.435873
-0.47603
-0.518075
-0.562178
-0.608519
-0.657285
-0.708674
-0.762893
-0.820158
-0.880698
-0.944752
-1.01257
-1.08443
-1.16061
-1.2414
-1.32712
-1.41812
-1.51474
-1.61736
-1.72639
-1.84225
-1.96539
-2.09629
-2.23546
-2.38346
-2.54085
-2.70825
-2.88631
-3.07574
-3.27727
-3.4917
-3.71987
-3.96267
-4.22106
-4.49606
-4.78876
-5.10031
-5.43195
-5.78501
-6.16088
-6.56108
-6.98719
-7.44095
-7.92417
-0.0356072
-0.0484984
-0.0610471
-0.0735022
-0.0859529
-0.0984365
-0.110973
-0.123578
-0.136273
-0.149099
-0.162161
-0.175775
-0.191223
-0.211234
-0.236959
-0.267023
-0.299975
-0.334932
-0.371532
-0.40971
-0.449535
-0.491142
-0.53469
-0.580357
-0.628327
-0.678797
-0.731972
-0.788065
-0.847301
-0.909917
-0.97616
-1.04629
-1.12059
-1.19935
-1.28287
-1.37149
-1.46556
-1.56543
-1.67151
-1.7842
-1.90394
-2.03121
-2.1665
-2.31033
-2.46328
-2.62593
-2.79892
-2.98294
-3.17869
-3.38695
-3.60853
-3.8443
-4.0952
-4.3622
-4.64636
-4.9488
-5.27073
-5.61341
-5.97822
-6.36659
-6.78009
-7.22038
-7.68922
-8.1885
-0.037967
-0.0510677
-0.0638086
-0.0764503
-0.0890848
-0.10175
-0.114467
-0.127249
-0.140118
-0.153115
-0.166349
-0.180141
-0.195814
-0.216222
-0.242624
-0.273612
-0.307648
-0.343776
-0.381601
-0.421043
-0.462173
-0.505128
-0.550073
-0.597192
-0.646676
-0.698729
-0.753561
-0.811393
-0.872457
-0.936997
-1.00527
-1.07754
-1.1541
-1.23525
-1.32131
-1.41262
-1.50952
-1.61241
-1.72168
-1.83776
-1.9611
-2.09219
-2.23154
-2.37969
-2.53722
-2.70474
-2.88291
-3.07243
-3.27403
-3.48851
-3.71671
-3.95952
-4.2179
-4.49287
-4.78551
-5.09697
-5.42849
-5.78138
-6.15705
-6.55699
-6.9828
-7.43618
-7.91897
-8.4331
-0.0403111
-0.0535908
-0.0664959
-0.0792968
-0.0920884
-0.10491
-0.11778
-0.130713
-0.143731
-0.156875
-0.170255
-0.1842
-0.200066
-0.220822
-0.247829
-0.279658
-0.314687
-0.351893
-0.390844
-0.431451
-0.473782
-0.517978
-0.564209
-0.612664
-0.663541
-0.717049
-0.773404
-0.832834
-0.895578
-0.961887
-1.03202
-1.10626
-1.1849
-1.26825
-1.35663
-1.45039
-1.54991
-1.65556
-1.76776
-1.88695
-2.0136
-2.1482
-2.29127
-2.44337
-2.6051
-2.77709
-2.96
-3.15457
-3.36153
-3.58172
-3.81599
-4.06525
-4.3305
-4.61276
-4.91317
-5.23289
-5.57321
-5.93545
-6.32108
-6.73161
-7.1687
-7.63409
-8.12966
-8.65739
-0.0426294
-0.0560596
-0.0691028
-0.0820379
-0.0949619
-0.107914
-0.120914
-0.133976
-0.14712
-0.160389
-0.173893
-0.187968
-0.203998
-0.225057
-0.2526
-0.285183
-0.32111
-0.359294
-0.399269
-0.440935
-0.48436
-0.529684
-0.577085
-0.626755
-0.678898
-0.733728
-0.791468
-0.852351
-0.916621
-0.984537
-1.05637
-1.13239
-1.21292
-1.29826
-1.38875
-1.48474
-1.58663
-1.69478
-1.80965
-1.93166
-2.06131
-2.19908
-2.34553
-2.50122
-2.66676
-2.8428
-3.03002
-3.22916
-3.44099
-3.66635
-3.90612
-4.16123
-4.4327
-4.72159
-5.02903
-5.35625
-5.70453
-6.07526
-6.46991
-6.89005
-7.33736
-7.81362
-8.32076
-8.86082
-0.0449112
-0.0584655
-0.0716229
-0.084669
-0.0977031
-0.110764
-0.123872
-0.137041
-0.150291
-0.163665
-0.177273
-0.191457
-0.207626
-0.228945
-0.256956
-0.290205
-0.326933
-0.36599
-0.406884
-0.449499
-0.493903
-0.54024
-0.588689
-0.639449
-0.692727
-0.748743
-0.807723
-0.869908
-0.935547
-1.0049
-1.07825
-1.15587
-1.23809
-1.32522
-1.4176
-1.51559
-1.61959
-1.73
-1.84725
-1.97179
-2.10411
-2.24473
-2.3942
-2.5531
-2.72206
-2.90172
-3.09279
-3.29602
-3.51221
-3.7422
-3.98689
-4.24724
-4.52427
-4.81908
-5.13282
-5.46674
-5.82215
-6.20046
-6.60318
-7.03191
-7.48836
-7.97435
-8.49184
-9.04292
-0.0471457
-0.0607997
-0.0740488
-0.0871847
-0.100308
-0.113458
-0.126655
-0.139911
-0.153248
-0.166707
-0.180402
-0.194677
-0.210963
-0.232501
-0.260913
-0.294741
-0.332168
-0.371993
-0.413692
-0.457143
-0.502409
-0.549637
-0.599011
-0.65073
-0.70501
-0.76207
-0.822145
-0.885476
-0.95232
-1.02294
-1.09762
-1.17666
-1.26037
-1.34907
-1.44311
-1.54287
-1.64874
-1.76112
-1.88047
-2.00723
-2.14191
-2.28504
-2.43718
-2.5989
-2.77086
-2.9537
-3.14817
-3.35501
-3.57503
-3.80909
-4.0581
-4.32306
-4.60499
-4.90501
-5.22429
-5.5641
-5.92578
-6.31076
-6.72057
-7.15685
-7.62133
-8.11588
-8.64247
-9.20323
-0.0493216
-0.0630523
-0.0763727
-0.0895787
-0.102772
-0.115993
-0.129259
-0.142586
-0.155993
-0.169522
-0.183286
-0.197635
-0.214017
-0.235737
-0.264486
-0.298803
-0.336827
-0.377309
-0.419699
-0.463867
-0.509875
-0.557871
-0.60804
-0.660587
-0.715728
-0.773688
-0.834706
-0.899026
-0.966908
-1.03862
-1.11446
-1.19471
-1.2797
-1.36975
-1.46523
-1.56651
-1.67399
-1.78808
-1.90923
-2.03791
-2.17462
-2.31991
-2.47434
-2.6385
-2.81304
-2.99864
-3.19602
-3.40596
-3.62928
-3.86684
-4.11959
-4.38851
-4.67466
-4.97916
-5.30321
-5.64809
-6.01516
-6.40588
-6.82181
-7.26458
-7.73597
-8.23787
-8.77228
-9.34137
-0.0514271
-0.0652133
-0.0785857
-0.0918436
-0.105089
-0.118363
-0.131683
-0.145064
-0.158525
-0.172108
-0.185929
-0.200336
-0.216794
-0.238661
-0.267683
-0.302402
-0.340918
-0.381943
-0.424908
-0.469673
-0.516298
-0.564934
-0.615767
-0.669005
-0.724866
-0.78358
-0.845385
-0.910533
-0.979285
-1.05191
-1.12871
-1.20998
-1.29604
-1.38723
-1.48392
-1.58647
-1.69528
-1.8108
-1.93346
-2.06375
-2.20217
-2.34926
-2.5056
-2.6718
-2.8485
-3.0364
-3.23623
-3.44877
-3.67484
-3.91534
-4.1712
-4.44343
-4.7331
-5.04135
-5.36939
-5.71851
-6.09009
-6.4856
-6.90663
-7.35483
-7.83199
-8.34002
-8.88097
-9.45701
-0.0534501
-0.0672717
-0.0806783
-0.0939708
-0.107252
-0.120563
-0.133921
-0.147341
-0.160841
-0.174465
-0.188327
-0.20278
-0.219297
-0.241277
-0.270511
-0.305543
-0.344444
-0.385899
-0.429319
-0.474557
-0.521674
-0.57082
-0.622184
-0.675973
-0.73241
-0.791727
-0.854163
-0.919974
-0.989423
-1.06278
-1.14035
-1.22244
-1.30936
-1.40147
-1.49911
-1.60268
-1.71258
-1.82924
-1.95311
-2.08469
-2.22447
-2.37302
-2.5309
-2.69873
-2.87717
-3.06691
-3.26869
-3.48331
-3.71159
-3.95445
-4.21281
-4.48769
-4.78019
-5.09144
-5.42267
-5.77518
-6.15037
-6.54972
-6.97483
-7.42737
-7.90915
-8.4221
-8.96828
-9.54987
-0.0553782
-0.0692161
-0.0826398
-0.0959509
-0.109253
-0.122585
-0.135967
-0.149411
-0.162937
-0.176588
-0.190479
-0.204964
-0.221523
-0.243584
-0.272969
-0.308227
-0.347408
-0.389175
-0.432928
-0.478516
-0.525997
-0.575521
-0.627279
-0.681479
-0.738346
-0.798112
-0.861022
-0.927329
-0.9973
-1.07121
-1.14936
-1.23206
-1.31963
-1.41241
-1.51078
-1.61512
-1.72583
-1.84335
-1.96813
-2.10067
-2.24148
-2.39112
-2.55015
-2.71921
-2.89895
-3.09008
-3.29334
-3.50951
-3.73946
-3.98407
-4.24431
-4.52119
-4.8158
-5.1293
-5.46292
-5.81797
-6.19587
-6.59809
-7.02626
-7.48205
-7.96728
-8.4839
-9.03398
-9.61973
-0.0571984
-0.0710343
-0.0844589
-0.0977732
-0.11108
-0.12442
-0.137811
-0.151266
-0.164806
-0.178471
-0.192379
-0.206883
-0.223469
-0.245578
-0.275056
-0.310451
-0.349805
-0.391768
-0.435732
-0.481543
-0.529258
-0.579028
-0.631042
-0.685512
-0.742661
-0.802724
-0.865946
-0.932581
-1.0029
-1.07718
-1.15571
-1.23881
-1.32681
-1.42005
-1.5189
-1.62375
-1.735
-1.8531
-1.97849
-2.11167
-2.25316
-2.40352
-2.56332
-2.7332
-2.91381
-3.10586
-3.31009
-3.5273
-3.75835
-4.00414
-4.26562
-4.54382
-4.83984
-5.15483
-5.49003
-5.84678
-6.22646
-6.6306
-7.06078
-7.51871
-8.00623
-8.52528
-9.07793
-9.66641
-0.0588972
-0.0727137
-0.0861234
-0.0994259
-0.112724
-0.126057
-0.139443
-0.152896
-0.166436
-0.180104
-0.194017
-0.208528
-0.225125
-0.247253
-0.276764
-0.31221
-0.35163
-0.39367
-0.437724
-0.483631
-0.53145
-0.581331
-0.633464
-0.68806
-0.745343
-0.805548
-0.86892
-0.935714
-1.0062
-1.08065
-1.15938
-1.24268
-1.33089
-1.42436
-1.52345
-1.62855
-1.74007
-1.85844
-1.98414
-2.11764
-2.25947
-2.41019
-2.57037
-2.74066
-2.92169
-3.11419
-3.31891
-3.53664
-3.76823
-4.01459
-4.27669
-4.55554
-4.85225
-5.16797
-5.50395
-5.86152
-6.24208
-6.64714
-7.0783
-7.53728
-8.0259
-8.54612
-9.10002
-9.68982
-0.0604613
-0.0742412
-0.0876206
-0.100896
-0.114171
-0.127483
-0.140852
-0.15429
-0.167817
-0.181475
-0.195381
-0.209888
-0.226479
-0.248597
-0.278083
-0.313492
-0.352871
-0.394874
-0.438893
-0.48477
-0.532563
-0.582421
-0.634534
-0.689113
-0.746381
-0.806573
-0.869934
-0.936718
-1.00719
-1.08164
-1.16036
-1.24366
-1.33186
-1.42532
-1.5244
-1.62949
-1.74101
-1.85938
-1.98507
-2.11857
-2.26039
-2.4111
-2.57128
-2.74155
-2.92258
-3.11507
-3.31977
-3.53748
-3.76906
-4.0154
-4.27748
-4.55631
-4.85299
-5.16868
-5.50463
-5.86216
-6.24267
-6.64768
-7.07879
-7.5377
-8.02625
-8.54639
-9.10018
-9.68987
-0.061877
-0.0756032
-0.0889369
-0.102172
-0.115408
-0.128686
-0.142024
-0.155433
-0.168935
-0.182571
-0.196458
-0.210948
-0.227519
-0.249595
-0.278997
-0.314283
-0.353517
-0.395365
-0.439226
-0.484947
-0.532584
-0.582286
-0.634241
-0.68866
-0.745765
-0.805789
-0.868976
-0.935581
-1.00587
-1.08013
-1.15864
-1.24172
-1.3297
-1.42293
-1.52176
-1.62659
-1.73782
-1.8559
-1.98128
-2.11444
-2.25591
-2.40625
-2.56603
-2.73588
-2.91646
-3.10847
-3.31267
-3.52984
-3.76084
-4.00657
-4.26799
-4.54613
-4.84206
-5.15696
-5.49206
-5.84869
-6.22824
-6.63222
-7.06223
-7.51997
-8.00727
-8.52606
-9.07843
-9.66659
-0.0631307
-0.0767859
-0.0900584
-0.103237
-0.116422
-0.129651
-0.142943
-0.156311
-0.169775
-0.183377
-0.197232
-0.211692
-0.228227
-0.250228
-0.279488
-0.314566
-0.353549
-0.395126
-0.43871
-0.48415
-0.531502
-0.580914
-0.632575
-0.686691
-0.743485
-0.803187
-0.86604
-0.932296
-1.00222
-1.07609
-1.15421
-1.23687
-1.32441
-1.41717
-1.51551
-1.61982
-1.7305
-1.84799
-1.97275
-2.10526
-2.24604
-2.39564
-2.55463
-2.72365
-2.90334
-3.09442
-3.29761
-3.51371
-3.74358
-3.98811
-4.24824
-4.52501
-4.81949
-5.13283
-5.46628
-5.82114
-6.19882
-6.6008
-7.02867
-7.48413
-7.969
-8.4852
-9.03481
-9.62002
-0.0642088
-0.0777757
-0.0909711
-0.104079
-0.117197
-0.130362
-0.143595
-0.156907
-0.17032
-0.183874
-0.197684
-0.2121
-0.228582
-0.250478
-0.279536
-0.314319
-0.352948
-0.394141
-0.437327
-0.482362
-0.529302
-0.578293
-0.629523
-0.683197
-0.739532
-0.79876
-0.861118
-0.92686
-0.996244
-1.06955
-1.14708
-1.22912
-1.316
-1.40806
-1.50567
-1.6092
-1.71906
-1.83568
-1.95952
-2.09105
-2.23079
-2.37928
-2.53711
-2.70488
-2.88326
-3.07293
-3.27462
-3.48914
-3.71732
-3.96005
-4.21827
-4.49299
-4.78531
-5.09635
-5.42734
-5.77958
-6.15446
-6.55347
-6.97818
-7.43026
-7.91154
-8.42391
-8.96942
-9.55027
-0.0650982
-0.0785587
-0.0916607
-0.104681
-0.117716
-0.130804
-0.143962
-0.157204
-0.17055
-0.184043
-0.197795
-0.212152
-0.228562
-0.250319
-0.279115
-0.313519
-0.35169
-0.392387
-0.435059
-0.479567
-0.525969
-0.574412
-0.625077
-0.678168
-0.733901
-0.792503
-0.85421
-0.91927
-0.987943
-1.0605
-1.13724
-1.21845
-1.30446
-1.3956
-1.49224
-1.59474
-1.70351
-1.81898
-1.94159
-2.07182
-2.21018
-2.35722
-2.51349
-2.67962
-2.85624
-3.04404
-3.24376
-3.45617
-3.68211
-3.92245
-4.17813
-4.45016
-4.7396
-5.04758
-5.37532
-5.72409
-6.09528
-6.49036
-6.91087
-7.3585
-7.83501
-8.34231
-8.88243
-9.45751
-0.0657861
-0.0791217
-0.092113
-0.10503
-0.117966
-0.130959
-0.144026
-0.157183
-0.170448
-0.183863
-0.197541
-0.211825
-0.228143
-0.249725
-0.278199
-0.312138
-0.349751
-0.389843
-0.431885
-0.475748
-0.52149
-0.569256
-0.619225
-0.671598
-0.726586
-0.784414
-0.845313
-0.90953
-0.977319
-1.04895
-1.12471
-1.20489
-1.28982
-1.37982
-1.47524
-1.57646
-1.68388
-1.79791
-1.919
-2.04762
-2.18427
-2.32948
-2.48383
-2.6479
-2.82234
-3.00783
-3.20508
-3.41487
-3.63802
-3.8754
-4.12793
-4.39661
-4.68247
-4.98665
-5.31034
-5.65481
-6.02141
-6.4116
-6.82692
-7.269
-7.73961
-8.24062
-8.77403
-9.34197
-0.0662606
-0.0794517
-0.0923141
-0.10511
-0.117929
-0.13081
-0.14377
-0.156824
-0.16999
-0.183312
-0.1969
-0.211093
-0.227297
-0.248668
-0.276757
-0.310147
-0.347104
-0.386483
-0.427784
-0.470886
-0.515848
-0.562814
-0.611959
-0.663479
-0.717583
-0.774491
-0.834431
-0.897643
-0.964381
-1.03491
-1.1095
-1.18846
-1.27209
-1.36073
-1.4547
-1.5544
-1.6602
-1.77252
-1.8918
-2.01849
-2.1531
-2.29614
-2.44818
-2.6098
-2.78164
-2.96436
-3.15867
-3.36534
-3.58517
-3.81901
-4.06777
-4.33245
-4.61405
-4.9137
-5.23256
-5.57189
-5.93303
-6.31739
-6.7265
-7.16198
-7.62555
-8.11907
-8.6445
-9.20393
-0.0665106
-0.0795365
-0.0922509
-0.104906
-0.117591
-0.130341
-0.143175
-0.156108
-0.169158
-0.182367
-0.195847
-0.20993
-0.225998
-0.247117
-0.274758
-0.307515
-0.343719
-0.382283
-0.422734
-0.464963
-0.50903
-0.555075
-0.60327
-0.653808
-0.706892
-0.762738
-0.821569
-0.883621
-0.949141
-1.01839
-1.09164
-1.16918
-1.25131
-1.33836
-1.43067
-1.5286
-1.63252
-1.74286
-1.86003
-1.98449
-2.11672
-2.25725
-2.40662
-2.5654
-2.73422
-2.91373
-3.10464
-3.30768
-3.52366
-3.7534
-3.9978
-4.25783
-4.5345
-4.82889
-5.14216
-5.47554
-5.83033
-6.20794
-6.60987
-7.0377
-7.49312
-7.97795
-8.49413
-9.04371
-0.0665261
-0.079365
-0.0919106
-0.104405
-0.116935
-0.129534
-0.142222
-0.155014
-0.167928
-0.181006
-0.194357
-0.208309
-0.224214
-0.24504
-0.272168
-0.304211
-0.339569
-0.377218
-0.416715
-0.457962
-0.501022
-0.54603
-0.593154
-0.642583
-0.694515
-0.74916
-0.806736
-0.867475
-0.931617
-0.999414
-1.07114
-1.14707
-1.22751
-1.31277
-1.40318
-1.49909
-1.60089
-1.70898
-1.82376
-1.94568
-2.07523
-2.2129
-2.35923
-2.51479
-2.68019
-2.85607
-3.0431
-3.24203
-3.45363
-3.67871
-3.91817
-4.17293
-4.44399
-4.73242
-5.03934
-5.36597
-5.71357
-6.08353
-6.4773
-6.89645
-7.34262
-7.81761
-8.3233
-8.8617
-0.0662984
-0.078927
-0.0912818
-0.103594
-0.115947
-0.128374
-0.140894
-0.153523
-0.166279
-0.179204
-0.192404
-0.206202
-0.221915
-0.242403
-0.268953
-0.3002
-0.334623
-0.37126
-0.409704
-0.449866
-0.49181
-0.535669
-0.581607
-0.629805
-0.680457
-0.733767
-0.789947
-0.849223
-0.91183
-0.978016
-1.04804
-1.12218
-1.20072
-1.28398
-1.37227
-1.46595
-1.56538
-1.67095
-1.78306
-1.90216
-2.02871
-2.16319
-2.30613
-2.4581
-2.61967
-2.79148
-2.9742
-3.16854
-3.37524
-3.59514
-3.82907
-4.07795
-4.34276
-4.62452
-4.92436
-5.24344
-5.58302
-5.94443
-6.3291
-6.73856
-7.17442
-7.63842
-8.1324
-8.65834
-0.0658201
-0.0782137
-0.0903541
-0.102461
-0.114613
-0.126844
-0.139174
-0.151615
-0.164189
-0.176937
-0.189962
-0.20358
-0.219071
-0.239174
-0.265079
-0.295451
-0.328851
-0.364387
-0.401683
-0.440661
-0.481386
-0.523989
-0.568626
-0.615476
-0.664725
-0.71657
-0.771219
-0.828889
-0.889809
-0.954221
-1.02238
-1.09454
-1.171
-1.25206
-1.33803
-1.42924
-1.52606
-1.62885
-1.73803
-1.85401
-1.97725
-2.10822
-2.24744
-2.39544
-2.5528
-2.72013
-2.89809
-3.08737
-3.28869
-3.50286
-3.7307
-3.9731
-4.23102
-4.50545
-4.79748
-5.10825
-5.43899
-5.79098
-6.16563
-6.56441
-6.98891
-7.44081
-7.9219
-8.43411
-0.0650855
-0.0772179
-0.0891184
-0.100994
-0.11292
-0.12493
-0.137043
-0.149272
-0.161638
-0.174182
-0.187005
-0.200414
-0.215648
-0.235317
-0.260511
-0.289931
-0.322227
-0.356574
-0.392632
-0.430333
-0.469742
-0.510985
-0.554216
-0.599605
-0.647332
-0.697589
-0.750574
-0.806499
-0.865586
-0.928068
-0.994188
-1.06421
-1.1384
-1.21707
-1.3005
-1.38903
-1.483
-1.58278
-1.68876
-1.80134
-1.92097
-2.04812
-2.18327
-2.32695
-2.47972
-2.64218
-2.81495
-2.99871
-3.19417
-3.40209
-3.6233
-3.85864
-4.10904
-4.37548
-4.659
-4.96072
-5.28182
-5.62355
-5.98728
-6.37444
-6.78655
-7.22527
-7.69232
-8.18957
-0.0640906
-0.0759339
-0.0875675
-0.099185
-0.110858
-0.122619
-0.134487
-0.146475
-0.158605
-0.170916
-0.183508
-0.196676
-0.211615
-0.230799
-0.255215
-0.283609
-0.314723
-0.347802
-0.382537
-0.418872
-0.456873
-0.496661
-0.538383
-0.582203
-0.628296
-0.676844
-0.72804
-0.782087
-0.8392
-0.899603
-0.963533
-1.03124
-1.10299
-1.17907
-1.25976
-1.3454
-1.4363
-1.53282
-1.63534
-1.74427
-1.86001
-1.98302
-2.11378
-2.2528
-2.40061
-2.5578
-2.72496
-2.90276
-3.09189
-3.29308
-3.50712
-3.73483
-3.97712
-4.23492
-4.50926
-4.80119
-5.11188
-5.44254
-5.79447
-6.16907
-6.56782
-6.99229
-7.44418
-7.92529
-0.0628333
-0.0743581
-0.0856957
-0.0970261
-0.108417
-0.1199
-0.131492
-0.143209
-0.155072
-0.167119
-0.179446
-0.19234
-0.206944
-0.225588
-0.249161
-0.276458
-0.306317
-0.338052
-0.371386
-0.406273
-0.442779
-0.48102
-0.521137
-0.563287
-0.607637
-0.654363
-0.703649
-0.755692
-0.810695
-0.868876
-0.930463
-0.995699
-1.06484
-1.13814
-1.21592
-1.29845
-1.38606
-1.47909
-1.57792
-1.68292
-1.79449
-1.91307
-2.03912
-2.17314
-2.31565
-2.46719
-2.62835
-2.79977
-2.9821
-3.17607
-3.38243
-3.60197
-3.83556
-4.08411
-4.3486
-4.63006
-4.92959
-5.24837
-5.58767
-5.94881
-6.33323
-6.74246
-7.17811
-7.64192
-0.0613131
-0.0724884
-0.0834994
-0.0945118
-0.105589
-0.116761
-0.128046
-0.139459
-0.151021
-0.16277
-0.174798
-0.18738
-0.201606
-0.219654
-0.242318
-0.268452
-0.296989
-0.327311
-0.359171
-0.392534
-0.427464
-0.464072
-0.502494
-0.542878
-0.585383
-0.630179
-0.677441
-0.727357
-0.780123
-0.835946
-0.895045
-0.957653
-1.02401
-1.09438
-1.16903
-1.24827
-1.33239
-1.42171
-1.5166
-1.61742
-1.72456
-1.83843
-1.95948
-2.08818
-2.22503
-2.37056
-2.52533
-2.68995
-2.86506
-3.05134
-3.24952
-3.46036
-3.6847
-3.9234
-4.17741
-4.44772
-4.73537
-5.04152
-5.36737
-5.7142
-6.08337
-6.47636
-6.89473
-7.34013
-0.0595317
-0.070325
-0.080977
-0.0916387
-0.102369
-0.113197
-0.12414
-0.135214
-0.146439
-0.157853
-0.169544
-0.181774
-0.195575
-0.212971
-0.234663
-0.259571
-0.286725
-0.315569
-0.34589
-0.377658
-0.410936
-0.445832
-0.482473
-0.521001
-0.561567
-0.604331
-0.649461
-0.697135
-0.747541
-0.800875
-0.857348
-0.917179
-0.980605
-1.04787
-1.11923
-1.19498
-1.2754
-1.36081
-1.45153
-1.54793
-1.65038
-1.75927
-1.87503
-1.9981
-2.12896
-2.26814
-2.41615
-2.57358
-2.74104
-2.91919
-3.10872
-3.31036
-3.5249
-3.75318
-3.9961
-4.2546
-4.52971
-4.82249
-5.1341
-5.46578
-5.81883
-6.19465
-6.59473
-7.02066
-0.0574924
-0.0678702
-0.0781291
-0.0884056
-0.0987543
-0.109202
-0.119766
-0.130464
-0.141314
-0.152353
-0.163667
-0.175502
-0.188829
-0.205515
-0.226175
-0.2498
-0.275514
-0.302825
-0.331544
-0.361653
-0.393211
-0.426321
-0.461103
-0.49769
-0.536226
-0.576863
-0.619759
-0.665083
-0.713012
-0.763736
-0.817451
-0.874368
-0.934709
-0.998709
-1.06662
-1.1387
-1.21523
-1.29652
-1.38287
-1.47462
-1.57213
-1.67578
-1.78596
-1.90311
-2.02768
-2.16017
-2.30107
-2.45093
-2.61035
-2.77994
-2.96035
-3.15231
-3.35654
-3.57386
-3.8051
-4.05119
-4.31307
-4.59178
-4.88842
-5.20415
-5.54023
-5.89798
-6.27882
-6.68426
-0.0552006
-0.065128
-0.0749586
-0.0848138
-0.0947439
-0.104774
-0.114922
-0.125203
-0.135638
-0.146262
-0.157154
-0.168549
-0.18135
-0.197269
-0.21684
-0.23913
-0.263354
-0.28908
-0.316144
-0.344535
-0.374311
-0.405566
-0.438416
-0.472985
-0.509408
-0.547827
-0.588393
-0.631265
-0.67661
-0.724606
-0.775441
-0.829311
-0.886429
-0.947016
-1.01131
-1.07955
-1.15202
-1.22898
-1.31075
-1.39764
-1.48999
-1.58815
-1.6925
-1.80345
-1.92143
-2.0469
-2.18035
-2.32229
-2.47328
-2.6339
-2.80479
-2.98659
-3.18003
-3.38586
-3.60488
-3.83795
-4.08599
-4.34997
-4.63092
-4.92996
-5.24826
-5.58708
-5.94777
-6.33175
-0.0526631
-0.0621047
-0.0714704
-0.0808672
-0.0903406
-0.0999143
-0.109606
-0.11943
-0.129407
-0.139572
-0.149998
-0.160905
-0.173127
-0.188222
-0.20665
-0.227557
-0.250248
-0.274343
-0.299705
-0.326326
-0.354261
-0.383601
-0.414452
-0.44693
-0.481162
-0.517281
-0.555428
-0.595753
-0.638412
-0.683572
-0.731409
-0.782109
-0.835871
-0.892903
-0.953426
-1.01768
-1.08591
-1.15838
-1.23537
-1.31719
-1.40415
-1.49658
-1.59485
-1.69934
-1.81045
-1.92862
-2.05429
-2.18797
-2.33017
-2.48145
-2.64238
-2.81361
-2.99578
-3.18963
-3.39591
-3.61542
-3.84902
-4.09763
-4.36222
-4.64385
-4.94361
-5.2627
-5.60238
-5.96399
-0.0498884
-0.0588082
-0.0676719
-0.0765721
-0.0855497
-0.0946271
-0.103821
-0.113146
-0.122622
-0.132281
-0.142195
-0.152564
-0.164155
-0.178371
-0.195606
-0.215089
-0.236207
-0.258633
-0.28225
-0.307053
-0.333097
-0.360465
-0.389256
-0.419578
-0.451548
-0.48529
-0.520936
-0.558625
-0.598503
-0.640725
-0.685456
-0.732871
-0.783154
-0.8365
-0.893116
-0.953224
-1.01706
-1.08486
-1.1569
-1.23345
-1.31482
-1.40131
-1.49326
-1.59104
-1.69501
-1.80559
-1.9232
-2.0483
-2.18137
-2.32293
-2.47353
-2.63377
-2.80426
-2.98566
-3.1787
-3.38411
-3.60272
-3.83536
-4.08297
-4.34651
-4.62703
-4.92562
-5.24348
-5.58186
-0.0468865
-0.0552486
-0.0635725
-0.0719375
-0.0803798
-0.0889201
-0.0975743
-0.106357
-0.115288
-0.124396
-0.133749
-0.14353
-0.154435
-0.167718
-0.183717
-0.201739
-0.221252
-0.241975
-0.263809
-0.286755
-0.310862
-0.336208
-0.362883
-0.390989
-0.420631
-0.451926
-0.484995
-0.519966
-0.556975
-0.596166
-0.637691
-0.681712
-0.728401
-0.777938
-0.830516
-0.88634
-0.945625
-1.0086
-1.07552
-1.14663
-1.22221
-1.30255
-1.38798
-1.47881
-1.5754
-1.67812
-1.78738
-1.9036
-2.02722
-2.15874
-2.29865
-2.44751
-2.6059
-2.77443
-2.95376
-3.14459
-3.34768
-3.56381
-3.79384
-4.03867
-4.29926
-4.57665
-4.87193
-5.18627
-0.0436683
-0.0514371
-0.0591838
-0.0669749
-0.0748421
-0.0828046
-0.0908772
-0.0990747
-0.107415
-0.115926
-0.124669
-0.133811
-0.143977
-0.156278
-0.170999
-0.18753
-0.205411
-0.224403
-0.244422
-0.265474
-0.287604
-0.310882
-0.335393
-0.361227
-0.388484
-0.417268
-0.44769
-0.479868
-0.513928
-0.550001
-0.588228
-0.628756
-0.671744
-0.71736
-0.765778
-0.817189
-0.87179
-0.929794
-0.991424
-1.05692
-1.12654
-1.20056
-1.27925
-1.36291
-1.45189
-1.54652
-1.64717
-1.75423
-1.86811
-1.98926
-2.11816
-2.25529
-2.40119
-2.55645
-2.72165
-2.89745
-3.08453
-3.28363
-3.49553
-3.72106
-3.96111
-4.21663
-4.48863
-4.77819
-0.0402459
-0.0473867
-0.0545193
-0.0616984
-0.0689515
-0.0762958
-0.0837456
-0.0913148
-0.0990202
-0.106888
-0.114973
-0.123425
-0.132801
-0.144072
-0.157482
-0.172496
-0.188721
-0.205957
-0.224136
-0.243262
-0.26338
-0.284552
-0.306853
-0.330368
-0.355185
-0.381399
-0.409112
-0.43843
-0.469467
-0.502344
-0.537187
-0.574133
-0.613324
-0.654913
-0.699062
-0.74594
-0.79573
-0.848626
-0.904832
-0.964565
-1.02806
-1.09556
-1.16733
-1.24364
-1.32479
-1.4111
-1.5029
-1.60055
-1.70442
-1.81492
-1.93248
-2.05756
-2.19064
-2.33224
-2.48292
-2.64326
-2.8139
-2.99549
-3.18875
-3.39445
-3.61339
-3.84643
-4.0945
-4.35859
-0.0366319
-0.0431115
-0.0495942
-0.0561245
-0.0627254
-0.0694127
-0.0761994
-0.0830986
-0.0901259
-0.0973053
-0.104686
-0.1124
-0.120935
-0.131134
-0.143202
-0.156677
-0.17123
-0.186691
-0.203006
-0.220181
-0.238255
-0.257286
-0.27734
-0.298492
-0.320821
-0.344414
-0.369361
-0.395757
-0.423706
-0.453315
-0.484699
-0.517979
-0.553285
-0.590754
-0.630531
-0.672769
-0.717634
-0.765298
-0.815947
-0.869777
-0.926995
-0.987826
-1.0525
-1.12127
-1.19441
-1.27219
-1.35493
-1.44293
-1.53654
-1.63613
-1.74208
-1.85481
-1.97474
-2.10236
-2.23815
-2.38266
-2.53643
-2.70008
-2.87426
-3.05963
-3.25693
-3.46694
-3.6905
-3.92848
-0.0328393
-0.0386264
-0.0444256
-0.0502719
-0.0561848
-0.0621779
-0.0682632
-0.0744528
-0.0807608
-0.0872088
-0.0938396
-0.100769
-0.108417
-0.117506
-0.128206
-0.140126
-0.152991
-0.166662
-0.181095
-0.196296
-0.212301
-0.229161
-0.246933
-0.265684
-0.285485
-0.30641
-0.32854
-0.351961
-0.376762
-0.40304
-0.430895
-0.460437
-0.491779
-0.525043
-0.560358
-0.59786
-0.637696
-0.680018
-0.724992
-0.772792
-0.823601
-0.877618
-0.935052
-0.996125
-1.06107
-1.13014
-1.20361
-1.28177
-1.3649
-1.45333
-1.54742
-1.64753
-1.75403
-1.86736
-1.98794
-2.11626
-2.25282
-2.39814
-2.5528
-2.71741
-2.89261
-3.07909
-3.2776
-3.48891
-0.0288813
-0.0339472
-0.0390318
-0.0441618
-0.0493532
-0.0546179
-0.0599665
-0.0654096
-0.0709599
-0.0766363
-0.0824756
-0.0885763
-0.0952961
-0.103241
-0.112551
-0.122902
-0.134069
-0.145939
-0.158474
-0.171683
-0.185597
-0.200259
-0.215721
-0.232039
-0.249274
-0.267492
-0.286762
-0.307159
-0.328761
-0.351651
-0.375918
-0.401656
-0.428964
-0.457949
-0.488722
-0.521402
-0.556117
-0.593
-0.632195
-0.673852
-0.718134
-0.765211
-0.815266
-0.868494
-0.925098
-0.985298
-1.04933
-1.11744
-1.1899
-1.26697
-1.34897
-1.43622
-1.52904
-1.6278
-1.7329
-1.84473
-1.96373
-2.09038
-2.22516
-2.36861
-2.52129
-2.6838
-2.85678
-3.04093
-0.024771
-0.0290903
-0.0334323
-0.0378172
-0.0422574
-0.046763
-0.0513429
-0.0560064
-0.0607643
-0.0656327
-0.0706425
-0.0758757
-0.0816288
-0.0883999
-0.096304
-0.105077
-0.114538
-0.124595
-0.135222
-0.146424
-0.158229
-0.170672
-0.183798
-0.197655
-0.212293
-0.227768
-0.244141
-0.261473
-0.279831
-0.299285
-0.319912
-0.34179
-0.365004
-0.389644
-0.415806
-0.44359
-0.473104
-0.504462
-0.537786
-0.573205
-0.610855
-0.650883
-0.693442
-0.738699
-0.786827
-0.838014
-0.892458
-0.950368
-1.01197
-1.0775
-1.14722
-1.2214
-1.30031
-1.38428
-1.47363
-1.5687
-1.66988
-1.77754
-1.89212
-2.01408
-2.14387
-2.28202
-2.42908
-2.58561
-0.0205211
-0.0240723
-0.0276483
-0.0312633
-0.034927
-0.0386471
-0.0424309
-0.046286
-0.0502213
-0.0542499
-0.0583968
-0.0627281
-0.0674817
-0.0730551
-0.0795399
-0.0867276
-0.0944761
-0.102715
-0.111423
-0.120606
-0.130286
-0.140494
-0.151263
-0.162635
-0.17465
-0.187356
-0.200799
-0.215031
-0.230107
-0.246085
-0.263026
-0.280997
-0.300065
-0.320306
-0.341797
-0.364622
-0.388868
-0.41463
-0.442006
-0.471104
-0.502035
-0.534919
-0.569883
-0.607062
-0.6466
-0.68865
-0.733375
-0.780948
-0.831553
-0.885386
-0.942657
-1.00359
-1.06841
-1.13738
-1.21077
-1.28887
-1.37197
-1.4604
-1.55451
-1.65467
-1.76127
-1.87474
-1.99551
-2.12406
-0.0161436
-0.0189103
-0.0217018
-0.0245278
-0.0273947
-0.0303081
-0.0332734
-0.0362964
-0.039384
-0.0425461
-0.0458021
-0.0492026
-0.0529296
-0.0572858
-0.0623409
-0.0679378
-0.0739701
-0.0803852
-0.0871675
-0.0943225
-0.101867
-0.109824
-0.118221
-0.127089
-0.136461
-0.146372
-0.156859
-0.167964
-0.179727
-0.192195
-0.205415
-0.219439
-0.234321
-0.250117
-0.266889
-0.284703
-0.303626
-0.323731
-0.345098
-0.367806
-0.391946
-0.417609
-0.444895
-0.47391
-0.504765
-0.537579
-0.57248
-0.609602
-0.64909
-0.691095
-0.735781
-0.783321
-0.833899
-0.887712
-0.944969
-1.00589
-1.07072
-1.13971
-1.21313
-1.29126
-1.37442
-1.46292
-1.55713
-1.6574
-0.0116503
-0.0136221
-0.0156174
-0.017641
-0.0196967
-0.0217878
-0.0239177
-0.0260904
-0.0283106
-0.0305854
-0.0329283
-0.0353753
-0.0380543
-0.0411783
-0.0447964
-0.0487991
-0.0531127
-0.0577006
-0.0625524
-0.0676721
-0.0730716
-0.0787676
-0.0847799
-0.09113
-0.0978418
-0.10494
-0.112452
-0.120406
-0.128833
-0.137765
-0.147237
-0.157283
-0.167945
-0.179262
-0.191278
-0.20404
-0.217596
-0.232
-0.247306
-0.263574
-0.280865
-0.299248
-0.318793
-0.339574
-0.361673
-0.385174
-0.410169
-0.436753
-0.465029
-0.495107
-0.527103
-0.56114
-0.597351
-0.635876
-0.676866
-0.720478
-0.766884
-0.816262
-0.868809
-0.924727
-0.984238
-1.04757
-1.11499
-1.18674
-0.00705287
-0.00822802
-0.0094227
-0.0106376
-0.0118738
-0.0131327
-0.0144159
-0.0157256
-0.0170646
-0.0184371
-0.019851
-0.0213278
-0.0229436
-0.0248249
-0.0270011
-0.0294074
-0.0320006
-0.0347592
-0.037677
-0.0407566
-0.0440051
-0.0474327
-0.051051
-0.0548731
-0.0589131
-0.0631862
-0.0677085
-0.0724971
-0.0775705
-0.0829479
-0.0886498
-0.0946982
-0.101116
-0.107929
-0.115162
-0.122843
-0.131003
-0.139671
-0.148882
-0.15867
-0.169074
-0.180133
-0.191891
-0.20439
-0.217681
-0.231813
-0.246842
-0.262825
-0.279823
-0.297902
-0.317132
-0.337586
-0.359344
-0.382489
-0.407113
-0.433308
-0.461178
-0.490831
-0.522383
-0.555956
-0.591681
-0.629699
-0.67016
-0.713222
-0.00236507
-0.00275448
-0.00315243
-0.00355829
-0.00397198
-0.00439374
-0.00482406
-0.00526359
-0.00571326
-0.00617441
-0.0066497
-0.00714631
-0.0076897
-0.00832212
-0.00905348
-0.00986229
-0.0107342
-0.0116622
-0.0126441
-0.0136808
-0.0147748
-0.0159293
-0.0171483
-0.0184362
-0.0197977
-0.0212377
-0.0227618
-0.0243755
-0.0260849
-0.0278966
-0.0298173
-0.0318542
-0.0340151
-0.0363081
-0.0387418
-0.0413255
-0.0440688
-0.0469821
-0.0500763
-0.0533631
-0.0568549
-0.0605648
-0.0645066
-0.0686952
-0.0731463
-0.0778768
-0.0829043
-0.088248
-0.0939279
-0.0999653
-0.106383
-0.113205
-0.120458
-0.128169
-0.136367
-0.145084
-0.154353
-0.164209
-0.17469
-0.185837
-0.197692
-0.210302
-0.223715
-0.237983
0.002364
0.00275095
0.0031458
0.00354789
0.00395713
0.00437377
0.00479827
0.00523128
0.00567369
0.00612684
0.00659337
0.00708026
0.0076124
0.00823098
0.00894542
0.00973451
0.0105841
0.0114872
0.0124418
0.0134489
0.0145108
0.0156307
0.0168127
0.0180611
0.0193805
0.0207761
0.0222532
0.0238176
0.0254754
0.0272332
0.0290978
0.0310768
0.0331779
0.0354096
0.0377806
0.0403005
0.0429793
0.0458277
0.0488571
0.0520797
0.0555081
0.0591562
0.0630389
0.0671713
0.0715699
0.0762525
0.0812379
0.086546
0.0921981
0.0982169
0.104626
0.111452
0.118721
0.126464
0.13471
0.143492
0.152847
0.162812
0.173426
0.184732
0.196775
0.209604
0.223271
0.237829
0.00705181
0.00822454
0.00941614
0.0106273
0.0118591
0.0131128
0.0143903
0.0156935
0.0170254
0.0183898
0.0197951
0.0212622
0.0228668
0.0247344
0.0268937
0.0292804
0.0318512
0.034585
0.0374756
0.0405256
0.0437421
0.0471351
0.0507164
0.0544991
0.0584971
0.0627258
0.0672012
0.0719406
0.0769623
0.0822859
0.0879321
0.0939228
0.100281
0.107033
0.114203
0.121821
0.129916
0.138519
0.147665
0.157389
0.16773
0.178728
0.190426
0.202869
0.216107
0.230192
0.245179
0.261126
0.278097
0.296158
0.315379
0.335836
0.357611
0.380787
0.405458
0.43172
0.459676
0.489437
0.521121
0.554853
0.590766
0.629004
0.669717
0.713068
0.0116493
0.0136187
0.0156109
0.0176308
0.0196822
0.0217682
0.0238925
0.0260588
0.0282719
0.0305388
0.0328732
0.0353106
0.0379786
0.041089
0.0446904
0.0486735
0.0529647
0.057528
0.0623527
0.0674428
0.0728103
0.078472
0.0844474
0.0907584
0.0974282
0.104482
0.111948
0.119853
0.128228
0.137107
0.146522
0.156512
0.167114
0.17837
0.190323
0.203022
0.216514
0.230853
0.246095
0.262298
0.279528
0.297849
0.317334
0.33806
0.360106
0.38356
0.408513
0.435062
0.46331
0.49337
0.525357
0.559398
0.595625
0.634182
0.675219
0.718897
0.765388
0.814875
0.867554
0.92363
0.983327
1.04688
1.11455
1.18659
0.0161426
0.0189069
0.0216955
0.0245178
0.0273804
0.0302889
0.0332486
0.0362654
0.039346
0.0425005
0.0457481
0.0491393
0.0528555
0.0571982
0.0622368
0.0678143
0.0738244
0.080215
0.0869703
0.0940956
0.101608
0.109531
0.117892
0.126721
0.136051
0.145918
0.156359
0.167414
0.179127
0.191541
0.204706
0.218673
0.233495
0.249231
0.265941
0.283691
0.302551
0.322592
0.343894
0.36654
0.390617
0.416219
0.443446
0.472406
0.503209
0.535976
0.570835
0.607922
0.647382
0.689369
0.734047
0.78159
0.832185
0.886028
0.943332
1.00433
1.06924
1.13833
1.21188
1.29017
1.37351
1.46224
1.55669
1.65725
0.0205201
0.024069
0.0276421
0.0312536
0.0349131
0.0386284
0.0424068
0.0462558
0.0501844
0.0542055
0.0583443
0.0626666
0.0674098
0.0729699
0.0794383
0.0866067
0.0943332
0.102548
0.111229
0.120382
0.130031
0.140204
0.150938
0.162271
0.174245
0.186907
0.200303
0.214487
0.229512
0.245437
0.262324
0.280238
0.299248
0.319428
0.340858
0.36362
0.387803
0.413501
0.440814
0.469849
0.500718
0.533541
0.568447
0.605571
0.645058
0.687061
0.731745
0.779282
0.82986
0.883675
0.940938
1.00187
1.06671
1.13571
1.20915
1.28731
1.37049
1.45903
1.55327
1.65359
1.76038
1.87406
1.99507
2.12391
0.0247701
0.0290871
0.0334263
0.0378077
0.042244
0.0467449
0.0513195
0.0559771
0.0607286
0.0655898
0.0705918
0.0758164
0.0815594
0.0883176
0.0962058
0.10496
0.114399
0.124432
0.135032
0.146205
0.157978
0.170388
0.183478
0.197295
0.211893
0.227326
0.243653
0.260937
0.279244
0.298646
0.319218
0.34104
0.364196
0.388777
0.414877
0.4426
0.472051
0.503346
0.536608
0.571964
0.609553
0.649521
0.692023
0.737225
0.785302
0.836442
0.890843
0.94872
1.01029
1.07581
1.14552
1.2197
1.29863
1.38263
1.47202
1.56716
1.66841
1.77619
1.8909
2.013
2.14298
2.28135
2.42864
2.58546
0.0288804
0.0339442
0.039026
0.0441527
0.0493402
0.0546005
0.059944
0.0653815
0.0709256
0.0765951
0.082427
0.0885195
0.0952296
0.103162
0.112456
0.122789
0.133934
0.145779
0.158289
0.171469
0.185352
0.199981
0.215407
0.231687
0.248881
0.267056
0.286281
0.306631
0.328183
0.351021
0.375235
0.400917
0.428168
0.457094
0.487807
0.520426
0.555079
0.591899
0.631032
0.672628
0.716849
0.763867
0.813866
0.867039
0.923594
0.98375
1.04774
1.11582
1.18824
1.2653
1.3473
1.43454
1.52738
1.62617
1.73131
1.8432
1.96229
2.08904
2.22395
2.36755
2.52041
2.68313
2.85636
3.04078
0.0328384
0.0386235
0.0444201
0.0502632
0.0561724
0.0621612
0.0682417
0.074426
0.0807281
0.0871696
0.0937932
0.100714
0.108354
0.117431
0.128115
0.140016
0.15286
0.166508
0.180915
0.196088
0.212062
0.228888
0.246626
0.265339
0.2851
0.305983
0.328069
0.351443
0.376195
0.402421
0.430224
0.459711
0.490996
0.524202
0.559458
0.5969
0.636675
0.678936
0.723848
0.771587
0.822337
0.876295
0.933671
0.99469
1.05959
1.12862
1.20205
1.28017
1.36327
1.45169
1.54577
1.64588
1.7524
1.86575
1.98638
2.11476
2.2514
2.39682
2.55161
2.71636
2.89174
3.07843
3.27718
3.48876
0.036631
0.0431086
0.0495889
0.0561161
0.0627136
0.0693968
0.0761789
0.0830731
0.0900949
0.0972682
0.104642
0.112348
0.120875
0.131063
0.143115
0.156572
0.171104
0.186542
0.202832
0.219979
0.238022
0.257021
0.277041
0.298155
0.320446
0.343997
0.368899
0.39525
0.42315
0.452709
0.48404
0.517267
0.552518
0.589929
0.629647
0.671827
0.716631
0.764235
0.814824
0.868593
0.925753
0.986525
1.05115
1.11987
1.19295
1.2707
1.35339
1.44136
1.53495
1.63452
1.74046
1.85319
1.97314
2.10078
2.23662
2.38119
2.53504
2.69879
2.87309
3.0586
3.25608
3.4663
3.69009
3.92834
0.040245
0.047384
0.0545142
0.0616905
0.0689402
0.0762808
0.0837263
0.0912907
0.098991
0.106853
0.114932
0.123377
0.132744
0.144005
0.1574
0.172396
0.188601
0.205815
0.223968
0.243067
0.263155
0.284295
0.306563
0.330041
0.354819
0.380993
0.408662
0.437935
0.468925
0.501752
0.536544
0.573437
0.612574
0.654107
0.698197
0.745017
0.794749
0.847585
0.903732
0.963408
1.02684
1.09429
1.166
1.24226
1.32336
1.40963
1.50139
1.59901
1.70285
1.81334
1.93089
2.05597
2.18907
2.33069
2.48142
2.64182
2.81253
2.99422
3.1876
3.39344
3.61255
3.8458
4.0941
4.35845
0.0436675
0.0514345
0.0591789
0.0669675
0.0748316
0.0827904
0.0908591
0.0990522
0.107388
0.115894
0.124631
0.133766
0.143924
0.156215
0.170922
0.187436
0.205297
0.224266
0.244261
0.265285
0.287386
0.310634
0.335111
0.36091
0.388129
0.416872
0.447252
0.479386
0.513399
0.549424
0.5876
0.628078
0.671013
0.716573
0.764935
0.816288
0.870832
0.928778
0.990353
1.05579
1.12536
1.19931
1.27794
1.36156
1.4505
1.54508
1.6457
1.75272
1.86658
1.98772
2.1166
2.25374
2.39965
2.55493
2.72018
2.89604
3.0832
3.28239
3.49441
3.72008
3.9603
4.21601
4.48824
4.77805
0.0468858
0.0552461
0.0635679
0.0719305
0.0803699
0.0889069
0.0975572
0.106336
0.115263
0.124366
0.133713
0.143488
0.154386
0.167659
0.183645
0.20165
0.221144
0.241845
0.263655
0.286574
0.310653
0.335968
0.362611
0.390681
0.420287
0.451543
0.48457
0.519498
0.556461
0.595605
0.637082
0.681053
0.727689
0.777172
0.829696
0.885463
0.944692
1.00761
1.07447
1.14552
1.22105
1.30134
1.38671
1.47749
1.57404
1.67673
1.78595
1.90213
2.02573
2.15723
2.29713
2.446
2.6044
2.77295
2.95233
3.14322
3.34638
3.56261
3.79275
4.03771
4.29847
4.57605
4.87155
5.18614
0.0498877
0.0588059
0.0676676
0.0765656
0.0855405
0.0946149
0.103805
0.113127
0.122599
0.132253
0.142162
0.152526
0.16411
0.178316
0.195539
0.215006
0.236105
0.25851
0.282103
0.306881
0.332897
0.360235
0.388994
0.419282
0.451216
0.48492
0.520526
0.558172
0.598006
0.640182
0.684866
0.732231
0.782463
0.835757
0.89232
0.952372
1.01615
1.0839
1.15588
1.23238
1.31369
1.40013
1.49204
1.58977
1.6937
1.80423
1.9218
2.04687
2.17992
2.32146
2.47206
2.6323
2.8028
2.98423
3.1773
3.38277
3.60145
3.83419
4.08191
4.34558
4.62626
4.92504
5.24311
5.58173
0.0526624
0.0621025
0.0714664
0.0808612
0.0903321
0.0999031
0.109591
0.119412
0.129386
0.139545
0.149968
0.16087
0.173087
0.188173
0.206588
0.22748
0.250152
0.274227
0.299566
0.326161
0.35407
0.383381
0.4142
0.446646
0.480843
0.516925
0.555033
0.595317
0.637933
0.683048
0.730838
0.781491
0.835203
0.892185
0.952657
1.01685
1.08503
1.15745
1.23439
1.31615
1.40306
1.49545
1.59367
1.69811
1.80918
1.9273
2.05294
2.18659
2.32877
2.48002
2.64095
2.81218
2.99437
3.18825
3.39456
3.61412
3.84779
4.09649
4.36119
4.64295
4.94287
5.26214
5.60202
5.96387
0.0552
0.065126
0.074955
0.0848083
0.094736
0.104764
0.114909
0.125187
0.135618
0.146238
0.157127
0.168518
0.181313
0.197224
0.216783
0.239058
0.263265
0.288971
0.316013
0.344379
0.374129
0.405356
0.438176
0.472713
0.509102
0.547485
0.588014
0.630846
0.67615
0.724102
0.774892
0.828716
0.885786
0.946322
1.01056
1.07876
1.15117
1.22809
1.30981
1.39664
1.48893
1.58705
1.69135
1.80226
1.9202
2.04563
2.17904
2.32096
2.47193
2.63253
2.80341
2.98521
3.17866
3.38452
3.60358
3.8367
4.08481
4.34887
4.62993
4.92909
5.24754
5.58654
5.94742
6.33164
0.0574919
0.0678684
0.0781258
0.0884005
0.098747
0.109192
0.119755
0.130449
0.141296
0.152332
0.163642
0.175474
0.188795
0.205474
0.226123
0.249735
0.275432
0.302723
0.331421
0.361506
0.39304
0.426122
0.460875
0.497432
0.535935
0.576537
0.619396
0.664681
0.712571
0.763253
0.816925
0.873797
0.934092
0.998045
1.06591
1.13793
1.21442
1.29566
1.38195
1.47365
1.57112
1.67472
1.78486
1.90197
2.0265
2.15894
2.29981
2.44965
2.60904
2.77862
2.95903
3.15098
3.35523
3.57257
3.80385
4.04998
4.31193
4.59073
4.88746
5.20332
5.53954
5.89745
6.27848
6.68415
0.0595312
0.0703234
0.080974
0.091634
0.102363
0.113188
0.124129
0.135201
0.146423
0.157833
0.169522
0.181749
0.195545
0.212934
0.234616
0.259511
0.286649
0.315475
0.345774
0.37752
0.410774
0.445644
0.482257
0.520755
0.561289
0.60402
0.649115
0.696753
0.74712
0.800414
0.856845
0.916634
0.980015
1.04723
1.11855
1.19425
1.27463
1.35998
1.45066
1.54701
1.64941
1.75826
1.87397
1.997
2.12783
2.26696
2.41494
2.57235
2.73979
2.91793
3.10745
3.30909
3.52364
3.75195
3.9949
4.25345
4.52861
4.82147
5.13318
5.46497
5.81816
6.19414
6.5944
7.02054
0.0613126
0.0724869
0.0834967
0.0945076
0.105583
0.116754
0.128037
0.139447
0.151007
0.162752
0.174778
0.187358
0.201579
0.219621
0.242276
0.268397
0.296919
0.327223
0.359064
0.392405
0.427311
0.463894
0.502289
0.542645
0.585121
0.629885
0.677114
0.726994
0.779723
0.835507
0.894567
0.957133
1.02345
1.09378
1.16838
1.24757
1.33165
1.42093
1.51577
1.61654
1.72363
1.83746
1.95847
2.08713
2.22394
2.36944
2.52418
2.68878
2.86387
3.05014
3.2483
3.45915
3.68349
3.92222
4.17626
4.44661
4.73433
5.04056
5.3665
5.71343
6.08274
6.47588
6.89442
7.34002
0.0628329
0.0743568
0.0856933
0.0970224
0.108412
0.119893
0.131483
0.143199
0.155059
0.167103
0.179429
0.19232
0.206921
0.225559
0.249123
0.276408
0.306253
0.337971
0.371286
0.406153
0.442637
0.480854
0.520946
0.563069
0.60739
0.654085
0.70334
0.755349
0.810317
0.868462
0.930011
0.995206
1.0643
1.13757
1.2153
1.29778
1.38536
1.47835
1.57713
1.68208
1.79361
1.91215
2.03817
2.17215
2.31461
2.46612
2.62726
2.79865
2.98097
3.17492
3.38127
3.60081
3.83441
4.08299
4.3475
4.62901
4.9286
5.24745
5.58684
5.94809
6.33263
6.742
7.17781
7.64182
0.0640903
0.0759328
0.0875654
0.0991817
0.110854
0.122614
0.134479
0.146466
0.158594
0.170903
0.183493
0.196658
0.211595
0.230774
0.255181
0.283564
0.314665
0.347728
0.382445
0.418761
0.456741
0.496507
0.538205
0.581999
0.628064
0.676583
0.727749
0.781765
0.838844
0.899213
0.963107
1.03078
1.10249
1.17853
1.25918
1.34478
1.43564
1.53212
1.6346
1.74348
1.85918
1.98215
2.11288
2.25186
2.39963
2.55679
2.72393
2.90171
3.09082
3.29199
3.50602
3.73374
3.97603
4.23386
4.50822
4.8002
5.11094
5.44167
5.79368
6.16838
6.56725
6.99186
7.44391
7.9252
0.0650852
0.0772169
0.0891166
0.100991
0.112916
0.124925
0.137036
0.149264
0.161628
0.174171
0.186992
0.200398
0.21563
0.235295
0.260481
0.289891
0.322174
0.356507
0.392548
0.43023
0.469621
0.510843
0.554051
0.599415
0.647116
0.697345
0.750302
0.806198
0.865253
0.927702
0.99379
1.06378
1.13794
1.21656
1.29995
1.38844
1.48238
1.58212
1.68806
1.8006
1.9202
2.04731
2.18242
2.32607
2.4788
2.64123
2.81398
2.99771
3.19315
3.40107
3.62227
3.85761
4.10802
4.37448
4.65803
4.95978
5.28093
5.62273
5.98654
6.37378
6.78601
7.22485
7.69205
8.18948
0.0658198
0.0782129
0.0903526
0.102458
0.114609
0.12684
0.139168
0.151608
0.164181
0.176927
0.189951
0.203566
0.219055
0.239155
0.265053
0.295415
0.328804
0.364326
0.401606
0.440567
0.481275
0.523857
0.568473
0.6153
0.664525
0.716345
0.770967
0.828609
0.8895
0.953879
1.022
1.09414
1.17057
1.25159
1.33752
1.4287
1.52548
1.62824
1.73738
1.85332
1.97652
2.10746
2.24664
2.39461
2.55194
2.71925
2.89718
3.08644
3.28774
3.5019
3.72974
3.97214
4.23006
4.50451
4.79657
5.10738
5.43816
5.79021
6.16493
6.5638
6.98841
7.44043
7.92166
8.43403
0.0662982
0.0789263
0.0912806
0.103592
0.115944
0.128371
0.14089
0.153517
0.166272
0.179196
0.192395
0.206191
0.221903
0.242387
0.268931
0.300169
0.334581
0.371206
0.409635
0.449781
0.491708
0.535549
0.581466
0.629643
0.680273
0.733559
0.789715
0.848965
0.911545
0.977702
1.0477
1.12181
1.20032
1.28354
1.3718
1.46545
1.56485
1.67038
1.78246
1.90152
2.02803
2.16248
2.3054
2.45733
2.61888
2.79066
2.97336
3.16768
3.37437
3.59425
3.82818
4.07706
4.34187
4.62365
4.92351
5.24263
5.58225
5.94371
6.32845
6.73799
7.17395
7.63806
8.13217
8.65826
0.066526
0.0793645
0.0919097
0.104404
0.116933
0.129532
0.142219
0.15501
0.167922
0.180999
0.194349
0.2083
0.224204
0.245026
0.272149
0.304184
0.339532
0.377169
0.416653
0.457886
0.500929
0.54592
0.593027
0.642437
0.694348
0.748971
0.806524
0.867238
0.931355
0.999128
1.07083
1.14673
1.22714
1.31236
1.40274
1.49863
1.6004
1.70845
1.8232
1.9451
2.07461
2.21225
2.35855
2.51409
2.67946
2.85531
3.04233
3.24124
3.45282
3.6779
3.91735
4.17211
4.44318
4.73162
5.03856
5.36522
5.71286
6.08287
6.4767
6.89592
7.34219
7.81728
8.32308
8.86163
0.0665105
0.0795362
0.0922502
0.104905
0.117589
0.130339
0.143172
0.156104
0.169153
0.182362
0.195841
0.209923
0.22599
0.247106
0.274742
0.307493
0.343688
0.382241
0.42268
0.464895
0.508948
0.554977
0.603156
0.653677
0.706742
0.762567
0.821377
0.883407
0.948904
1.01813
1.09135
1.16887
1.25098
1.338
1.43028
1.52818
1.63207
1.74238
1.85952
1.98395
2.11616
2.25666
2.406
2.56475
2.73355
2.91305
3.10394
3.30696
3.52292
3.75265
3.99705
4.25708
4.53376
4.82816
5.14145
5.47485
5.82968
6.20735
6.60933
7.03722
7.49273
7.97765
8.49394
9.04364
0.0662605
0.0794515
0.0923137
0.105109
0.117928
0.130808
0.143768
0.156821
0.169987
0.183308
0.196895
0.211087
0.227291
0.248659
0.276745
0.310128
0.347077
0.386447
0.427736
0.470826
0.515776
0.562727
0.611858
0.663362
0.717449
0.774339
0.83426
0.897452
0.964169
1.03468
1.10925
1.18819
1.27179
1.3604
1.45435
1.55402
1.6598
1.77209
1.89134
2.01801
2.15259
2.29561
2.44762
2.60922
2.78104
2.96374
3.15804
3.36469
3.5845
3.81833
4.0671
4.33177
4.61338
4.91304
5.23192
5.57127
5.93244
6.31685
6.72601
7.16155
7.6252
8.1188
8.64432
9.20387
0.0657861
0.0791216
0.0921128
0.105029
0.117965
0.130958
0.144025
0.157181
0.170445
0.18386
0.197537
0.211821
0.228138
0.249719
0.27819
0.312123
0.349729
0.389812
0.431844
0.475696
0.521427
0.56918
0.619137
0.671495
0.726468
0.78428
0.845163
0.909362
0.977133
1.04875
1.12449
1.20465
1.28955
1.37953
1.47493
1.57613
1.68352
1.79753
1.91859
2.04719
2.18382
2.32901
2.48334
2.64739
2.82181
3.00728
3.20452
3.41429
3.63743
3.8748
4.12733
4.396
4.68187
4.98607
5.30977
5.65426
6.0209
6.41112
6.82648
7.26862
7.73929
8.24038
8.77388
9.34192
0.0650982
0.0785588
0.0916607
0.104681
0.117716
0.130804
0.143961
0.157203
0.170549
0.184041
0.197792
0.21215
0.228559
0.250314
0.279108
0.313507
0.351672
0.392362
0.435025
0.479524
0.525916
0.574348
0.625001
0.678081
0.733801
0.792388
0.85408
0.919126
0.987784
1.06033
1.13704
1.21824
1.30422
1.39535
1.49196
1.59445
1.7032
1.81864
1.94123
2.07145
2.20979
2.35681
2.51306
2.67917
2.85577
3.04356
3.24327
3.45567
3.68159
3.92193
4.17761
4.44964
4.73908
5.04707
5.37482
5.72361
6.09483
6.48993
6.91049
7.35817
7.83473
8.3421
8.88229
9.45747
0.0642089
0.0777758
0.0909713
0.104079
0.117197
0.130362
0.143595
0.156907
0.17032
0.183873
0.197683
0.2121
0.22858
0.250475
0.279531
0.314311
0.352934
0.394121
0.4373
0.482326
0.529258
0.578241
0.629461
0.683124
0.739448
0.798664
0.86101
0.926738
0.996113
1.06941
1.14691
1.22894
1.3158
1.40785
1.50544
1.60895
1.7188
1.8354
1.95922
2.09073
2.23046
2.37893
2.53674
2.7045
2.88286
3.07252
3.27421
3.48872
3.71688
3.9596
4.21782
4.49255
4.78486
5.09591
5.42691
5.77917
6.15408
6.55311
6.97785
7.42998
7.9113
8.42373
8.96931
9.55023
0.0631308
0.0767862
0.0900588
0.103238
0.116423
0.129652
0.142944
0.156312
0.169776
0.183378
0.197232
0.211692
0.228227
0.250228
0.279486
0.314561
0.353539
0.395112
0.438689
0.484122
0.531467
0.580873
0.632525
0.686633
0.743417
0.803109
0.865952
0.932198
1.00211
1.07598
1.15408
1.23673
1.32425
1.417
1.51533
1.61962
1.73029
1.84776
1.97251
2.105
2.24577
2.39535
2.55433
2.72334
2.90302
3.09408
3.29726
3.51336
3.74322
3.98774
4.24787
4.52464
4.81912
5.13247
5.46593
5.82081
6.1985
6.6005
7.0284
7.4839
7.96881
8.48506
9.03471
9.61999
0.0618772
0.0756036
0.0889374
0.102172
0.11541
0.128688
0.142025
0.155435
0.168937
0.182573
0.196459
0.210949
0.227521
0.249596
0.278996
0.314281
0.353511
0.395355
0.439212
0.484928
0.532559
0.582255
0.634204
0.688616
0.745714
0.80573
0.868909
0.935506
1.00579
1.08004
1.15854
1.24161
1.32958
1.42279
1.52162
1.62643
1.73766
1.85572
1.98108
2.11424
2.2557
2.40602
2.5658
2.73564
2.91621
3.10821
3.3124
3.52956
3.76056
4.00629
4.2677
4.54584
4.84177
5.15668
5.49179
5.84843
6.22799
6.63199
7.06202
7.51979
8.00712
8.52595
9.07836
9.66656
0.0604615
0.0742417
0.0876213
0.100897
0.114172
0.127485
0.140854
0.154292
0.167819
0.181478
0.195383
0.20989
0.226482
0.2486
0.278085
0.313492
0.35287
0.394869
0.438884
0.484758
0.532547
0.582401
0.634509
0.689084
0.746347
0.806534
0.869888
0.936666
1.00714
1.08158
1.16029
1.24358
1.33178
1.42523
1.5243
1.62939
1.74089
1.85925
1.98494
2.11842
2.26024
2.41094
2.57111
2.74137
2.92239
3.11488
3.31958
3.53728
3.76886
4.0152
4.27727
4.5561
4.85278
5.16848
5.50443
5.86196
6.24249
6.64751
7.07863
7.53756
8.02614
8.5463
9.10013
9.68986
0.0588974
0.0727143
0.0861243
0.0994272
0.112726
0.126059
0.139445
0.152899
0.166439
0.180107
0.19402
0.208532
0.225128
0.247258
0.276768
0.312212
0.351631
0.393671
0.437721
0.483627
0.531443
0.581322
0.633452
0.688045
0.745326
0.805527
0.868896
0.935687
1.00617
1.08062
1.15934
1.24264
1.33085
1.42431
1.52339
1.62848
1.74
1.85837
1.98406
2.11755
2.25938
2.41009
2.57027
2.74054
2.92158
3.11408
3.31879
3.53651
3.7681
4.01446
4.27655
4.55541
4.85211
5.16784
5.50382
5.8614
6.24197
6.64703
7.0782
7.53719
8.02583
8.54607
9.09998
9.6898
0.0571986
0.071035
0.0844599
0.0977748
0.111082
0.124422
0.137814
0.151269
0.164809
0.178475
0.192383
0.206888
0.223473
0.245584
0.275061
0.310456
0.34981
0.391772
0.435736
0.481546
0.52926
0.579029
0.631043
0.685512
0.74266
0.802722
0.865943
0.932577
1.00289
1.07717
1.1557
1.23881
1.3268
1.42004
1.51889
1.62373
1.73498
1.85307
1.97846
2.11164
2.25313
2.40349
2.56329
2.73316
2.91377
3.10581
3.31004
3.52725
3.7583
4.00408
4.26556
4.54376
4.83978
5.15477
5.48998
5.84673
6.22642
6.63055
7.06074
7.51868
8.0062
8.52526
9.07792
9.66641
0.0553785
0.0692168
0.0826409
0.0959526
0.109255
0.122588
0.13597
0.149415
0.162941
0.176593
0.190485
0.20497
0.221529
0.24359
0.272977
0.308235
0.347416
0.389184
0.432938
0.478526
0.526008
0.575533
0.627292
0.681494
0.738362
0.79813
0.86104
0.927348
0.997319
1.07123
1.14939
1.23209
1.31965
1.41244
1.51081
1.61514
1.72586
1.84338
1.96816
2.1007
2.24151
2.39115
2.55018
2.71924
2.89898
3.09011
3.29337
3.50954
3.73948
3.9841
4.24434
4.52121
4.81582
5.12932
5.46294
5.81799
6.19589
6.59812
7.02627
7.48206
7.96729
8.48391
9.03399
9.61974
0.0534504
0.0672725
0.0806796
0.0939727
0.107255
0.120566
0.133925
0.147345
0.160846
0.17447
0.188333
0.202786
0.219304
0.241285
0.27052
0.305554
0.344456
0.385912
0.429334
0.474575
0.521695
0.570844
0.62221
0.676002
0.732442
0.791762
0.854202
0.920016
0.989469
1.06284
1.14041
1.2225
1.30942
1.40153
1.49918
1.60275
1.71265
1.82932
1.9532
2.08477
2.22456
2.37311
2.53099
2.69883
2.87727
3.06701
3.2688
3.48342
3.7117
3.95456
4.21292
4.48781
4.7803
5.09154
5.42277
5.77527
6.15046
6.54981
6.9749
7.42743
7.90921
8.42215
8.96831
9.54988
0.0514274
0.0652141
0.0785872
0.0918456
0.105092
0.118366
0.131687
0.145069
0.15853
0.172114
0.185935
0.200344
0.216802
0.23867
0.267695
0.302416
0.340934
0.381961
0.42493
0.469698
0.516328
0.564968
0.615806
0.669048
0.724914
0.783633
0.845444
0.910598
0.979356
1.05199
1.12879
1.21007
1.29614
1.38734
1.48403
1.58658
1.69541
1.81093
1.9336
2.06389
2.20231
2.34942
2.50576
2.67197
2.84868
3.03658
3.23641
3.44895
3.67502
3.91553
4.17139
4.44362
4.73329
5.04153
5.36956
5.71867
6.09025
6.48575
6.90675
7.35494
7.83208
8.3401
8.88102
9.45703
0.0493219
0.0630533
0.0763743
0.0895809
0.102775
0.115996
0.129264
0.142591
0.155999
0.169528
0.183294
0.197644
0.214026
0.235748
0.264499
0.29882
0.336847
0.377332
0.419727
0.4639
0.509914
0.557916
0.608091
0.660645
0.715792
0.77376
0.834785
0.899114
0.967005
1.03873
1.11457
1.19483
1.27983
1.36989
1.46539
1.56668
1.67416
1.78826
1.90942
2.0381
2.17483
2.32013
2.47456
2.63873
2.81328
2.99888
3.19627
3.40622
3.62954
3.86711
4.11986
4.38877
4.67492
4.97941
5.30345
5.64832
6.01539
6.40609
6.82199
7.26474
7.7361
8.23797
8.77235
9.34139
0.047146
0.0608007
0.0740505
0.0871871
0.100311
0.113462
0.12666
0.139917
0.153254
0.166715
0.180411
0.194687
0.210974
0.232513
0.260929
0.29476
0.332191
0.372021
0.413726
0.457183
0.502456
0.549692
0.599074
0.650802
0.70509
0.76216
0.822245
0.885587
0.95244
1.02307
1.09777
1.17681
1.26053
1.34924
1.4433
1.54308
1.64895
1.76135
1.88071
2.00748
2.14218
2.28532
2.43746
2.5992
2.77117
2.95402
3.1485
3.35534
3.57537
3.80943
4.05845
4.3234
4.60532
4.90534
5.22461
5.56441
5.92607
6.31103
6.72082
7.15706
7.62151
8.11601
8.64255
9.20325
0.0449115
0.0584666
0.0716247
0.0846716
0.0977064
0.110769
0.123878
0.137047
0.150298
0.163673
0.177282
0.191468
0.207639
0.228959
0.256973
0.290226
0.326959
0.366024
0.406924
0.449547
0.493959
0.540305
0.588765
0.639535
0.692824
0.748851
0.807844
0.870041
0.935692
1.00506
1.07842
1.15606
1.23829
1.32543
1.41783
1.51584
1.61986
1.73028
1.84754
1.9721
2.10443
2.24507
2.39455
2.55347
2.72243
2.90211
3.09319
3.29643
3.51263
3.74262
3.98731
4.24766
4.52468
4.81948
5.13322
5.46712
5.8225
6.20079
6.60348
7.03217
7.48857
7.97451
8.49194
9.04295
0.0426298
0.0560607
0.0691047
0.0820407
0.0949656
0.107919
0.120919
0.133982
0.147128
0.160398
0.173904
0.18798
0.204012
0.225073
0.252619
0.285207
0.321141
0.359332
0.399316
0.440991
0.484425
0.52976
0.577173
0.626855
0.679011
0.733854
0.791608
0.852505
0.91679
0.984721
1.05656
1.13261
1.21315
1.29851
1.38902
1.48504
1.58694
1.69512
1.80999
1.93203
2.06169
2.19948
2.34594
2.50165
2.6672
2.84326
3.03049
3.22964
3.44148
3.66684
3.90661
4.16172
4.43319
4.72206
5.0295
5.35669
5.70495
6.07565
6.47026
6.89035
7.33761
7.81382
8.32089
8.86087
0.0403115
0.0535919
0.0664979
0.0792997
0.0920923
0.104914
0.117785
0.13072
0.143739
0.156886
0.170267
0.184213
0.200081
0.220839
0.247851
0.279685
0.314722
0.351936
0.390897
0.431514
0.473857
0.518065
0.564309
0.612778
0.663669
0.717192
0.773563
0.83301
0.895772
0.962097
1.03225
1.10651
1.18517
1.26854
1.35694
1.45073
1.55026
1.65593
1.76816
1.88737
2.01404
2.14865
2.29174
2.44386
2.60561
2.77761
2.96054
3.15512
3.36209
3.58229
3.81655
4.06581
4.33105
4.61331
4.9137
5.2334
5.57369
5.9359
6.32148
6.73197
7.169
7.63432
8.1298
8.65744
0.0379674
0.0510688
0.0638107
0.0764534
0.089089
0.101756
0.114473
0.127257
0.140127
0.153126
0.166361
0.180155
0.19583
0.216241
0.242647
0.273642
0.307686
0.343825
0.38166
0.421113
0.462256
0.505225
0.550185
0.597319
0.64682
0.698889
0.753739
0.81159
0.872674
0.937235
1.00553
1.07782
1.15441
1.23558
1.32167
1.41299
1.50992
1.61283
1.72212
1.83823
1.9616
2.09271
2.23207
2.38025
2.53779
2.70533
2.88352
3.07305
3.27466
3.48915
3.71735
3.96016
4.21853
4.49349
4.78611
5.09755
5.42904
5.78189
6.15751
6.55739
6.98313
7.43644
7.91913
8.43315
0.0356076
0.0484996
0.0610493
0.0735055
0.0859573
0.0984423
0.11098
0.123587
0.136283
0.14911
0.162174
0.17579
0.191241
0.211255
0.236986
0.267056
0.300017
0.334985
0.371597
0.409787
0.449627
0.491249
0.534814
0.580497
0.628486
0.678975
0.732169
0.788283
0.847542
0.91018
0.976445
1.0466
1.12093
1.19971
1.28326
1.37191
1.466
1.56589
1.672
1.78471
1.90449
2.03178
2.16709
2.31095
2.46392
2.62659
2.7996
2.98362
3.17939
3.38765
3.60924
3.84501
4.0959
4.36288
4.64703
4.94945
5.27134
5.61397
5.97872
6.36703
6.78046
7.22066
7.68939
8.18856
0.0332423
0.0458922
0.0582192
0.0704593
0.0826983
0.0949728
0.107303
0.119704
0.132198
0.144826
0.157692
0.1711
0.186291
0.205857
0.230841
0.259905
0.291697
0.325405
0.360702
0.397535
0.435974
0.476147
0.51821
0.562332
0.608692
0.657479
0.70889
0.763131
0.82042
0.880985
0.945065
1.01291
1.0848
1.161
1.24182
1.32757
1.4186
1.51525
1.6179
1.72696
1.84284
1.96601
2.09694
2.23614
2.38416
2.54156
2.70898
2.88706
3.0765
3.27804
3.49248
3.72064
3.96343
4.22181
4.49679
4.78946
5.10097
5.43257
5.78557
6.16137
6.56148
6.9875
7.44114
7.92424
0.0308813
0.0432544
0.055326
0.0673181
0.0793126
0.0913452
0.103436
0.115602
0.127863
0.140261
0.152896
0.166065
0.180958
0.20002
0.224186
0.252166
0.282707
0.315072
0.348969
0.384356
0.421301
0.45993
0.500391
0.542846
0.587467
0.634435
0.683939
0.736179
0.791362
0.849709
0.911449
0.976825
1.0461
1.11954
1.19743
1.28009
1.36783
1.46099
1.55995
1.66509
1.77681
1.89555
2.02178
2.15599
2.2987
2.45047
2.61189
2.7836
2.96626
3.16059
3.36735
3.58736
3.82147
4.07061
4.33576
4.61797
4.91836
5.23811
5.5785
5.94089
6.32671
6.73752
7.17498
7.64083
0.0285346
0.0405939
0.052375
0.0640849
0.0758009
0.0875576
0.0993753
0.111271
0.123265
0.1354
0.147771
0.160664
0.175217
0.193718
0.216995
0.243816
0.273031
0.303976
0.336394
0.370251
0.405618
0.442613
0.481377
0.522065
0.564843
0.609882
0.657363
0.707477
0.760423
0.816413
0.875666
0.938417
1.00491
1.07541
1.1502
1.22956
1.3138
1.40326
1.49829
1.59925
1.70654
1.82057
1.9418
2.07069
2.20775
2.35352
2.50855
2.67347
2.84891
3.03556
3.23416
3.44547
3.67034
3.90964
4.16432
4.4354
4.72393
5.03106
5.35803
5.70611
6.07672
6.47133
6.89154
7.33902
0.0262119
0.0379186
0.0493721
0.060763
0.0721638
0.0836081
0.0951161
0.106705
0.118396
0.13023
0.142299
0.154878
0.169044
0.186924
0.209242
0.234834
0.262652
0.292108
0.322975
0.355227
0.388935
0.424212
0.461191
0.50002
0.540855
0.58386
0.629207
0.677079
0.727665
0.781165
0.837791
0.897767
0.961329
1.02873
1.10022
1.1761
1.25664
1.34218
1.43305
1.52959
1.63219
1.74124
1.85718
1.98044
2.11153
2.25094
2.39922
2.55695
2.72474
2.90326
3.09321
3.29532
3.5104
3.73929
3.98289
4.24217
4.51815
4.81193
5.12467
5.45762
5.81211
6.18957
6.5915
7.01954
0.0239231
0.0352368
0.0463233
0.0573561
0.0684028
0.0794956
0.0906545
0.101897
0.113245
0.124738
0.136465
0.148685
0.162414
0.179612
0.200904
0.225201
0.251561
0.279463
0.308712
0.339291
0.371267
0.404748
0.43986
0.476742
0.515542
0.556415
0.599525
0.645044
0.693151
0.744038
0.797906
0.854966
0.915442
0.979573
1.04761
1.11982
1.19648
1.2779
1.36438
1.45628
1.55394
1.65775
1.76811
1.88546
2.01025
2.14297
2.28414
2.4343
2.59405
2.76401
2.94485
3.13728
3.34205
3.55997
3.7919
4.03876
4.30152
4.58122
4.87899
5.196
5.53352
5.8929
6.2756
6.68314
0.0216783
0.0325568
0.043235
0.0538688
0.0645202
0.07522
0.085988
0.0968421
0.107804
0.118912
0.130251
0.142067
0.155306
0.171757
0.191959
0.214902
0.239748
0.26604
0.293613
0.322455
0.352633
0.384247
0.417416
0.452271
0.48895
0.527599
0.568374
0.611435
0.656954
0.70511
0.756093
0.810104
0.867355
0.92807
0.992488
1.06086
1.13345
1.21055
1.29245
1.37948
1.47198
1.5703
1.67482
1.78597
1.90416
2.02987
2.16358
2.30582
2.45714
2.61813
2.78943
2.97171
3.16567
3.3721
3.5918
3.82564
4.07455
4.33951
4.62158
4.92188
5.24161
5.58205
5.94458
6.33065
0.0194873
0.0298878
0.0401148
0.0503066
0.0605195
0.0707825
0.0811154
0.0915361
0.102067
0.112743
0.123646
0.135007
0.147699
0.163342
0.182393
0.203928
0.22721
0.251843
0.277687
0.304737
0.333056
0.362738
0.393895
0.426647
0.461126
0.497466
0.535815
0.576322
0.619149
0.664464
0.712445
0.763282
0.817173
0.874331
0.934978
0.999351
1.0677
1.1403
1.21743
1.29938
1.38649
1.47908
1.57752
1.6822
1.79352
1.91192
2.03785
2.17182
2.31434
2.46598
2.62732
2.799
2.98171
3.17614
3.38309
3.60335
3.8378
4.08737
4.35306
4.63593
4.93709
5.25777
5.59925
5.96291
0.0173605
0.027239
0.0369708
0.046676
0.0564055
0.0661863
0.0760378
0.085978
0.0960284
0.106224
0.116641
0.127492
0.139578
0.154351
0.172194
0.192275
0.21395
0.236881
0.260951
0.286159
0.312565
0.340257
0.369337
0.39992
0.432124
0.466077
0.501915
0.539779
0.579817
0.622187
0.667057
0.714603
0.76501
0.818477
0.875212
0.935437
0.999388
1.06731
1.13948
1.21617
1.29767
1.38432
1.47644
1.5744
1.67858
1.78938
1.90724
2.03262
2.166
2.30792
2.45892
2.6196
2.79059
2.97256
3.16625
3.3724
3.59183
3.82541
4.07408
4.33882
4.62069
4.92083
5.24044
5.58081
0.0153079
0.0246205
0.0338121
0.0429853
0.052185
0.0614367
0.0707589
0.0801696
0.0896898
0.0993531
0.10923
0.119516
0.130935
0.144777
0.161361
0.179946
0.199978
0.22117
0.243425
0.266748
0.291194
0.316843
0.34379
0.372139
0.402003
0.433497
0.466747
0.501883
0.539044
0.578375
0.620032
0.664178
0.710985
0.760637
0.813328
0.869264
0.928663
0.991757
1.05879
1.13003
1.20575
1.28624
1.37183
1.46283
1.55962
1.66256
1.77205
1.88854
2.01246
2.14432
2.28461
2.43391
2.59278
2.76185
2.94181
3.13334
3.33722
3.55425
3.7853
4.03128
4.29318
4.57205
4.86901
5.18526
0.0133398
0.0220427
0.0306487
0.0392437
0.0478668
0.0565413
0.0652852
0.0741159
0.0830541
0.0921314
0.101413
0.111075
0.121767
0.13462
0.149897
0.166951
0.18531
0.204733
0.22514
0.246539
0.268982
0.292541
0.317304
0.343366
0.370828
0.399797
0.430388
0.462721
0.496923
0.533128
0.571478
0.612124
0.655223
0.700946
0.749471
0.800987
0.855695
0.913809
0.975556
1.04118
1.11093
1.18508
1.26391
1.34775
1.43691
1.53174
1.63262
1.73993
1.8541
1.97558
2.10483
2.24237
2.38874
2.54451
2.7103
2.88677
3.0746
3.27456
3.48742
3.71405
3.95534
4.21226
4.48586
4.77723
0.0114662
0.0195165
0.0274918
0.0354622
0.0434613
0.0515103
0.0596262
0.067826
0.0761293
0.0845659
0.093195
0.102174
0.112077
0.123885
0.137816
0.15331
0.169971
0.187599
0.20613
0.225574
0.245976
0.267405
0.289939
0.313662
0.338668
0.365053
0.392921
0.422382
0.45355
0.486548
0.521506
0.558559
0.597854
0.639544
0.68379
0.730767
0.780656
0.833655
0.889968
0.949815
1.01343
1.08106
1.15297
1.22943
1.31076
1.39726
1.48927
1.58715
1.6913
1.8021
1.92
2.04546
2.17897
2.32106
2.47229
2.63325
2.80459
2.98698
3.18115
3.38788
3.60798
3.84234
4.09191
4.35769
0.00969723
0.017053
0.0243531
0.0316531
0.0389813
0.0463566
0.0537951
0.0613127
0.0689283
0.0766693
0.0845889
0.0928261
0.10188
0.112591
0.125139
0.13905
0.153994
0.169807
0.186438
0.203898
0.22223
0.241492
0.261755
0.283096
0.305597
0.329345
0.354433
0.380959
0.409027
0.438746
0.470234
0.503613
0.539014
0.576574
0.616441
0.65877
0.703725
0.751484
0.80223
0.856163
0.913493
0.974443
1.03925
1.10817
1.18146
1.25942
1.34235
1.43057
1.52443
1.6243
1.73056
1.84364
1.96397
2.09204
2.22834
2.37341
2.52784
2.69223
2.86724
3.05356
3.25194
3.46317
3.68811
3.92765
0.00804235
0.0146635
0.0212452
0.02783
0.0344413
0.0410956
0.0478077
0.0545928
0.0614683
0.0684594
0.075613
0.0830495
0.0911962
0.100763
0.111899
0.124208
0.137419
0.151401
0.166113
0.181567
0.1978
0.214864
0.232823
0.251742
0.271695
0.292759
0.315016
0.338552
0.36346
0.389837
0.417786
0.447416
0.478842
0.512188
0.547584
0.585167
0.625085
0.667492
0.712554
0.760446
0.811356
0.865481
0.923032
0.984234
1.04933
1.11856
1.19221
1.27055
1.35391
1.4426
1.53697
1.63739
1.74426
1.85799
1.97903
2.10787
2.24502
2.39101
2.54643
2.7119
2.88807
3.07566
3.27542
3.48815
0.00651073
0.0123593
0.018181
0.0240074
0.0298571
0.0357445
0.041683
0.0476866
0.0537715
0.0599599
0.0662928
0.0728724
0.0800576
0.0884382
0.0981362
0.108827
0.120295
0.132433
0.145211
0.158639
0.172751
0.187592
0.203215
0.21968
0.237048
0.255387
0.274767
0.295266
0.316961
0.339938
0.364287
0.390102
0.417484
0.446541
0.477385
0.510137
0.544923
0.58188
0.621153
0.662892
0.707262
0.754434
0.804594
0.857935
0.914667
0.97501
1.0392
1.10749
1.18014
1.25744
1.33969
1.42721
1.52035
1.61948
1.72498
1.83727
1.9568
2.08405
2.2195
2.36372
2.51726
2.68075
2.85485
3.04026
0.00511089
0.0101511
0.0151735
0.0202001
0.0252456
0.0303223
0.0354421
0.0406178
0.0458638
0.0511997
0.0566602
0.0623302
0.0685039
0.0756607
0.0838999
0.0929626
0.102678
0.112962
0.123793
0.13518
0.147153
0.159749
0.173012
0.186992
0.201744
0.217323
0.233789
0.251207
0.269644
0.289173
0.309868
0.331813
0.35509
0.379791
0.406013
0.433858
0.463433
0.494855
0.528246
0.563735
0.60146
0.641569
0.684218
0.729573
0.77781
0.829117
0.883696
0.941757
1.00353
1.06925
1.13919
1.21361
1.2928
1.37708
1.46678
1.56226
1.66389
1.77207
1.88724
2.00985
2.14039
2.27939
2.4274
2.58503
0.00385053
0.00804893
0.0122348
0.0164226
0.0206237
0.0248486
0.0291076
0.0334122
0.0377749
0.0422125
0.0467533
0.0514657
0.0565832
0.0624842
0.0692478
0.0766735
0.0846301
0.0930545
0.101929
0.111264
0.121082
0.131413
0.142295
0.153769
0.165877
0.178666
0.192186
0.206489
0.22163
0.237668
0.254666
0.27269
0.291811
0.312102
0.333642
0.356516
0.380813
0.406627
0.434058
0.463213
0.494206
0.527157
0.562195
0.599455
0.639083
0.681233
0.72607
0.773768
0.824515
0.878507
0.935957
0.997089
1.06214
1.13138
1.20506
1.28349
1.36697
1.45583
1.55043
1.65114
1.75837
1.87254
1.99411
2.12358
0.00273615
0.00606128
0.00937534
0.0126876
0.016007
0.0193421
0.0227023
0.026097
0.029537
0.0330355
0.0366151
0.040328
0.0443512
0.0489699
0.0542449
0.0600276
0.0662216
0.0727807
0.0796926
0.0869648
0.0946154
0.102669
0.111153
0.1201
0.129544
0.139519
0.150066
0.161226
0.173039
0.185554
0.198818
0.212883
0.227804
0.243639
0.260449
0.278301
0.297262
0.317408
0.338816
0.36157
0.385757
0.411472
0.438816
0.467893
0.498818
0.531711
0.5667
0.603921
0.64352
0.68565
0.730478
0.778178
0.828938
0.882956
0.940448
1.00164
1.06677
1.1361
1.2099
1.28847
1.37212
1.46118
1.55602
1.65701
0.00177259
0.00419364
0.00660199
0.00900418
0.0114075
0.0138195
0.0162475
0.0186994
0.0211833
0.0237091
0.0262931
0.0289722
0.0318701
0.0351858
0.0389624
0.0430979
0.0475265
0.0522167
0.0571605
0.0623633
0.0678381
0.0736023
0.0796762
0.0860822
0.0928443
0.0999885
0.107542
0.115535
0.123997
0.132961
0.142463
0.152538
0.163227
0.174571
0.186613
0.199402
0.212985
0.227416
0.242751
0.25905
0.276375
0.294794
0.314379
0.335205
0.357354
0.380911
0.405968
0.432622
0.460978
0.491146
0.523245
0.557398
0.593741
0.632415
0.673573
0.717377
0.764001
0.813626
0.866454
0.922692
0.982561
1.04631
1.11419
1.18646
0.000961593
0.00244532
0.00391403
0.00537407
0.00683168
0.00829258
0.00976208
0.0112453
0.0127476
0.0142751
0.0158377
0.0174573
0.0192073
0.0212051
0.0234765
0.0259621
0.0286236
0.0314427
0.0344149
0.0375435
0.0408363
0.0443037
0.047958
0.0518126
0.0558819
0.0601813
0.0647275
0.0695378
0.0746309
0.0800263
0.085745
0.0918093
0.0982426
0.10507
0.112317
0.120012
0.128186
0.13687
0.146096
0.155902
0.166325
0.177404
0.189184
0.201709
0.215029
0.229194
0.244259
0.260284
0.27733
0.295463
0.314755
0.335279
0.357117
0.380353
0.40508
0.431394
0.459398
0.489203
0.520928
0.554696
0.590645
0.628916
0.669663
0.71305
0.000297147
0.000800421
0.00129596
0.00178716
0.00227687
0.0027674
0.00326075
0.00375874
0.00426324
0.00477638
0.00530145
0.00584582
0.00643385
0.00710464
0.00786688
0.00870107
0.00959457
0.0105414
0.01154
0.0125916
0.0136987
0.0148649
0.0160942
0.017391
0.0187603
0.0202071
0.021737
0.0233557
0.0250694
0.0268848
0.0288086
0.0308483
0.0330116
0.0353067
0.0377425
0.0403282
0.0430736
0.0459892
0.0490861
0.0523761
0.0558714
0.0595854
0.0635325
0.0677273
0.0721861
0.0769257
0.0819638
0.0873202
0.0930152
0.0990702
0.105509
0.112355
0.119635
0.127378
0.135614
0.144373
0.153691
0.163603
0.174148
0.185367
0.197305
0.210009
0.223529
0.237919
