-8.6233e-05
-0.00110193
-0.00209777
-0.00308111
-0.00405825
-0.00503422
-0.00601325
-0.00699912
-0.00799537
-0.0090058
-0.0100352
-0.0110918
-0.0121965
-0.0134252
-0.0148567
-0.0164462
-0.0181607
-0.0199828
-0.0219063
-0.0239314
-0.0260623
-0.0283053
-0.0306681
-0.033159
-0.0357877
-0.038564
-0.0414984
-0.0446026
-0.0478883
-0.0513684
-0.0550565
-0.0589668
-0.0631147
-0.0675163
-0.0721889
-0.0771506
-0.0824208
-0.08802
-0.0939702
-0.100294
-0.107018
-0.114165
-0.121767
-0.12985
-0.138447
-0.147593
-0.157322
-0.167671
-0.178683
-0.190401
-0.202869
-0.216138
-0.230259
-0.245287
-0.261283
-0.278309
-0.296433
-0.315727
-0.336267
-0.358135
-0.381419
-0.406213
-0.432615
-0.460732
-0.490677
-0.000257957
-0.00121161
-0.00216816
-0.00312516
-0.00408305
-0.00504375
-0.00600968
-0.00698363
-0.00796864
-0.00896823
-0.0099867
-0.0110325
-0.0121268
-0.0133471
-0.0147749
-0.0163629
-0.0180769
-0.0198985
-0.021821
-0.0238445
-0.0259734
-0.0282137
-0.0305732
-0.0330605
-0.0356848
-0.0384561
-0.0413853
-0.0444833
-0.0477625
-0.0512356
-0.0549154
-0.0588179
-0.0629566
-0.0673484
-0.0720109
-0.0769619
-0.0822197
-0.0878058
-0.0937431
-0.100052
-0.106759
-0.113891
-0.121474
-0.129538
-0.138116
-0.147239
-0.156944
-0.167271
-0.178256
-0.189945
-0.202384
-0.21562
-0.229708
-0.2447
-0.260657
-0.277642
-0.295723
-0.314969
-0.33546
-0.357276
-0.380503
-0.405236
-0.431574
-0.459622
-0.489494
-0.000427893
-0.00134642
-0.00226692
-0.00319139
-0.00412066
-0.0050558
-0.0059984
-0.0069505
-0.0079143
-0.0088926
-0.00989
-0.0109145
-0.0119882
-0.0131924
-0.0146125
-0.0161977
-0.0179105
-0.0197309
-0.0216512
-0.0236717
-0.0257961
-0.028031
-0.0303839
-0.0328636
-0.0354794
-0.0382405
-0.0411586
-0.0442453
-0.0475113
-0.05097
-0.054635
-0.05852
-0.062641
-0.067014
-0.071655
-0.076582
-0.081817
-0.087378
-0.093287
-0.099567
-0.106244
-0.113342
-0.120888
-0.128915
-0.137451
-0.146532
-0.156191
-0.166467
-0.177401
-0.189034
-0.201413
-0.214586
-0.228604
-0.243525
-0.259405
-0.276309
-0.294301
-0.313456
-0.333844
-0.355557
-0.378671
-0.403286
-0.429494
-0.457401
-0.487129
-0.000594977
-0.00148486
-0.00237213
-0.00326263
-0.0041589
-0.0050623
-0.0059743
-0.0068963
-0.0078304
-0.0087791
-0.0097462
-0.0107403
-0.0117841
-0.0129643
-0.0143727
-0.0159533
-0.017664
-0.0194822
-0.0213992
-0.0234147
-0.0255325
-0.0277595
-0.0301017
-0.0325702
-0.035172
-0.037919
-0.040821
-0.043889
-0.047135
-0.050572
-0.054214
-0.058074
-0.062168
-0.066511
-0.071121
-0.076016
-0.081214
-0.086737
-0.092604
-0.098841
-0.10547
-0.112517
-0.120012
-0.127981
-0.136457
-0.145472
-0.155062
-0.165264
-0.176119
-0.187669
-0.199958
-0.213036
-0.226954
-0.241766
-0.257526
-0.274307
-0.292178
-0.311191
-0.33143
-0.35298
-0.37593
-0.40036
-0.42638
-0.45409
-0.4836
-0.00075791
-0.0016197
-0.00247369
-0.003329
-0.0041892
-0.0050567
-0.0059328
-0.0068188
-0.0077165
-0.008628
-0.0095573
-0.0105127
-0.0115184
-0.0126673
-0.0140598
-0.0156337
-0.0173412
-0.019156
-0.0210683
-0.0230768
-0.025185
-0.0274
-0.02973
-0.032182
-0.034767
-0.037494
-0.040373
-0.043416
-0.046636
-0.050045
-0.053655
-0.057482
-0.061539
-0.065844
-0.070412
-0.075263
-0.080413
-0.085884
-0.091697
-0.097875
-0.104441
-0.111423
-0.118845
-0.126738
-0.135133
-0.144062
-0.153561
-0.163665
-0.174415
-0.185852
-0.198025
-0.210971
-0.224753
-0.23943
-0.25504
-0.27166
-0.28934
-0.30817
-0.32822
-0.34956
-0.37228
-0.39648
-0.42224
-0.44968
-0.4789
-0.00091581
-0.00174792
-0.002567
-0.0033849
-0.0042068
-0.005035
-0.005871
-0.0067164
-0.0075724
-0.0084411
-0.0093261
-0.0102362
-0.0111968
-0.0123076
-0.0136798
-0.0152446
-0.0169468
-0.0187566
-0.020662
-0.022661
-0.024759
-0.026958
-0.029271
-0.031702
-0.034264
-0.036966
-0.039818
-0.042831
-0.046018
-0.04939
-0.052962
-0.056746
-0.060759
-0.065015
-0.069531
-0.074325
-0.079416
-0.084823
-0.090568
-0.096673
-0.103162
-0.110059
-0.117393
-0.125192
-0.133485
-0.142307
-0.15169
-0.161672
-0.172288
-0.183592
-0.19561
-0.20841
-0.22202
-0.23651
-0.25193
-0.26834
-0.28581
-0.30441
-0.32422
-0.34529
-0.36774
-0.39163
-0.41708
-0.44418
-0.47305
-0.00106769
-0.00186786
-0.0026498
-0.0034283
-0.0042092
-0.0049953
-0.0057882
-0.0065892
-0.0073994
-0.0082207
-0.0090568
-0.0099163
-0.0108261
-0.0118927
-0.0132396
-0.0147919
-0.016488
-0.018291
-0.020187
-0.022174
-0.024255
-0.026438
-0.028727
-0.031136
-0.03367
-0.03634
-0.039159
-0.042136
-0.045282
-0.048611
-0.052136
-0.05587
-0.059828
-0.064026
-0.06848
-0.073207
-0.078226
-0.083557
-0.08922
-0.095237
-0.101633
-0.108431
-0.115659
-0.123344
-0.131518
-0.140206
-0.149451
-0.159288
-0.16976
-0.18089
-0.19273
-0.20534
-0.21876
-0.23302
-0.24822
-0.2644
-0.28161
-0.29993
-0.31943
-0.3402
-0.36231
-0.38585
-0.41092
-0.43762
-0.46605
-0.00121257
-0.0019783
-0.0027209
-0.0034576
-0.0041955
-0.0049372
-0.0056846
-0.0064384
-0.0072
-0.0079708
-0.0087542
-0.0095594
-0.0104139
-0.0114306
-0.0127476
-0.014285
-0.01597
-0.017763
-0.019647
-0.021619
-0.023681
-0.025841
-0.028106
-0.030484
-0.032986
-0.035622
-0.0384
-0.041333
-0.044433
-0.047712
-0.051181
-0.054857
-0.058751
-0.062881
-0.067262
-0.071911
-0.076847
-0.082089
-0.087657
-0.093573
-0.099859
-0.106543
-0.113647
-0.121206
-0.129231
-0.13778
-0.14687
-0.15653
-0.16681
-0.17775
-0.1894
-0.20178
-0.21496
-0.22899
-0.24392
-0.2598
-0.27672
-0.29472
-0.31388
-0.33429
-0.35601
-0.37915
-0.40378
-0.43
-0.45793
-0.00134982
-0.0020787
-0.0027798
-0.0034732
-0.0041661
-0.0048619
-0.0055617
-0.0062666
-0.0069773
-0.0076954
-0.008424
-0.0091723
-0.0099682
-0.010931
-0.012212
-0.013729
-0.015401
-0.017182
-0.019051
-0.021004
-0.023044
-0.025176
-0.027411
-0.029755
-0.032219
-0.034812
-0.037545
-0.040429
-0.043475
-0.046694
-0.050102
-0.053709
-0.057532
-0.061584
-0.065882
-0.070443
-0.075284
-0.080424
-0.085884
-0.091684
-0.097848
-0.104399
-0.111364
-0.11876
-0.12664
-0.13501
-0.14392
-0.15339
-0.16347
-0.17419
-0.18559
-0.19773
-0.21065
-0.22439
-0.23902
-0.25459
-0.27116
-0.2888
-0.30758
-0.32758
-0.34886
-0.37152
-0.39565
-0.42135
-0.44872
-0.00147876
-0.0021687
-0.0028266
-0.0034751
-0.0041221
-0.0047705
-0.0054218
-0.0060766
-0.0067355
-0.0073997
-0.0080725
-0.0087627
-0.009499
-0.010403
-0.011643
-0.013135
-0.01479
-0.016553
-0.018402
-0.020332
-0.022345
-0.024448
-0.026646
-0.028952
-0.031372
-0.033917
-0.036597
-0.039425
-0.04241
-0.045565
-0.048901
-0.052433
-0.0561751
-0.06014
-0.064345
-0.068806
-0.073541
-0.078567
-0.083905
-0.089576
-0.095601
-0.102002
-0.10881
-0.11605
-0.12375
-0.13193
-0.14063
-0.14989
-0.15973
-0.17021
-0.18136
-0.19322
-0.20583
-0.21927
-0.23356
-0.24877
-0.26496
-0.2822
-0.30054
-0.32006
-0.34086
-0.363
-0.38657
-0.41168
-0.43842
-0.00159881
-0.0022479
-0.0028617
-0.0034645
-0.0040646
-0.0046653
-0.0052675
-0.0058718
-0.0064786
-0.007089
-0.0077059
-0.008337
-0.009012
-0.009855
-0.01105
-0.012512
-0.014144
-0.015886
-0.017712
-0.019614
-0.021595
-0.02366
-0.02582
-0.028079
-0.03045
-0.032941
-0.035565
-0.038329
-0.041245
-0.044327
-0.047585
-0.051033
-0.054684
-0.058553
-0.062655
-0.067005
-0.071622
-0.076523
-0.081727
-0.0872539
-0.09313
-0.09937
-0.10601
-0.11306
-0.12055
-0.12853
-0.137
-0.14603
-0.15562
-0.16582
-0.17668
-0.18823
-0.20053
-0.21361
-0.22753
-0.24235
-0.25812
-0.2749
-0.29278
-0.3118
-0.33205
-0.35361
-0.37658
-0.40102
-0.42706
-0.00170937
-0.0023163
-0.0028853
-0.0034421
-0.0039956
-0.0045484
-0.0051018
-0.005656
-0.0062112
-0.0067681
-0.00732899
-0.007904
-0.008518
-0.009299
-0.010441
-0.011867
-0.013472
-0.015187
-0.016984
-0.018853
-0.020797
-0.022822
-0.024934
-0.027144
-0.029459
-0.031892
-0.034449
-0.037143
-0.039986
-0.042986
-0.046158
-0.049513
-0.053065
-0.056828
-0.060816
-0.065046
-0.069534
-0.074297
-0.079356
-0.08473
-0.09043
-0.0965
-0.10294
-0.10979
-0.11708
-0.12482
-0.13306
-0.14181
-0.15113
-0.16104
-0.17159
-0.18281
-0.19474
-0.20744
-0.22096
-0.23534
-0.25065
-0.26696
-0.2843
-0.30277
-0.32243
-0.34337
-0.36566
-0.3894
-0.41467
-0.0018104
-0.0023741
-0.0028982
-0.0034094
-0.0039164
-0.0044222
-0.0049275
-0.0054325
-0.0059373
-0.006442
-0.00695001
-0.007468
-0.00802399
-0.00874001
-0.009828
-0.011212
-0.012782
-0.014466
-0.016228
-0.018059
-0.01996
-0.021937
-0.023997
-0.02615
-0.028406
-0.030771
-0.033258
-0.035875
-0.038634
-0.041547
-0.044625
-0.047879
-0.051323
-0.05497
-0.0588371
-0.062936
-0.067283
-0.071895
-0.0768
-0.082
-0.08753
-0.0934
-0.09963
-0.10627
-0.11331
-0.12081
-0.12878
-0.13726
-0.14628
-0.15588
-0.16608
-0.17693
-0.18849
-0.20078
-0.21386
-0.22778
-0.2426
-0.25836
-0.27515
-0.29303
-0.31205
-0.3323
-0.35386
-0.37684
-0.40129
-0.0019013
-0.0024216
-0.0029011
-0.0033675
-0.0038292
-0.004289
-0.0047476
-0.0052049
-0.0056609
-0.006116
-0.006572
-0.007037
-0.00753701
-0.00818999
-0.009216
-0.010552
-0.012083
-0.013727
-0.015448
-0.017236
-0.019088
-0.021012
-0.023015
-0.025106
-0.027292
-0.029585
-0.031994
-0.034529
-0.037199
-0.040016
-0.04299
-0.046136
-0.049464
-0.0529881
-0.05672
-0.060678
-0.064874
-0.06933
-0.0740501
-0.07907
-0.08441
-0.09007
-0.09609
-0.10249
-0.10929
-0.11652
-0.12421
-0.13239
-0.14109
-0.15033
-0.16017
-0.17064
-0.18178
-0.19363
-0.20624
-0.21967
-0.23395
-0.24916
-0.26534
-0.28256
-0.30091
-0.32043
-0.34123
-0.36336
-0.38694
-0.0019821
-0.0024588
-0.0028949
-0.0033176
-0.0037353
-0.0041507
-0.0045642
-0.0049759
-0.0053857
-0.005793
-0.006201
-0.006615
-0.00705999
-0.007651
-0.008615
-0.00989699
-0.011381
-0.01298
-0.014655
-0.01639
-0.018188
-0.020052
-0.021992
-0.024013
-0.026127
-0.028341
-0.030665
-0.033108
-0.035682
-0.038396
-0.041262
-0.044289
-0.047492
-0.050883
-0.054475
-0.058283
-0.06232
-0.0666
-0.0711499
-0.0759701
-0.08109
-0.08654
-0.09233
-0.09847
-0.10501
-0.11195
-0.11934
-0.12719
-0.13554
-0.14443
-0.15388
-0.16394
-0.17463
-0.18602
-0.19814
-0.21103
-0.22475
-0.23935
-0.25489
-0.27144
-0.28904
-0.3078
-0.32776
-0.34902
-0.37166
-0.0020524
-0.0024862
-0.00288
-0.0032607
-0.0036363
-0.00400919
-0.00438
-0.0047482
-0.00511301
-0.005477
-0.00583799
-0.00620601
-0.00660001
-0.00713201
-0.008029
-0.009251
-0.010682
-0.01223
-0.01385
-0.015528
-0.017265
-0.019064
-0.020933
-0.02288
-0.024913
-0.027041
-0.029274
-0.031621
-0.034091
-0.036695
-0.039442
-0.042346
-0.045415
-0.048664
-0.052105
-0.05575
-0.05961
-0.06372
-0.06806
-0.07269
-0.0775901
-0.0828
-0.08833
-0.09421
-0.10047
-0.10712
-0.11418
-0.1217
-0.12969
-0.13819
-0.14723
-0.15685
-0.16708
-0.17797
-0.18955
-0.20188
-0.215
-0.22896
-0.24383
-0.25964
-0.27649
-0.29442
-0.31351
-0.33383
-0.35548
-0.0021124
-0.0025041
-0.0028573
-0.0031978
-0.0035334
-0.003866
-0.0041962
-0.004524
-0.004848
-0.005169
-0.00548901
-0.005812
-0.00616001
-0.006635
-0.00746399
-0.00862201
-0.00999199
-0.011481
-0.01304
-0.014656
-0.016324
-0.018052
-0.019843
-0.021709
-0.023656
-0.025693
-0.027827
-0.030071
-0.03243
-0.034916
-0.03754
-0.040309
-0.043238
-0.046333
-0.04962
-0.05309
-0.05678
-0.06068
-0.06484
-0.06923
-0.07391
-0.0788699
-0.0841399
-0.0897501
-0.0957
-0.10203
-0.10876
-0.11591
-0.12352
-0.13161
-0.14022
-0.14938
-0.15912
-0.16949
-0.18051
-0.19224
-0.20473
-0.21803
-0.23217
-0.24724
-0.26327
-0.28033
-0.2985
-0.31785
-0.33844
-0.0021617
-0.0025126
-0.0028271
-0.0031297
-0.0034274
-0.0037224
-0.0040147
-0.00430401
-0.00459
-0.00487301
-0.005153
-0.005438
-0.005743
-0.006164
-0.006925
-0.008013
-0.00931701
-0.01074
-0.012232
-0.013776
-0.015371
-0.017019
-0.018729
-0.020506
-0.02236
-0.024298
-0.02633
-0.028461
-0.030705
-0.033066
-0.035557
-0.038188
-0.040967
-0.04391
-0.0470099
-0.05032
-0.05381
-0.05752
-0.06144
-0.0656199
-0.07004
-0.0747501
-0.0797501
-0.08506
-0.0906999
-0.0966902
-0.10307
-0.10985
-0.11706
-0.12473
-0.13288
-0.14155
-0.15079
-0.16059
-0.17105
-0.18216
-0.19399
-0.20657
-0.21997
-0.23423
-0.24941
-0.26557
-0.28277
-0.30108
-0.32059
-0.0022005
-0.0025122
-0.0027901
-0.003057
-0.0033193
-0.0035789
-0.003836
-0.00409
-0.004341
-0.00458799
-0.004834
-0.00508
-0.005347
-0.00571699
-0.006411
-0.00742701
-0.00865901
-0.010009
-0.011427
-0.012893
-0.014406
-0.015971
-0.017591
-0.019275
-0.02103
-0.022865
-0.024785
-0.026801
-0.028919
-0.03115
-0.033501
-0.035984
-0.03861
-0.04138
-0.04432
-0.0474199
-0.05072
-0.0542099
-0.05792
-0.0618501
-0.0660299
-0.07046
-0.07517
-0.0801699
-0.08548
-0.0911398
-0.0971398
-0.10353
-0.11032
-0.11754
-0.12522
-0.13339
-0.14207
-0.15133
-0.16116
-0.17163
-0.18277
-0.19462
-0.20724
-0.22066
-0.23495
-0.25016
-0.26636
-0.28361
-0.30198
-0.0022283
-0.0025028
-0.0027464
-0.0029798
-0.0032093
-0.0034362
-0.0036603
-0.003882
-0.004101
-0.004316
-0.004529
-0.00474399
-0.00497399
-0.0053
-0.005926
-0.00686599
-0.00801998
-0.00928998
-0.010627
-0.012011
-0.013437
-0.01491
-0.016435
-0.01802
-0.01967
-0.021393
-0.023197
-0.025089
-0.027078
-0.029172
-0.031378
-0.033705
-0.03616
-0.03877
-0.04152
-0.04443
-0.04752
-0.0507901
-0.05426
-0.05795
-0.0618501
-0.066
-0.0704099
-0.0750899
-0.08007
-0.0853601
-0.0909901
-0.0969601
-0.10331
-0.11007
-0.11726
-0.1249
-0.13304
-0.14169
-0.15089
-0.16069
-0.1711
-0.1822
-0.194
-0.20656
-0.21993
-0.23417
-0.24932
-0.26545
-0.28262
-0.0022455
-0.0024846
-0.002696
-0.0028985
-0.0030974
-0.0032941
-0.003489
-0.003681
-0.00387
-0.00405601
-0.00423901
-0.004425
-0.00462401
-0.00490701
-0.00546901
-0.00633001
-0.00740102
-0.00858802
-0.00983599
-0.01113
-0.012464
-0.013839
-0.015264
-0.016743
-0.018282
-0.019889
-0.021571
-0.023335
-0.025187
-0.027136
-0.029191
-0.031359
-0.03365
-0.03606
-0.03862
-0.04134
-0.0441999
-0.0472499
-0.05048
-0.0539
-0.0575399
-0.06139
-0.06549
-0.0698402
-0.07447
-0.07938
-0.0846
-0.0901601
-0.0960698
-0.10235
-0.10902
-0.11613
-0.12368
-0.13171
-0.14026
-0.14936
-0.15904
-0.16933
-0.1803
-0.19196
-0.20438
-0.21759
-0.23166
-0.24664
-0.262589
-0.0022516
-0.0024575
-0.0026389
-0.0028128
-0.0029836
-0.00315259
-0.00332
-0.003485
-0.003647
-0.00380699
-0.00396499
-0.004123
-0.00429399
-0.004539
-0.00503799
-0.00581998
-0.00680399
-0.00789899
-0.009056
-0.010253
-0.011487
-0.012761
-0.014079
-0.015446
-0.01687
-0.018356
-0.01991
-0.021539
-0.02325
-0.02505
-0.026945
-0.02894
-0.03105
-0.03329
-0.03565
-0.0381401
-0.0408001
-0.0436001
-0.0465701
-0.0497299
-0.0530801
-0.0566399
-0.06042
-0.06443
-0.0686901
-0.07322
-0.0780301
-0.0831399
-0.0885801
-0.0943599
-0.10052
-0.10706
-0.11402
-0.12142
-0.1293
-0.13767
-0.14659
-0.15608
-0.16616
-0.17691
-0.18834
-0.20051
-0.21346
-0.22725
-0.24192
-0.0022464
-0.0024211
-0.002575
-0.0027224
-0.0028673
-0.0030108
-0.003153
-0.00329299
-0.00343201
-0.00356701
-0.003701
-0.00383699
-0.00398301
-0.00419299
-0.004632
-0.00533402
-0.00622702
-0.007227
-0.00828499
-0.00938001
-0.010511
-0.011677
-0.012884
-0.0141349
-0.015437
-0.016795
-0.018217
-0.019706
-0.02127
-0.0229141
-0.02465
-0.0264801
-0.0284101
-0.03044
-0.0326
-0.0348799
-0.03729
-0.03986
-0.04257
-0.04545
-0.04851
-0.0517502
-0.0551901
-0.0588598
-0.0627398
-0.06687
-0.07127
-0.0759401
-0.0809
-0.0861702
-0.0917802
-0.0977399
-0.10409
-0.11084
-0.11802
-0.12565
-0.13378
-0.14242
-0.15163
-0.16142
-0.17184
-0.18293
-0.19474
-0.207299
-0.22068
-0.00223
-0.0023755
-0.0025036
-0.0026267
-0.00274801
-0.0028681
-0.002987
-0.003105
-0.00322099
-0.003336
-0.00345001
-0.003563
-0.00368699
-0.003866
-0.00424801
-0.00486898
-0.005669
-0.006569
-0.007523
-0.008513
-0.009534
-0.010588
-0.011677
-0.012808
-0.013985
-0.015212
-0.016494
-0.017839
-0.019251
-0.020736
-0.0223
-0.02395
-0.0256799
-0.0275301
-0.02947
-0.03153
-0.03371
-0.0360099
-0.0384699
-0.0410601
-0.0438199
-0.0467498
-0.04985
-0.0531402
-0.0566502
-0.06038
-0.0643299
-0.0685298
-0.07301
-0.07776
-0.0828199
-0.0881901
-0.0939002
-0.0999804
-0.10645
-0.11334
-0.12065
-0.12844
-0.13673
-0.14554
-0.15493
-0.16492
-0.17554
-0.18686
-0.19891
-0.0022016
-0.0023202
-0.00242461
-0.0025252
-0.0026246
-0.002724
-0.002822
-0.002919
-0.00301601
-0.00311099
-0.003205
-0.00330101
-0.00340401
-0.003555
-0.00388199
-0.00442302
-0.005128
-0.00592402
-0.00677001
-0.00764999
-0.00855699
-0.00949299
-0.010463
-0.011468
-0.012514
-0.013606
-0.014747
-0.0159431
-0.017198
-0.018518
-0.0199
-0.0213699
-0.02292
-0.02455
-0.02628
-0.02811
-0.0300499
-0.0321001
-0.0342801
-0.03658
-0.0390301
-0.04162
-0.04439
-0.0473199
-0.0504301
-0.05373
-0.05724
-0.0609801
-0.06494
-0.06917
-0.0736499
-0.0784297
-0.0834999
-0.0889001
-0.0946302
-0.10074
-0.10724
-0.11415
-0.12149
-0.12932
-0.13764
-0.1465
-0.15593
-0.16597
-0.17664
-0.0021615
-0.0022546
-0.0023371
-0.0024169
-0.0024962
-0.002575
-0.002654
-0.00273401
-0.002811
-0.00288901
-0.002966
-0.00304499
-0.003131
-0.00325601
-0.00353101
-0.00399297
-0.00459999
-0.00529
-0.00602499
-0.006789
-0.007579
-0.00839502
-0.00923902
-0.010116
-0.0110281
-0.01198
-0.012976
-0.014018
-0.015113
-0.016264
-0.01748
-0.0187501
-0.02011
-0.02153
-0.0230399
-0.02463
-0.0263201
-0.02811
-0.03
-0.03202
-0.0341401
-0.0364101
-0.03881
-0.0413702
-0.0440798
-0.0469601
-0.05002
-0.0532799
-0.05673
-0.06041
-0.0643101
-0.06847
-0.0728898
-0.07759
-0.0825896
-0.0878997
-0.0935497
-0.0995703
-0.10598
-0.11279
-0.12003
-0.12774
-0.135941
-0.14467
-0.15396
-0.002109
-0.0021784
-0.0022405
-0.0023011
-0.0023618
-0.002423
-0.002485
-0.002546
-0.002608
-0.00267
-0.00273199
-0.002794
-0.00286399
-0.00296599
-0.00319199
-0.003575
-0.00408301
-0.004664
-0.00528401
-0.00593099
-0.00659999
-0.00729197
-0.00800896
-0.008753
-0.00952798
-0.010336
-0.011182
-0.012069
-0.013
-0.013976
-0.01501
-0.0160999
-0.01724
-0.01845
-0.01973
-0.02109
-0.0225199
-0.02405
-0.02566
-0.02737
-0.0291798
-0.03111
-0.03315
-0.0353198
-0.0376201
-0.0400698
-0.04268
-0.0454302
-0.0483801
-0.0514998
-0.0548198
-0.0583401
-0.0620999
-0.0660896
-0.0703402
-0.0748501
-0.0796599
-0.0847597
-0.0901899
-0.0959702
-0.10212
-0.10866
-0.115629
-0.12303
-0.13091
-0.0020438
-0.002091
-0.0021339
-0.00217661
-0.00222
-0.002264
-0.002309
-0.00235499
-0.00240199
-0.00244799
-0.002496
-0.00254601
-0.0026
-0.00268
-0.002859
-0.00316501
-0.003573
-0.00404298
-0.004547
-0.00507301
-0.00561801
-0.00618398
-0.006769
-0.00737906
-0.00801301
-0.00867701
-0.00937003
-0.010097
-0.010861
-0.01167
-0.0125099
-0.0134001
-0.0143399
-0.01534
-0.0163901
-0.0175101
-0.01869
-0.0199299
-0.02125
-0.0226601
-0.0241501
-0.0257299
-0.02741
-0.02918
-0.03108
-0.0330901
-0.0352201
-0.0374999
-0.0398998
-0.04246
-0.0451903
-0.04809
-0.0511603
-0.05443
-0.05791
-0.0616202
-0.0655503
-0.0697398
-0.0741901
-0.0789299
-0.0839701
-0.0893202
-0.0950203
-0.10108
-0.10754
-0.0019656
-0.0019918
-0.0020169
-0.0020427
-0.0020695
-0.002099
-0.00212899
-0.00216
-0.00219101
-0.002225
-0.002258
-0.00229399
-0.00233501
-0.002395
-0.00252801
-0.002758
-0.00306699
-0.00342301
-0.00380901
-0.00421301
-0.00463301
-0.00506902
-0.00552201
-0.00599396
-0.006486
-0.00700003
-0.00753999
-0.00810599
-0.00870001
-0.00932002
-0.00997996
-0.01068
-0.01142
-0.01219
-0.01301
-0.01387
-0.0147901
-0.0157701
-0.0167999
-0.01789
-0.0190599
-0.0202899
-0.0216
-0.02299
-0.0244601
-0.0260201
-0.0276899
-0.0294499
-0.0313301
-0.0333302
-0.03545
-0.0377002
-0.0400996
-0.0426502
-0.0453601
-0.0482297
-0.0513
-0.0545502
-0.0580096
-0.0616903
-0.0655999
-0.0697699
-0.0741997
-0.0789099
-0.0839205
-0.0018743
-0.0018805
-0.00188839
-0.0018981
-0.00191
-0.001923
-0.001938
-0.001955
-0.001975
-0.001994
-0.00201599
-0.00204
-0.002067
-0.00210799
-0.002197
-0.00235102
-0.00255901
-0.00280401
-0.003068
-0.00334799
-0.00364101
-0.00394601
-0.00426602
-0.00459802
-0.00494701
-0.00531095
-0.00569296
-0.00609601
-0.00651896
-0.00697005
-0.00744009
-0.00793004
-0.00845003
-0.00900996
-0.00958991
-0.0102199
-0.01087
-0.01157
-0.01231
-0.0130899
-0.0139101
-0.0147901
-0.0157199
-0.0167201
-0.0177701
-0.0188999
-0.0200801
-0.0213401
-0.02268
-0.0240998
-0.02562
-0.0272298
-0.0289402
-0.0307498
-0.03268
-0.03473
-0.0369096
-0.0392299
-0.0416903
-0.0443096
-0.0470901
-0.0500507
-0.0531902
-0.05653
-0.0600796
-0.0017694
-0.0017564
-0.00174771
-0.0017421
-0.001739
-0.001738
-0.00174001
-0.001743
-0.001748
-0.00175601
-0.001766
-0.00177701
-0.001792
-0.00181401
-0.00185999
-0.001939
-0.00204802
-0.00217798
-0.00232199
-0.002478
-0.00264198
-0.00281602
-0.00299895
-0.00319201
-0.00339401
-0.003609
-0.00383401
-0.004071
-0.00432104
-0.00458002
-0.00485992
-0.00515997
-0.00546992
-0.00580001
-0.00616002
-0.00652003
-0.00691998
-0.00733006
-0.00777006
-0.00823998
-0.00873995
-0.00926995
-0.00983
-0.0104101
-0.01105
-0.0117099
-0.0124199
-0.01317
-0.0139799
-0.0148201
-0.0157199
-0.0166802
-0.0176902
-0.0187802
-0.0199199
-0.0211401
-0.0224304
-0.0238104
-0.02527
-0.0268102
-0.02846
-0.0302
-0.0320501
-0.0340204
-0.0361004
-0.0016507
-0.001619
-0.0015945
-0.0015738
-0.001556
-0.001541
-0.00152799
-0.00151899
-0.00151099
-0.00150599
-0.001504
-0.001504
-0.001507
-0.00151099
-0.00151402
-0.00151801
-0.00152799
-0.001544
-0.00156802
-0.001598
-0.00163502
-0.00167596
-0.00172204
-0.00177395
-0.00183195
-0.00189304
-0.00196099
-0.00203204
-0.00210994
-0.00219989
-0.00228
-0.00238001
-0.00248003
-0.00258005
-0.00268996
-0.00281
-0.00294006
-0.00307
-0.00321996
-0.00337005
-0.00353003
-0.00370002
-0.00388002
-0.00407982
-0.00427985
-0.00449014
-0.00471997
-0.00496984
-0.00521994
-0.00550008
-0.00578022
-0.00608015
-0.00640965
-0.00675011
-0.00711012
-0.00750017
-0.00789976
-0.00831985
-0.00876999
-0.00925016
-0.00974989
-0.0102797
-0.0108404
-0.0114298
-0.0120497
-0.0015183
-0.00146841
-0.001428
-0.00139239
-0.00136
-0.001331
-0.001306
-0.00128201
-0.00126201
-0.00124501
-0.00123
-0.00121899
-0.00120799
-0.001194
-0.001156
-0.001086
-0.000995994
-0.000899017
-0.000802994
-0.000707
-0.000615001
-0.000524998
-0.000436008
-0.000347018
-0.000258029
-0.000168979
-7.70092e-05
1.60336e-05
0.000112951
0.000219941
0.000309944
0.000429988
0.000540018
0.000650048
0.000779986
0.000910044
0.00105011
0.00119007
0.00135005
0.0015099
0.0016799
0.00186992
0.00206995
0.00228
0.00250006
0.00273013
0.00297999
0.0032599
0.00354004
0.00385022
0.00417042
0.00452042
0.00488997
0.00529003
0.00572014
0.00618029
0.00665998
0.00718021
0.00774002
0.00834036
0.00898027
0.00965977
0.0104008
0.0112
0.0120497
-0.0013723
-0.0013039
-0.0012477
-0.0011972
-0.001151
-0.001108
-0.00106701
-0.001031
-0.00099799
-0.000967994
-0.000941992
-0.000918001
-0.000895008
-0.000862002
-0.000778973
-0.000635982
-0.000447989
-0.000238985
-2.19941e-05
0.000196993
0.000416994
0.000638008
0.000862002
0.001091
0.00132501
0.00156701
0.00181597
0.00207496
0.00234401
0.00261998
0.00292003
0.00323009
0.00354993
0.00389993
0.00424993
0.00462997
0.00503993
0.00547004
0.00591993
0.00640011
0.00691009
0.0074501
0.00801992
0.0086298
0.00927997
0.00996995
0.0107
0.0114701
0.0123098
0.0131798
0.0141296
0.01512
0.0161901
0.0173302
0.0185399
0.0198298
0.0212102
0.0226698
0.02424
0.0259099
0.0276899
0.0296001
0.0316296
0.0337896
0.0361004
-0.0012126
-0.0011259
-0.0010535
-0.000987895
-0.000927001
-0.000868998
-0.000814989
-0.000764996
-0.000718012
-0.000676006
-0.000636011
-0.000599995
-0.000562996
-0.000510007
-0.000384003
-0.000167012
0.000119001
0.000438988
0.000775009
0.00111502
0.00146103
0.00181401
0.00217301
0.00253999
0.00291902
0.00331002
0.00371701
0.00413901
0.00458002
0.00505006
0.00553
0.00602996
0.00656998
0.00714004
0.00774002
0.00837004
0.00902998
0.00974
0.0104901
0.0112801
0.01212
0.0130098
0.0139601
0.0149701
0.0160398
0.01717
0.0183899
0.01968
0.0210402
0.0225101
0.0240502
0.0257096
0.0274596
0.0293298
0.0313201
0.0334401
0.0357099
0.0381203
0.0406799
0.0434198
0.04634
0.0494499
0.0527601
0.0563107
0.0600796
-0.0010398
-0.000934102
-0.000845395
-0.000764005
-0.000687003
-0.000615001
-0.000546008
-0.000481009
-0.000420988
-0.000364006
-0.000312001
-0.000261009
-0.000210002
-0.000137001
3.39746e-05
0.000326008
0.000707984
0.00113901
0.001589
0.00205198
0.00252301
0.00300199
0.00349402
0.00399899
0.00452
0.00505996
0.00562102
0.00620705
0.00681901
0.00746
0.00812995
0.00883996
0.00959003
0.01037
0.0112
0.01208
0.01301
0.0139899
0.01503
0.01614
0.0173199
0.0185602
0.0198801
0.0212801
0.0227702
0.0243599
0.0260401
0.0278299
0.0297399
0.03176
0.0339198
0.0362201
0.0386701
0.0412703
0.0440297
0.0469899
0.0501199
0.0534697
0.0570302
0.0608301
0.0648699
0.06919
0.0737896
0.07868
0.0839205
-0.000854202
-0.0007293
-0.000623405
-0.000525497
-0.000432998
-0.000344001
-0.000260994
-0.000179991
-0.000105008
-3.29912e-05
3.40044e-05
9.80049e-05
0.000165001
0.000261009
0.000478029
0.000844985
0.00132301
0.00185999
0.002426
0.00300601
0.00359899
0.00420499
0.00482601
0.005467
0.00612897
0.00681603
0.00752997
0.00827599
0.00905597
0.00986993
0.01074
0.0116401
0.0125901
0.0136
0.01466
0.01578
0.01697
0.0182301
0.01956
0.0209799
0.02247
0.02407
0.0257599
0.02755
0.02946
0.0314901
0.0336499
0.0359399
0.0383801
0.0409701
0.0437303
0.0466599
0.0497804
0.0531101
0.0566502
0.06041
0.0644302
0.0687003
0.0732498
0.0780997
0.0832701
0.0887604
0.0946302
0.10088
0.10754
-0.000656601
-0.000511594
-0.000387594
-0.000272602
-0.000162996
-5.79953e-05
4.30048e-05
0.000138998
0.000231996
0.000317991
0.000401005
0.000481993
0.000565007
0.00068599
0.000950992
0.00139201
0.00196499
0.002608
0.00328398
0.00397998
0.00469199
0.005422
0.00617099
0.00694299
0.007743
0.008573
0.00943899
0.010342
0.011289
0.01228
0.01332
0.0144199
0.0155799
0.01679
0.01809
0.0194601
0.0209
0.0224299
0.02405
0.0257701
0.02759
0.0295298
0.03158
0.0337701
0.0360899
0.0385499
0.0411701
0.0439601
0.0469198
0.05007
0.0534298
0.0569901
0.0607896
0.0648298
0.0691299
0.07371
0.0785799
0.0837698
0.0893002
0.09518
0.10145
0.10813
0.11525
0.122829
0.13091
-0.000448
-0.000281803
-0.000138901
-5.49853e-06
0.000121996
0.000244997
0.000363991
0.000477999
0.000587001
0.00069201
0.000791997
0.000889003
0.000992
0.001138
0.001454
0.00197101
0.00263602
0.00338101
0.00416601
0.00497401
0.00580201
0.00665098
0.00752497
0.00842702
0.00936103
0.010333
0.011345
0.012403
0.013511
0.0146741
0.0159
0.01719
0.01854
0.01998
0.0214901
0.02309
0.0247899
0.02658
0.0284899
0.0305099
0.03266
0.0349202
0.0373399
0.0399098
0.04263
0.0455401
0.04861
0.0518799
0.0553601
0.0590699
0.063
0.0672002
0.07166
0.0763998
0.08145
0.0868301
0.0925498
0.09865
0.10513
0.11204
0.1194
0.12724
0.13558
0.144481
0.15396
-0.000229299
-4.09037e-05
0.000122197
0.000275202
0.000422999
0.000565
0.000703007
0.000836
0.000964001
0.001087
0.00120699
0.001324
0.00144699
0.00162201
0.00198999
0.00258198
0.00333798
0.00418198
0.00507101
0.005988
0.00692701
0.00789201
0.00888699
0.00991499
0.010981
0.012089
0.013245
0.014455
0.015722
0.0170529
0.01845
0.01993
0.02148
0.0231301
0.0248599
0.0266899
0.02864
0.0307001
0.0328801
0.03519
0.0376501
0.0402598
0.04303
0.0459702
0.0490901
0.0524099
0.0559399
0.0597
0.0636899
0.06793
0.0724502
0.07725
0.0823603
0.0878
0.0935903
0.09974
0.1063
0.11328
0.12072
0.12863
0.13706
0.14604
0.15561
0.16579
0.17664
-1.79932e-06
0.000210002
0.000394799
0.0005688
0.000735998
0.0009
0.001059
0.001213
0.001362
0.001506
0.001645
0.001784
0.00193
0.00213701
0.00255901
0.00322703
0.004071
0.00501099
0.005999
0.00702
0.00806898
0.00914598
0.0102561
0.011405
0.012598
0.01384
0.015137
0.016493
0.017914
0.019408
0.02098
0.0226301
0.02439
0.02622
0.02818
0.0302501
0.0324301
0.03475
0.0372
0.0398101
0.0425599
0.0455
0.04861
0.0519199
0.0554399
0.05917
0.0631502
0.0673602
0.0718601
0.0766401
0.0817099
0.0871198
0.0928597
0.0989804
0.1055
0.11243
0.11981
0.12766
0.13602
0.14492
0.1544
0.16449
0.175241
0.1867
0.19891
0.000232998
0.0004697
0.000677504
0.000874199
0.001065
0.001251
0.001432
0.001608
0.00178
0.001948
0.00211
0.00227101
0.002443
0.002684
0.00316501
0.003907
0.00483701
0.005867
0.00695199
0.00807101
0.00922301
0.010408
0.011631
0.012898
0.014213
0.015583
0.017014
0.018513
0.0200861
0.021737
0.0234699
0.0253099
0.02724
0.02929
0.03145
0.03373
0.03615
0.03872
0.04144
0.04432
0.04739
0.0506401
0.0541
0.05776
0.0616601
0.0658002
0.0702
0.0748899
0.07986
0.08516
0.09079
0.0967801
0.10316
0.10995
0.11716
0.12484
0.13302
0.14172
0.15099
0.16086
0.17137
0.18256
0.19447
0.20717
0.22068
0.000473801
0.000736699
0.000969201
0.0011901
0.001405
0.001615
0.001821
0.002023
0.00222
0.00241101
0.0026
0.00278699
0.002987
0.00326499
0.003804
0.00462198
0.00563201
0.00675002
0.007925
0.009139
0.010388
0.011676
0.013007
0.014385
0.015819
0.017313
0.018875
0.020511
0.022228
0.024034
0.025939
0.02794
0.0300601
0.03229
0.03465
0.0371599
0.0398099
0.0426199
0.0455999
0.0487601
0.0521201
0.0556798
0.0594599
0.0634799
0.06775
0.0722899
0.0771101
0.0822401
0.0876901
0.0934899
0.0996699
0.10623
0.11321
0.12064
0.12855
0.13697
0.14592
0.15546
0.16561
0.17642
0.18792
0.20017
0.21323
0.227119
0.24192
0.000718601
0.0010093
0.0012682
0.0015152
0.001756
0.001993
0.002226
0.002454
0.00267699
0.00289699
0.003112
0.00332899
0.00356001
0.00388001
0.00447899
0.00536802
0.00645798
0.00765699
0.00891802
0.010221
0.011564
0.012949
0.014381
0.015867
0.017412
0.019026
0.020713
0.022481
0.0243379
0.026291
0.028349
0.03052
0.03281
0.03523
0.0378001
0.0405101
0.04338
0.04642
0.0496601
0.05309
0.05672
0.0605801
0.0646801
0.0690401
0.0736799
0.0785999
0.0838299
0.08939
0.09532
0.10161
0.1083
0.11542
0.123
0.13105
0.13963
0.14876
0.15848
0.16882
0.17983
0.19155
0.20403
0.21732
0.23146
0.246541
0.262589
0.000965897
0.0012857
0.00157259
0.0018477
0.00211699
0.002382
0.002643
0.002901
0.00315501
0.00340299
0.00364999
0.00389801
0.004163
0.00452499
0.005187
0.00614798
0.007312
0.00858799
0.00992697
0.011314
0.012744
0.01422
0.015749
0.017337
0.018991
0.020717
0.022524
0.024419
0.02641
0.028505
0.030713
0.0330411
0.0354999
0.03811
0.0408499
0.04377
0.04686
0.05014
0.05361
0.05729
0.0611999
0.06536
0.0697701
0.07446
0.0794301
0.0847299
0.0903699
0.09635
0.10271
0.10947
0.11667
0.12433
0.13249
0.14116
0.15039
0.16021
0.17066
0.18178
0.19362
0.20623
0.21965
0.23394
0.24916
0.26536
0.28262
0.0012137
0.0015641
0.001881
0.0021858
0.00248501
0.002781
0.003073
0.003362
0.003647
0.003929
0.004209
0.004491
0.004793
0.00520301
0.00592799
0.00695601
0.00818902
0.00953501
0.01095
0.012413
0.013925
0.015488
0.017107
0.018791
0.020546
0.022381
0.024302
0.026317
0.028436
0.030668
0.03302
0.035502
0.03812
0.0409
0.0438401
0.04694
0.05024
0.05373
0.05744
0.06137
0.0655501
0.06998
0.0746999
0.0797
0.0850198
0.0906701
0.0966702
0.10307
0.10986
0.1171
0.12479
0.13297
0.14166
0.15093
0.16078
0.17126
0.18242
0.19431
0.20695
0.2204
0.23474
0.25
0.26624
0.28354
0.30198
0.0014602
0.0018426
0.002191
0.0025274
0.002859
0.003187
0.003513
0.00383501
0.004155
0.004472
0.004786
0.005106
0.005449
0.005909
0.006696
0.00779
0.009087
0.010499
0.01198
0.013516
0.015102
0.016746
0.018451
0.020225
0.022077
0.024012
0.026041
0.028172
0.030413
0.032773
0.035262
0.037891
0.040673
0.0436
0.04672
0.0500201
0.05351
0.05721
0.0611399
0.06532
0.0697399
0.07445
0.07944
0.0847499
0.0904002
0.09639
0.10278
0.10955
0.11677
0.12444
0.13259
0.14127
0.15051
0.16033
0.17079
0.18192
0.19376
0.20636
0.21978
0.23407
0.24926
0.26545
0.28269
0.30105
0.32059
0.0017036
0.0021192
0.0025006
0.0028705
0.0032357
0.003598
0.003959
0.004318
0.004673
0.00502799
0.005382
0.005742
0.006127
0.00664
0.00748901
0.008645
0.010001
0.011472
0.013014
0.014615
0.016272
0.017989
0.019774
0.021632
0.023573
0.025605
0.027735
0.029974
0.03233
0.034814
0.037434
0.040201
0.043127
0.0462281
0.0495
0.0529699
0.0566601
0.06056
0.0647
0.0691
0.0737801
0.07874
0.08401
0.08961
0.0955598
0.1019
0.10862
0.11578
0.12339
0.13148
0.14009
0.14925
0.159
0.16936
0.18039
0.19214
0.20463
0.21793
0.23208
0.24715
0.2632
0.28028
0.29846
0.31782
0.33844
0.0019423
0.0023919
0.0028078
0.0032126
0.0036135
0.004012
0.00441
0.004806
0.005202
0.00559601
0.00599101
0.006393
0.006825
0.00739199
0.008303
0.009515
0.010924
0.012447
0.014046
0.015706
0.017426
0.019212
0.021069
0.023006
0.025031
0.027152
0.029379
0.03172
0.034185
0.036783
0.039526
0.042425
0.045492
0.048736
0.0521699
0.05582
0.05967
0.0637801
0.06813
0.07274
0.0776399
0.08284
0.08838
0.0942601
0.10051
0.10715
0.11421
0.12173
0.12971
0.13821
0.14725
0.15687
0.16709
0.17798
0.18956
0.20189
0.21501
0.22897
0.24384
0.25965
0.27649
0.29441
0.31351
0.33384
0.35548
0.0021745
0.0026587
0.0031103
0.0035516
0.0039893
0.0044266
0.004863
0.005299
0.00573501
0.00616999
0.00660899
0.007057
0.00753701
0.00816001
0.00912899
0.010394
0.01185
0.01342
0.015068
0.016781
0.018559
0.020407
0.022331
0.024341
0.026443
0.028648
0.030964
0.0334
0.035967
0.038675
0.041535
0.044557
0.047754
0.05114
0.0547301
0.05853
0.06256
0.0668399
0.07138
0.0762
0.08132
0.08676
0.09254
0.0986799
0.10521
0.11215
0.11954
0.12738
0.13573
0.14461
0.15406
0.1641
0.1748
0.18618
0.19828
0.21116
0.22487
0.23946
0.25499
0.27152
0.28912
0.30786
0.32781
0.34904
0.37166
0.0023987
0.0029181
0.0034062
0.0038847
0.0043608
0.0048367
0.005313
0.00579099
0.00626899
0.006749
0.00723299
0.007727
0.008258
0.008936
0.00996101
0.011274
0.012771
0.014383
0.016074
0.017834
0.019664
0.021568
0.023555
0.025631
0.027805
0.030086
0.032485
0.03501
0.037671
0.04048
0.043448
0.046588
0.049909
0.053427
0.057153
0.061102
0.0653
0.0697401
0.0744599
0.0794801
0.08481
0.09047
0.09648
0.10287
0.10966
0.11689
0.12457
0.13274
0.14143
0.15066
0.1605
0.17096
0.18208
0.19392
0.20652
0.21992
0.23419
0.24938
0.26554
0.28275
0.30106
0.32055
0.3413
0.3634
0.38694
0.0026137
0.0031682
0.0036933
0.0042099
0.00472499
0.0052408
0.0057581
0.006277
0.006799
0.007324
0.00785401
0.008398
0.00897999
0.00971599
0.010793
0.012147
0.013681
0.015327
0.017056
0.018857
0.020734
0.022689
0.02473
0.026866
0.029106
0.031459
0.033933
0.03654
0.039291
0.042195
0.0452639
0.04851
0.051947
0.055587
0.059447
0.063538
0.0678821
0.07249
0.0773801
0.08258
0.0880899
0.09396
0.10019
0.10681
0.11386
0.12134
0.1293
0.13777
0.14677
0.15636
0.16654
0.17739
0.18892
0.2012
0.21426
0.22816
0.24295
0.25869
0.27544
0.29328
0.31226
0.33248
0.354
0.3769
0.40129
0.0028184
0.0034075
0.0039697
0.0045246
0.005079
0.0056352
0.0061941
0.0067566
0.00732201
0.007892
0.00846999
0.00906301
0.00969701
0.010488
0.011614
0.013005
0.014568
0.016244
0.018005
0.019844
0.02176
0.02376
0.025852
0.028043
0.030343
0.03276
0.035305
0.037987
0.040818
0.043808
0.04697
0.050317
0.053861
0.057616
0.061596
0.065819
0.070299
0.075056
0.08011
0.08547
0.09117
0.0972199
0.10365
0.1105
0.11777
0.1255
0.13373
0.14247
0.15178
0.16167
0.1722
0.18339
0.19532
0.20799
0.22148
0.23584
0.25112
0.26738
0.28469
0.30311
0.32272
0.34359
0.36582
0.38949
0.41467
0.003012
0.0036349
0.0042338
0.0048267
0.00542
0.0060163
0.0066164
0.0072211
0.00783069
0.008447
0.009072
0.009714
0.010401
0.011245
0.012415
0.013836
0.015425
0.017127
0.018915
0.020784
0.022736
0.024776
0.026913
0.029153
0.031506
0.033981
0.036589
0.039341
0.042246
0.045316
0.048564
0.052002
0.055644
0.059504
0.063597
0.067939
0.072547
0.07744
0.082634
0.088149
0.09402
0.10025
0.10687
0.11391
0.1214
0.12936
0.13782
0.14683
0.1564
0.16659
0.17743
0.18896
0.20123
0.21428
0.22817
0.24295
0.25868
0.27542
0.29325
0.31221
0.3324
0.35389
0.37676
0.40112
0.42706
0.0031937
0.0038491
0.0044837
0.0051139
0.0057455
0.0063809
0.0070214
0.0076676
0.0083206
0.0089813
0.009653
0.010345
0.011082
0.011977
0.013185
0.014634
0.016243
0.017964
0.019775
0.021671
0.023654
0.025729
0.027904
0.030188
0.032589
0.035118
0.037784
0.040596
0.043568
0.046711
0.050037
0.053558
0.0572889
0.061245
0.06544
0.069892
0.074617
0.079634
0.084963
0.090624
0.0966371
0.10303
0.10983
0.11706
0.12473
0.13291
0.14159
0.15083
0.16066
0.17112
0.18224
0.19407
0.20665
0.22005
0.23431
0.24948
0.26563
0.28281
0.30109
0.32055
0.34128
0.36333
0.38681
0.41181
0.43842
0.0033635
0.0040497
0.0047184
0.0053841
0.0060523
0.0067254
0.0074048
0.0080911
0.0087855
0.0094897
0.0102066
0.010945
0.011731
0.012674
0.013916
0.015386
0.017012
0.018748
0.020578
0.022496
0.024505
0.026611
0.02882
0.031143
0.033586
0.036162
0.038878
0.041747
0.044779
0.047987
0.051382
0.054978
0.05879
0.062832
0.06712
0.071671
0.076502
0.081632
0.087081
0.092871
0.099023
0.105562
0.112516
0.1199
0.12776
0.13611
0.14501
0.15446
0.16452
0.17521
0.18659
0.1987
0.21159
0.22529
0.23988
0.2554
0.27192
0.2895
0.30821
0.32813
0.34932
0.3719
0.39592
0.42148
0.44872
0.0035213
0.0042358
0.0049364
0.0056355
0.0063382
0.0070467
0.0077623
0.0084864
0.00922
0.009965
0.0107247
0.0115078
0.0123399
0.013325
0.014597
0.016085
0.017723
0.019472
0.021317
0.023253
0.025284
0.027415
0.029655
0.03201
0.034491
0.037107
0.039869
0.042787
0.045872
0.049137
0.052594
0.056258
0.060141
0.06426
0.068631
0.073269
0.078194
0.083425
0.088981
0.094886
0.10116
0.107831
0.114921
0.122461
0.13048
0.13901
0.14807
0.15771
0.16797
0.17889
0.1905
0.20285
0.21599
0.22999
0.24486
0.2607
0.27755
0.29549
0.31458
0.33491
0.35653
0.37955
0.40406
0.43016
0.45793
0.0036673
0.0044074
0.005137
0.0058665
0.0066004
0.007341
0.0080899
0.0088485
0.0096181
0.0104006
0.0111997
0.0120238
0.0128977
0.0139219
0.0152177
0.016719
0.018366
0.020125
0.021981
0.023933
0.025982
0.028135
0.030399
0.032783
0.035297
0.037949
0.040749
0.043709
0.046841
0.050156
0.053668
0.057389
0.061336
0.065522
0.069964
0.07468
0.079688
0.085008
0.09066
0.096664
0.103048
0.109831
0.117045
0.124714
0.13287
0.14154
0.150766
0.16058
0.17102
0.18212
0.19394
0.20651
0.21988
0.23411
0.24926
0.26537
0.28252
0.30077
0.3202
0.34087
0.36288
0.38631
0.41124
0.43779
0.46605
0.0038022
0.0045643
0.0053191
0.0060752
0.0068364
0.0076053
0.0083834
0.0091724
0.0099738
0.0107899
0.0116241
0.0124847
0.0133961
0.0144537
0.0157696
0.0172808
0.018934
0.0207
0.022566
0.024529
0.026593
0.028765
0.03105
0.033459
0.035999
0.03868
0.041514
0.044511
0.047682
0.05104
0.054598
0.05837
0.06237
0.066614
0.071119
0.075902
0.080981
0.086376
0.092108
0.098201
0.104675
0.111559
0.118877
0.126659
0.134935
0.143736
0.153097
0.163059
0.173647
0.184916
0.1969
0.20966
0.22324
0.23767
0.25304
0.2694
0.2868
0.30533
0.32504
0.34602
0.36835
0.39212
0.41743
0.44437
0.47305
0.0039267
0.0047066
0.0054821
0.0062599
0.0070439
0.0078361
0.0086388
0.0094533
0.0102819
0.0111264
0.0119909
0.0128831
0.0138264
0.0149121
0.0162436
0.0177626
0.0194213
0.0211922
0.0230643
0.025037
0.027113
0.029298
0.031601
0.034029
0.036592
0.039298
0.042159
0.045186
0.04839
0.051784
0.055381
0.059194
0.063239
0.067532
0.072088
0.076925
0.082064
0.087523
0.093323
0.099488
0.106041
0.113007
0.120413
0.128289
0.136664
0.145573
0.155047
0.165127
0.175848
0.187254
0.19939
0.212304
0.226036
0.240661
0.25622
0.27277
0.29039
0.30913
0.32908
0.35032
0.37293
0.39699
0.4226
0.44987
0.4789
0.004042
0.0048346
0.0056248
0.0064188
0.0072195
0.0080298
0.0088515
0.0096866
0.0105367
0.0114045
0.0122934
0.0132115
0.014181
0.015289
0.0166326
0.018157
0.0198183
0.0215924
0.0234698
0.0254494
0.0275347
0.0297319
0.032048
0.034491
0.037071
0.039797
0.042681
0.045732
0.048962
0.052384
0.056011
0.059858
0.063939
0.068269
0.072868
0.077751
0.082936
0.088446
0.094301
0.100523
0.107138
0.114171
0.121648
0.1296
0.138056
0.147049
0.156616
0.166791
0.177617
0.189133
0.201386
0.214422
0.228294
0.243054
0.258756
0.275469
0.293256
0.312187
0.33234
0.35378
0.37661
0.4009
0.42677
0.45429
0.4836
0.00414912
0.0049475
0.0057456
0.0065486
0.0073601
0.0081824
0.0090174
0.0098671
0.0107335
0.0116186
0.0125262
0.0134638
0.0144532
0.015578
0.0169303
0.0184581
0.0201213
0.0218977
0.0237784
0.0257629
0.0278547
0.0300599
0.0323858
0.0348407
0.0374334
0.0401754
0.0430738
0.0461425
0.0493927
0.052836
0.056487
0.060359
0.064467
0.068827
0.073455
0.078371
0.083594
0.089141
0.095037
0.101304
0.107965
0.115047
0.122578
0.130585
0.139102
0.14816
0.157795
0.168044
0.178947
0.190547
0.202888
0.216018
0.229989
0.244856
0.260676
0.27751
0.295426
0.314493
0.334783
0.356382
0.379368
0.403839
0.429882
0.457612
0.487129
0.00424973
0.00504335
0.00583997
0.00664464
0.00746032
0.00828885
0.00913189
0.0099909
0.0108676
0.0117642
0.0126842
0.0136351
0.0146378
0.0157738
0.0171315
0.0186615
0.0203259
0.0221034
0.0239863
0.025974
0.0280702
0.0302808
0.0326132
0.0350758
0.0376776
0.0404283
0.0433385
0.0464191
0.0496821
0.0531404
0.0568061
0.0606947
0.0648203
0.0691999
0.0738497
0.0787877
0.0840329
0.089607
0.0955306
0.101826
0.108519
0.115634
0.1232
0.131246
0.139803
0.148904
0.158585
0.168883
0.179838
0.191492
0.203892
0.217086
0.231124
0.246061
0.261956
0.278872
0.296873
0.31603
0.336419
0.35812
0.381218
0.405804
0.431976
0.459836
0.489494
0.00434525
0.00511288
0.00589797
0.00669847
0.00751384
0.00834431
0.00919063
0.0100539
0.0109357
0.0118381
0.0127643
0.0137217
0.0147313
0.0158727
0.0172332
0.0187643
0.0204289
0.0222072
0.0240911
0.0260804
0.0281786
0.0303919
0.0327276
0.035194
0.0378001
0.0405557
0.0434713
0.0465579
0.0498274
0.0532924
0.0569662
0.0608631
0.064998
0.0693871
0.0740473
0.0789966
0.0842542
0.0898407
0.0957776
0.102088
0.108796
0.115929
0.123512
0.131577
0.140154
0.149277
0.15898
0.169303
0.180284
0.191967
0.204396
0.21762
0.231692
0.246665
0.262599
0.279554
0.297598
0.316801
0.337239
0.358992
0.382145
0.406789
0.433022
0.460948
0.490677
0.00434525
0.00511289
0.00589799
0.00669851
0.00751389
0.00834438
0.00919072
0.0100541
0.0109358
0.0118382
0.0127644
0.0137219
0.0147314
0.015873
0.0172335
0.0187646
0.0204294
0.0222076
0.0240915
0.0260807
0.0281791
0.0303925
0.0327282
0.0351945
0.0378007
0.0405564
0.0434719
0.0465586
0.0498282
0.0532933
0.0569671
0.060864
0.064999
0.0693881
0.0740483
0.0789977
0.0842555
0.089842
0.095779
0.102089
0.108798
0.115929
0.123514
0.131579
0.140156
0.149278
0.158982
0.169304
0.180285
0.191968
0.204398
0.217623
0.231694
0.246667
0.2626
0.279555
0.297599
0.316803
0.33724
0.358993
0.382145
0.40679
0.433023
0.460948
0.490677
0.00424973
0.00504338
0.00584007
0.00664478
0.00746045
0.00828906
0.00913216
0.0099912
0.010868
0.0117646
0.0126848
0.0136357
0.0146386
0.0157747
0.0171325
0.0186626
0.0203269
0.0221046
0.0239876
0.0259753
0.0280715
0.0302822
0.0326147
0.0350774
0.0376793
0.0404301
0.0433405
0.0464212
0.0496844
0.0531419
0.0568086
0.0606972
0.0648237
0.0692029
0.0738527
0.078791
0.0840374
0.0896103
0.0955338
0.10183
0.108522
0.115639
0.123205
0.13125
0.139807
0.148909
0.15859
0.168888
0.179843
0.191498
0.203898
0.217091
0.231129
0.246067
0.261961
0.278877
0.296878
0.316035
0.336424
0.358124
0.381222
0.405807
0.431978
0.459837
0.489494
0.00414912
0.0049476
0.0057456
0.0065487
0.0073603
0.0081826
0.0090177
0.0098676
0.0107341
0.0116194
0.0125271
0.0134649
0.0144545
0.0155794
0.0169318
0.0184598
0.0201231
0.0218996
0.0237804
0.0257651
0.027857
0.0300623
0.0323884
0.0348436
0.0374369
0.0401781
0.043077
0.0461467
0.0493962
0.052841
0.056491
0.060363
0.064471
0.068832
0.073461
0.078377
0.083599
0.089148
0.095044
0.101311
0.107973
0.115055
0.122585
0.130594
0.139111
0.148169
0.157804
0.168053
0.178957
0.190556
0.202897
0.216028
0.229999
0.244865
0.260685
0.277519
0.295434
0.314499
0.334795
0.356389
0.379372
0.403841
0.429889
0.457619
0.487129
0.004042
0.0048346
0.005625
0.006419
0.0072198
0.0080302
0.0088521
0.0096872
0.0105375
0.0114055
0.0122947
0.0132129
0.0141827
0.015291
0.0166348
0.0181593
0.0198209
0.0215951
0.0234726
0.0254522
0.0275372
0.0297345
0.0320511
0.034495
0.037075
0.039802
0.042685
0.045736
0.048967
0.052389
0.056017
0.059865
0.063946
0.068277
0.072875
0.077758
0.082944
0.088455
0.09431
0.100533
0.107148
0.114181
0.121659
0.129611
0.138067
0.147061
0.156628
0.166804
0.177629
0.189146
0.201399
0.214435
0.228307
0.243066
0.258767
0.275484
0.293276
0.312202
0.33234
0.35379
0.37662
0.40091
0.42677
0.45429
0.4836
0.0039267
0.0047067
0.0054822
0.0062601
0.0070442
0.0078366
0.0086393
0.0094541
0.0102829
0.0111277
0.0119923
0.0128849
0.0138286
0.0149146
0.0162464
0.0177656
0.019424
0.0211952
0.023068
0.02504
0.027117
0.029303
0.031605
0.034033
0.036596
0.039303
0.042165
0.045192
0.048397
0.051791
0.055388
0.059202
0.063247
0.06754
0.072097
0.076936
0.082075
0.087534
0.093336
0.099501
0.106054
0.11302
0.120428
0.128304
0.13668
0.145589
0.155064
0.165143
0.175865
0.187271
0.199406
0.212323
0.226056
0.240678
0.25623
0.27278
0.29039
0.30914
0.3291
0.35033
0.37293
0.397
0.4226
0.44987
0.4789
0.0038022
0.0045643
0.0053193
0.0060754
0.0068368
0.0076059
0.0083842
0.0091734
0.009975
0.0107913
0.0116259
0.012487
0.0133986
0.0144566
0.0157728
0.0172848
0.018939
0.020704
0.02257
0.024534
0.026599
0.02877
0.031056
0.033465
0.036005
0.038687
0.041522
0.044518
0.04769
0.051049
0.054608
0.058379
0.062381
0.066625
0.071131
0.075914
0.080994
0.08639
0.092122
0.098215
0.104691
0.111576
0.118894
0.126677
0.134953
0.143754
0.153116
0.163071
0.17367
0.184932
0.19693
0.20968
0.22325
0.23769
0.25307
0.26942
0.28682
0.30534
0.32505
0.34603
0.36836
0.39213
0.41744
0.44437
0.47305
0.0036673
0.0044075
0.0051371
0.0058668
0.0066008
0.0073416
0.0080907
0.0088495
0.0096194
0.0104023
0.0112017
0.0120261
0.0129005
0.0139255
0.0152217
0.016723
0.01837
0.02013
0.021986
0.023938
0.025987
0.028141
0.030406
0.03279
0.035304
0.037956
0.040757
0.043719
0.04685
0.050166
0.053678
0.057401
0.061348
0.065535
0.069978
0.074695
0.079704
0.085024
0.090676
0.096682
0.103066
0.109851
0.117065
0.124735
0.132891
0.141571
0.15079
0.16061
0.17104
0.18215
0.19396
0.20653
0.21991
0.23414
0.24928
0.26539
0.28254
0.3008
0.32022
0.34089
0.3629
0.38631
0.41125
0.4378
0.46605
0.0035213
0.0042359
0.0049366
0.0056358
0.0063387
0.0070473
0.0077632
0.0084875
0.0092215
0.0099668
0.010727
0.0115101
0.0123427
0.013329
0.014601
0.016088
0.017727
0.019477
0.021322
0.023259
0.02529
0.027421
0.029661
0.032018
0.034499
0.037116
0.039878
0.042796
0.045883
0.049148
0.052607
0.056271
0.060155
0.064275
0.068646
0.073285
0.078211
0.083443
0.089001
0.094906
0.101182
0.107852
0.114944
0.122479
0.130501
0.13902
0.1481
0.15774
0.168
0.17892
0.19052
0.20288
0.21602
0.23001
0.24489
0.26073
0.27758
0.29551
0.3146
0.33493
0.35655
0.37957
0.40407
0.43016
0.45793
0.0033635
0.0040497
0.0047185
0.0053845
0.0060528
0.0067261
0.0074057
0.0080924
0.0087871
0.0094917
0.010209
0.010948
0.011735
0.012677
0.01392
0.015391
0.017017
0.018754
0.020584
0.022503
0.024512
0.026618
0.028829
0.031151
0.033596
0.036172
0.038889
0.041758
0.044791
0.048
0.051395
0.054993
0.058805
0.062849
0.067138
0.07169
0.076521
0.081652
0.0871029
0.092894
0.099046
0.105586
0.112536
0.11994
0.12779
0.13615
0.14503
0.15449
0.16455
0.17524
0.18663
0.19873
0.21162
0.22532
0.2399
0.25543
0.27195
0.28953
0.30824
0.32814
0.34934
0.37191
0.39593
0.42149
0.44872
0.0031937
0.0038492
0.0044839
0.0051142
0.005746
0.0063817
0.0070224
0.007669
0.00832219
0.00898319
0.009656
0.010348
0.011085
0.011981
0.01319
0.014639
0.016248
0.01797
0.019782
0.021677
0.023661
0.025737
0.027912
0.030197
0.032599
0.035128
0.037794
0.040609
0.043582
0.046725
0.050052
0.053574
0.057307
0.061263
0.065459
0.069912
0.074639
0.079657
0.084987
0.090649
0.096668
0.10306
0.10986
0.11708
0.12476
0.13293
0.14162
0.15086
0.16069
0.17115
0.18227
0.1941
0.20669
0.22008
0.23434
0.24951
0.26565
0.28283
0.30112
0.32058
0.3413
0.36334
0.38682
0.41181
0.43842
0.003012
0.003635
0.004234
0.004827
0.0054206
0.0060171
0.00661749
0.0072224
0.0078324
0.008449
0.009074
0.009717
0.010404
0.011249
0.012419
0.013842
0.015431
0.017132
0.018921
0.020791
0.022744
0.024785
0.026922
0.029162
0.031517
0.033993
0.036603
0.039354
0.04226
0.045331
0.04858
0.05202
0.055662
0.059524
0.063618
0.067961
0.072571
0.077465
0.082662
0.088186
0.09404
0.10028
0.1069
0.11394
0.12144
0.1294
0.13787
0.14687
0.15644
0.16663
0.17746
0.189
0.20126
0.21432
0.22821
0.24299
0.25872
0.27546
0.29327
0.31224
0.33242
0.35391
0.37678
0.40113
0.42706
0.0028184
0.0034076
0.0039699
0.004525
0.0050795
0.0056359
0.0061952
0.0067571
0.007324
0.007894
0.008472
0.009066
0.009701
0.010492
0.011619
0.01301
0.014575
0.016251
0.018013
0.019852
0.021768
0.023769
0.025861
0.028054
0.030353
0.032772
0.035317
0.038001
0.040833
0.043825
0.046989
0.050336
0.053882
0.057637
0.06162
0.065844
0.070325
0.075081
0.08013
0.08549
0.0912
0.0972501
0.10369
0.11054
0.1178
0.12554
0.13376
0.14251
0.15182
0.16171
0.17224
0.18344
0.19536
0.20803
0.22152
0.23587
0.25116
0.26741
0.28472
0.30314
0.32274
0.34362
0.36583
0.38949
0.41467
0.0026137
0.0031682
0.0036935
0.0042103
0.0047256
0.0052417
0.0057595
0.00628
0.006801
0.00732599
0.00785699
0.00840099
0.008984
0.00972
0.010797
0.012152
0.013686
0.015333
0.017062
0.018865
0.020742
0.022698
0.024741
0.026878
0.029119
0.031472
0.033948
0.036556
0.0393071
0.042212
0.045282
0.04853
0.051968
0.05561
0.059471
0.063564
0.0679029
0.07252
0.07741
0.08261
0.08813
0.094
0.10023
0.10685
0.1139
0.12138
0.12935
0.13781
0.14682
0.1564
0.16659
0.17743
0.18897
0.20125
0.21431
0.2282
0.24298
0.25873
0.27548
0.29331
0.31229
0.33249
0.35401
0.37691
0.40129
0.0023987
0.0029182
0.00340649
0.00388511
0.0043614
0.0048375
0.005314
0.005792
0.00626999
0.006751
0.00723501
0.00773001
0.00826101
0.00894101
0.009967
0.01128
0.012778
0.01439
0.016082
0.017842
0.019673
0.021578
0.023565
0.025641
0.027817
0.0301
0.032499
0.035026
0.037689
0.0405
0.043469
0.046609
0.049932
0.053452
0.05718
0.061132
0.06533
0.06978
0.0745
0.07952
0.0848399
0.0905
0.0965201
0.10291
0.10971
0.11693
0.12461
0.13278
0.14147
0.15071
0.16055
0.171
0.18212
0.19396
0.20656
0.21997
0.23424
0.24941
0.26557
0.28277
0.30108
0.32058
0.34132
0.36342
0.38694
0.0021745
0.0026589
0.00311051
0.0035519
0.0039899
0.004427
0.004864
0.0053
0.00573701
0.006173
0.006612
0.00705999
0.00753999
0.00816399
0.00913399
0.010399
0.011856
0.013427
0.015075
0.01679
0.018568
0.020417
0.022343
0.024354
0.026457
0.028662
0.03098
0.033417
0.035985
0.038694
0.041556
0.044579
0.047779
0.051166
0.05475
0.05856
0.06259
0.06687
0.07142
0.07623
0.08136
0.0868
0.09258
0.0987201
0.10525
0.1122
0.11958
0.12744
0.13578
0.14466
0.15411
0.16416
0.17485
0.18623
0.19833
0.21121
0.22491
0.23951
0.25503
0.27156
0.28915
0.30788
0.32782
0.34905
0.37166
0.0019423
0.0023919
0.002808
0.0032131
0.003614
0.004013
0.004411
0.004808
0.00520299
0.00559801
0.00599299
0.00639601
0.00682901
0.00739601
0.00830701
0.00951999
0.01093
0.012454
0.014053
0.015714
0.017436
0.019222
0.02108
0.023018
0.025044
0.027167
0.029395
0.031737
0.034203
0.036804
0.039549
0.04245
0.045517
0.048764
0.05221
0.05585
0.05971
0.06381
0.0681601
0.07278
0.07768
0.08289
0.08842
0.0943099
0.10056
0.1072
0.11427
0.12177
0.12976
0.13827
0.1473
0.15692
0.16715
0.17803
0.18961
0.20194
0.21506
0.22901
0.24387
0.25968
0.27653
0.29444
0.31353
0.33384
0.35548
0.0017036
0.0021193
0.0025009
0.0028708
0.0032363
0.003599
0.00396
0.004319
0.004676
0.00502999
0.005384
0.00574499
0.00612999
0.006643
0.00749299
0.00865
0.010006
0.011478
0.013022
0.014623
0.016281
0.018
0.019785
0.021645
0.023587
0.02562
0.027752
0.029993
0.032351
0.034835
0.037456
0.040226
0.043154
0.046254
0.04953
0.053
0.0567
0.0606
0.0647399
0.06915
0.07382
0.0787799
0.08406
0.08966
0.0956101
0.10195
0.10867
0.11583
0.12345
0.13153
0.14014
0.1493
0.15905
0.16941
0.18045
0.19218
0.20467
0.21798
0.23213
0.2472
0.26322
0.2803
0.29847
0.31783
0.33844
0.0014602
0.0018427
0.0021912
0.0025279
0.0028592
0.003188
0.003514
0.00383601
0.00415601
0.004473
0.00478901
0.005109
0.00545201
0.00591299
0.00670101
0.00779501
0.00909302
0.010505
0.011988
0.013524
0.015112
0.016756
0.018462
0.020238
0.022091
0.024028
0.026058
0.02819
0.030433
0.032795
0.035287
0.037917
0.040697
0.04363
0.0467499
0.05005
0.05354
0.05725
0.06119
0.0653501
0.06979
0.0745
0.0794901
0.0848
0.0904498
0.0964401
0.10283
0.10961
0.11682
0.1245
0.13266
0.14133
0.15056
0.1604
0.17084
0.18197
0.19382
0.20641
0.21982
0.2341
0.2493
0.26548
0.28271
0.30106
0.32059
0.0012137
0.0015643
0.0018812
0.0021861
0.00248601
0.002782
0.003074
0.003363
0.003649
0.003931
0.00421099
0.004493
0.004796
0.005206
0.005931
0.00696099
0.00819498
0.009543
0.010957
0.012422
0.013934
0.015499
0.01712
0.018805
0.020561
0.022397
0.0243199
0.026337
0.028457
0.030691
0.033044
0.035529
0.03815
0.0409299
0.04387
0.04698
0.05028
0.0537699
0.0574801
0.06142
0.06559
0.0700301
0.0747401
0.0797501
0.0850701
0.09073
0.09673
0.10313
0.10993
0.11715
0.12484
0.13303
0.14173
0.15098
0.16084
0.17133
0.18248
0.19435
0.207
0.22045
0.23478
0.25003
0.26627
0.28355
0.30198
0.000965897
0.0012858
0.0015729
0.0018481
0.002117
0.002382
0.002644
0.002902
0.00315501
0.003405
0.00365101
0.00389901
0.00416499
0.004529
0.005191
0.00615299
0.00731701
0.00859299
0.00993401
0.011322
0.012754
0.014231
0.015761
0.01735
0.019005
0.020733
0.022542
0.024439
0.026432
0.028529
0.030739
0.0330691
0.03554
0.0381401
0.04089
0.04381
0.0469
0.0501699
0.0536499
0.05734
0.06126
0.0654
0.0698299
0.0745099
0.0794899
0.08479
0.09043
0.09641
0.10277
0.10954
0.11674
0.1244
0.13255
0.14122
0.15045
0.16026
0.17071
0.18184
0.19367
0.20627
0.21968
0.23396
0.24917
0.26538
0.28262
0.000718601
0.0010093
0.00126839
0.0015155
0.001757
0.001994
0.00222699
0.002455
0.00267899
0.00289899
0.003115
0.003332
0.003563
0.00388201
0.004483
0.005373
0.00646299
0.007664
0.00892499
0.010229
0.011573
0.012959
0.014393
0.01588
0.017428
0.019043
0.020731
0.0225011
0.024361
0.026315
0.028375
0.03055
0.03284
0.03527
0.03783
0.04054
0.04342
0.04647
0.0497
0.0531299
0.0567701
0.06064
0.0647399
0.0691001
0.07374
0.07866
0.08389
0.0894601
0.0953701
0.10167
0.10837
0.11549
0.12306
0.13112
0.1397
0.14882
0.15853
0.16887
0.17988
0.19159
0.20407
0.21735
0.23149
0.24655
0.262589
0.000473801
0.000736803
0.000969402
0.0011905
0.001405
0.001616
0.00182201
0.00202399
0.002221
0.00241201
0.002601
0.00278899
0.00298899
0.003268
0.00380699
0.00462502
0.00563702
0.00675601
0.00793201
0.00914699
0.010398
0.011687
0.013019
0.014399
0.015834
0.01733
0.018894
0.020532
0.02225
0.0240591
0.025961
0.02797
0.0300801
0.03232
0.03469
0.0372
0.03985
0.04267
0.04564
0.04881
0.0521599
0.0557299
0.05951
0.06354
0.0678
0.07235
0.0771699
0.0822999
0.08776
0.0935602
0.09973
0.10629
0.11328
0.12071
0.12861
0.13703
0.14599
0.15551
0.16566
0.17646
0.18796
0.20021
0.21325
0.22713
0.24192
0.000232998
0.000469796
0.000677697
0.000874504
0.001066
0.001251
0.001433
0.00161001
0.001782
0.001949
0.002112
0.00227301
0.00244601
0.00268699
0.00316802
0.00391099
0.004841
0.00587201
0.00695899
0.00808001
0.00923201
0.010418
0.011643
0.012911
0.014228
0.0156
0.017033
0.018534
0.020108
0.021762
0.0235071
0.02534
0.02728
0.02932
0.0314801
0.03378
0.03619
0.0387599
0.0414901
0.0443801
0.0474501
0.0507002
0.0541501
0.0578198
0.0617299
0.06586
0.0702701
0.07496
0.0799401
0.0852399
0.0908601
0.0968599
0.10323
0.11001
0.11723
0.12491
0.13308
0.14179
0.15104
0.16091
0.17141
0.18259
0.19449
0.20717
0.22068
-1.79932e-06
0.000210203
0.000395
0.000569098
0.000737004
0.000900999
0.001059
0.001214
0.00136299
0.001507
0.001647
0.00178599
0.001932
0.002139
0.00256199
0.00323099
0.004076
0.00501698
0.006006
0.00702798
0.008077
0.009157
0.010269
0.01142
0.012615
0.013858
0.015156
0.016514
0.017938
0.019434
0.021
0.02266
0.02442
0.02627
0.0282199
0.03028
0.03248
0.03479
0.0372499
0.03985
0.0426201
0.0455499
0.0486798
0.05198
0.0555
0.0592401
0.06322
0.06743
0.0719299
0.0767
0.08179
0.0871902
0.0929399
0.0990601
0.10556
0.11249
0.11987
0.12771
0.13608
0.14497
0.15444
0.16452
0.17527
0.18672
0.19891
-0.000229299
-4.09037e-05
0.000122406
0.000275597
0.000422999
0.000565
0.000703007
0.000836
0.000964999
0.00108901
0.00120801
0.001325
0.00144801
0.001624
0.001993
0.00258601
0.003342
0.00418702
0.005077
0.00599501
0.006937
0.00790298
0.00889903
0.00992799
0.010996
0.012107
0.013265
0.014476
0.015746
0.017078
0.01849
0.01996
0.02151
0.02315
0.0249001
0.0267301
0.02868
0.03074
0.03293
0.0352499
0.0376999
0.0403202
0.0430801
0.04603
0.04915
0.05248
0.05601
0.0597699
0.06375
0.0680001
0.07251
0.0773196
0.0824304
0.0878701
0.0936599
0.0998201
0.10636
0.11335
0.12077
0.12868
0.1371
0.14608
0.15563
0.1658
0.17664
-0.000448
-0.000281699
-0.0001387
-5.20051e-06
0.000121996
0.000245996
0.000364989
0.000478998
0.000588
0.000692993
0.000792995
0.000891
0.000993997
0.00114
0.00145701
0.00197402
0.00264099
0.00338599
0.004172
0.00498101
0.00581101
0.006661
0.00753701
0.00844097
0.00937599
0.010349
0.011364
0.012425
0.013535
0.0147
0.01592
0.01722
0.01858
0.02002
0.0215299
0.02314
0.0248301
0.0266399
0.02854
0.03056
0.0327101
0.0349798
0.03741
0.0399699
0.0427001
0.0455999
0.0486801
0.05195
0.0554399
0.05914
0.0630901
0.0672703
0.0717297
0.0764699
0.0815201
0.0868902
0.0926199
0.0987101
0.10519
0.11209
0.11945
0.12727
0.13561
0.1445
0.15396
-0.000656601
-0.000511497
-0.000387505
-0.000272401
-0.000161998
-5.69969e-05
4.40031e-05
0.000139996
0.000232011
0.000319004
0.000402004
0.000483006
0.000567004
0.000688002
0.000952989
0.00139499
0.001968
0.00261301
0.00329
0.003988
0.00470102
0.00543201
0.00618196
0.00695705
0.00775903
0.00859201
0.00945896
0.010364
0.011313
0.01231
0.0133499
0.01445
0.01561
0.01683
0.0181301
0.0195
0.02095
0.02248
0.0240999
0.02582
0.0276499
0.0295901
0.0316401
0.0338402
0.03616
0.03862
0.04124
0.0440402
0.0469999
0.0501499
0.0534999
0.0570698
0.0608702
0.0649099
0.0692101
0.0737796
0.07865
0.0838299
0.0893502
0.0952401
0.10149
0.10816
0.115271
0.12284
0.13091
-0.000854202
-0.000729203
-0.000623196
-0.000525296
-0.000432998
-0.000344001
-0.000259995
-0.000178993
-0.00010401
-3.19928e-05
3.49879e-05
0.000100002
0.000165999
0.000261992
0.000479996
0.000847995
0.00132701
0.001865
0.00243199
0.00301298
0.00360698
0.00421602
0.004839
0.00548095
0.006145
0.00683302
0.00755
0.00829804
0.00907999
0.00989997
0.0107701
0.01167
0.01262
0.01364
0.0146999
0.01582
0.01701
0.01827
0.01961
0.0210299
0.0225301
0.0241299
0.02582
0.0276098
0.02953
0.0315599
0.03372
0.03601
0.03845
0.04105
0.0437999
0.0467401
0.04986
0.0531797
0.0567198
0.0604901
0.0644999
0.0687599
0.0733099
0.0781498
0.0833101
0.08881
0.0946598
0.10089
0.10754
-0.0010398
-0.000934102
-0.000845201
-0.000763699
-0.000687003
-0.000615001
-0.00054501
-0.000481009
-0.000418991
-0.000363007
-0.000309989
-0.00026001
-0.000208005
-0.00013499
3.60012e-05
0.000328004
0.000711977
0.00114298
0.001596
0.00205901
0.00253201
0.003012
0.003506
0.00401205
0.00453496
0.00507802
0.00564098
0.00622898
0.00684398
0.00749004
0.00816
0.00887001
0.00963008
0.01041
0.01124
0.01213
0.01306
0.01405
0.01509
0.0162001
0.01737
0.01862
0.0199399
0.0213501
0.02284
0.02443
0.0261099
0.02791
0.0298102
0.0318401
0.0339999
0.0362902
0.0387402
0.0413404
0.0441098
0.04706
0.05019
0.0535398
0.0570998
0.0608802
0.0649199
0.0692205
0.0738096
0.0787001
0.0839205
-0.0012126
-0.0011258
-0.0010534
-0.000987701
-0.000925995
-0.000868
-0.000814989
-0.000763997
-0.000717998
-0.000674993
-0.000634998
-0.000598997
-0.000561997
-0.00050801
-0.000382006
-0.000164002
0.000123024
0.000444025
0.000780016
0.00112301
0.00146997
0.00182402
0.00218403
0.002554
0.00293499
0.00332797
0.00373602
0.004161
0.004605
0.00506997
0.00555992
0.00607002
0.0065999
0.00716996
0.00778008
0.00839996
0.00908005
0.00978005
0.01054
0.0113299
0.0121799
0.0130701
0.01403
0.0150399
0.0161099
0.0172501
0.01846
0.0197499
0.0211198
0.0225799
0.0241303
0.0257897
0.0275397
0.0294099
0.0314002
0.0335102
0.03578
0.0381804
0.04074
0.0434799
0.0463901
0.04949
0.0527906
0.0563202
0.0600796
-0.0013723
-0.0013038
-0.0012476
-0.001197
-0.001151
-0.001107
-0.001067
-0.001031
-0.000997007
-0.000967011
-0.000941008
-0.000917003
-0.000893995
-0.000860989
-0.00077799
-0.000633985
-0.000445008
-0.000234008
-1.70171e-05
0.000203997
0.000425041
0.000647962
0.000873983
0.00110495
0.00134104
0.00158399
0.001836
0.00209701
0.00236803
0.00265002
0.00295007
0.00326002
0.00359011
0.00393999
0.00428998
0.00469005
0.00507998
0.00551999
0.00597
0.00646019
0.00697017
0.00750995
0.00809002
0.00870013
0.00934005
0.01004
0.0107799
0.0115499
0.0123901
0.0132701
0.0142097
0.0152001
0.0162702
0.0174098
0.01861
0.0199099
0.0212703
0.0227399
0.0243001
0.02596
0.02773
0.0296297
0.0316496
0.0338097
0.0361004
-0.0015183
-0.0014683
-0.0014278
-0.0013921
-0.00136
-0.001331
-0.00130501
-0.00128099
-0.00126199
-0.00124399
-0.001229
-0.00121799
-0.00120701
-0.001193
-0.00115299
-0.00108302
-0.000993013
-0.000894994
-0.00079599
-0.00070101
-0.000607014
-0.000514984
-0.000424027
-0.000333965
-0.000243008
-0.000150979
-5.6982e-05
3.89814e-05
0.000137985
0.000239968
0.000339985
0.000459909
0.00056994
0.000690103
0.000819921
0.000949979
0.00110006
0.00124002
0.00141001
0.00156999
0.00173998
0.00193
0.00213003
0.00233984
0.00256991
0.00279999
0.0030601
0.00332999
0.0036099
0.00392008
0.00425005
0.00460005
0.00497007
0.00537014
0.00579977
0.00623989
0.00673008
0.00724983
0.0078001
0.00838995
0.00902987
0.00969982
0.0104303
0.0112104
0.0120497
-0.0016507
-0.001619
-0.0015944
-0.0015736
-0.001555
-0.001541
-0.00152799
-0.00151801
-0.00151001
-0.001506
-0.00150399
-0.00150301
-0.001506
-0.00150901
-0.001513
-0.001517
-0.00152498
-0.00154001
-0.00156301
-0.001591
-0.00162601
-0.00166601
-0.00171095
-0.00176102
-0.00181603
-0.001876
-0.00194103
-0.00200999
-0.00208503
-0.00216997
-0.00224996
-0.00234997
-0.00242996
-0.00253999
-0.0026499
-0.00277007
-0.00289011
-0.00302005
-0.00317001
-0.00331998
-0.00346994
-0.00363994
-0.00381994
-0.00400996
-0.00421
-0.00442004
-0.00466013
-0.00488997
-0.00514007
-0.00542021
-0.00570011
-0.00601006
-0.00633001
-0.00668001
-0.00704002
-0.00742006
-0.00782013
-0.00825977
-0.00870991
-0.00919008
-0.00970984
-0.0102396
-0.0108099
-0.0114202
-0.0120497
-0.0017694
-0.0017563
-0.0017477
-0.00174201
-0.001739
-0.001738
-0.001739
-0.00174299
-0.001748
-0.001755
-0.001764
-0.00177599
-0.001791
-0.00181299
-0.00185901
-0.001937
-0.00204501
-0.00217402
-0.00231698
-0.002471
-0.00263399
-0.00280601
-0.00298703
-0.003178
-0.00337899
-0.00358999
-0.00381297
-0.004049
-0.00429696
-0.00455999
-0.00484002
-0.00511992
-0.00544
-0.00577009
-0.00611007
-0.00647998
-0.00686991
-0.00727999
-0.00771999
-0.00818014
-0.00868011
-0.0092001
-0.00976014
-0.01035
-0.0109699
-0.0116401
-0.0123398
-0.0130999
-0.0138998
-0.01474
-0.0156398
-0.0166001
-0.0176201
-0.0186901
-0.0198498
-0.02106
-0.0223699
-0.0237403
-0.0252099
-0.0267601
-0.02841
-0.0301704
-0.0320301
-0.0340004
-0.0361004
-0.0018743
-0.0018805
-0.0018882
-0.00189789
-0.00191
-0.00192299
-0.001938
-0.001955
-0.001973
-0.001994
-0.00201501
-0.002039
-0.002066
-0.00210699
-0.002195
-0.00234801
-0.00255701
-0.00279999
-0.00306302
-0.003342
-0.00363299
-0.00393599
-0.00425398
-0.00458497
-0.00493097
-0.00529402
-0.005674
-0.00607401
-0.006495
-0.00692999
-0.00740004
-0.0079
-0.00841999
-0.00897002
-0.00954998
-0.01017
-0.01083
-0.01152
-0.0122499
-0.0130301
-0.01385
-0.01473
-0.0156598
-0.01665
-0.0177002
-0.01882
-0.02
-0.02126
-0.0226002
-0.02402
-0.0255399
-0.0271397
-0.0288501
-0.0306697
-0.0325999
-0.0346599
-0.0368404
-0.0391598
-0.0416303
-0.04426
-0.04704
-0.0500097
-0.0531607
-0.0565195
-0.0600796
-0.0019656
-0.0019918
-0.0020168
-0.0020425
-0.00206921
-0.002098
-0.00212801
-0.002158
-0.00219099
-0.002223
-0.002258
-0.002294
-0.002334
-0.00239401
-0.002527
-0.002756
-0.00306299
-0.00341901
-0.003804
-0.004206
-0.00462401
-0.005059
-0.00551003
-0.00598001
-0.00647104
-0.00698298
-0.00752103
-0.008084
-0.00867599
-0.00929999
-0.00995004
-0.01065
-0.0113801
-0.0121499
-0.01297
-0.0138299
-0.01475
-0.01572
-0.0167501
-0.0178399
-0.0190001
-0.0202301
-0.0215302
-0.0229201
-0.02439
-0.02595
-0.0276201
-0.0293801
-0.03125
-0.0332499
-0.0353703
-0.0376201
-0.04002
-0.0425701
-0.04528
-0.0481601
-0.0512199
-0.0544901
-0.05795
-0.0616398
-0.0655603
-0.0697298
-0.0741692
-0.0788898
-0.0839205
-0.0020438
-0.0020909
-0.0021338
-0.0021765
-0.0022199
-0.002264
-0.00230899
-0.00235501
-0.00240101
-0.00244801
-0.00249599
-0.002544
-0.002599
-0.00267901
-0.002857
-0.003162
-0.00356999
-0.00403899
-0.00454098
-0.00506601
-0.00560999
-0.00617397
-0.00675797
-0.00736499
-0.00799799
-0.00865901
-0.00935
-0.010075
-0.010836
-0.0116401
-0.0124899
-0.01337
-0.01431
-0.0153
-0.01635
-0.01746
-0.01863
-0.0198799
-0.0211999
-0.0226099
-0.0240901
-0.0256698
-0.0273499
-0.02912
-0.0310099
-0.03302
-0.0351501
-0.03742
-0.03983
-0.0423901
-0.0451097
-0.0480099
-0.0510898
-0.0543599
-0.0578399
-0.0615401
-0.0654898
-0.0696697
-0.0741301
-0.0788698
-0.08392
-0.0892906
-0.0950003
-0.10108
-0.10754
-0.002109
-0.0021784
-0.0022404
-0.0023009
-0.0023615
-0.002423
-0.002484
-0.002546
-0.002608
-0.00266899
-0.00273001
-0.002794
-0.00286199
-0.00296399
-0.00319
-0.003573
-0.00408
-0.004659
-0.005279
-0.00592399
-0.00659201
-0.00728202
-0.00799799
-0.00874001
-0.00951201
-0.010319
-0.011163
-0.0120471
-0.0129761
-0.013953
-0.0149801
-0.01606
-0.01721
-0.01842
-0.0197001
-0.0210501
-0.02248
-0.024
-0.02561
-0.02731
-0.02913
-0.0310402
-0.0330801
-0.0352499
-0.03756
-0.04
-0.0425999
-0.0453598
-0.0483
-0.05142
-0.0547402
-0.05827
-0.0620203
-0.06602
-0.07026
-0.07478
-0.0795798
-0.0847001
-0.0901299
-0.0959201
-0.10208
-0.10862
-0.115601
-0.123011
-0.13091
-0.0021615
-0.0022546
-0.00233699
-0.0024168
-0.002496
-0.002575
-0.002655
-0.00273299
-0.002811
-0.00288901
-0.00296599
-0.00304399
-0.00313
-0.00325501
-0.003529
-0.00399098
-0.00459701
-0.00528601
-0.006019
-0.00678301
-0.00757101
-0.00838602
-0.00922799
-0.010103
-0.011014
-0.011964
-0.012956
-0.013997
-0.01509
-0.016238
-0.01744
-0.01873
-0.02007
-0.02149
-0.02299
-0.02459
-0.0262799
-0.02806
-0.02995
-0.03196
-0.0340898
-0.03635
-0.0387599
-0.0413001
-0.0440099
-0.04689
-0.0499501
-0.0532
-0.0566499
-0.0603299
-0.06424
-0.0683904
-0.0728097
-0.0775104
-0.08251
-0.0878296
-0.0934901
-0.0995102
-0.10592
-0.11273
-0.11998
-0.1277
-0.13591
-0.14466
-0.15396
-0.0022016
-0.0023201
-0.0024245
-0.002525
-0.0026244
-0.002723
-0.00282101
-0.002919
-0.003015
-0.00310999
-0.003204
-0.003299
-0.00340299
-0.00355299
-0.00388099
-0.00442103
-0.005124
-0.00591999
-0.00676501
-0.007642
-0.00854897
-0.00948399
-0.010451
-0.011455
-0.012499
-0.013588
-0.014728
-0.015922
-0.017174
-0.018492
-0.0198801
-0.0213399
-0.02288
-0.02452
-0.02625
-0.02807
-0.03
-0.03205
-0.03423
-0.03653
-0.0389702
-0.0415699
-0.0443199
-0.04726
-0.0503602
-0.0536599
-0.0571699
-0.06091
-0.0648799
-0.0690901
-0.07358
-0.0783501
-0.0834203
-0.08882
-0.0945601
-0.10067
-0.10717
-0.11408
-0.12144
-0.12927
-0.1376
-0.14647
-0.15591
-0.16595
-0.17664
-0.00223
-0.0023754
-0.0025036
-0.0026266
-0.0027477
-0.0028678
-0.002987
-0.003105
-0.00322101
-0.003335
-0.00344801
-0.003563
-0.00368601
-0.003865
-0.00424601
-0.00486699
-0.00566599
-0.00656399
-0.00751799
-0.00850698
-0.00952601
-0.010577
-0.011666
-0.012795
-0.01397
-0.015195
-0.016477
-0.017819
-0.019229
-0.020711
-0.02228
-0.0239201
-0.02566
-0.02749
-0.0294299
-0.03149
-0.0336601
-0.03597
-0.0384101
-0.04101
-0.0437599
-0.04669
-0.0497901
-0.0530798
-0.0565898
-0.0603101
-0.06426
-0.06846
-0.0729301
-0.0776899
-0.0827398
-0.0881197
-0.0938401
-0.0999098
-0.10639
-0.11327
-0.12058
-0.12838
-0.13667
-0.14549
-0.15489
-0.16488
-0.17552
-0.18685
-0.19891
-0.0022464
-0.0024212
-0.0025749
-0.0027223
-0.0028672
-0.0030105
-0.003153
-0.003292
-0.00343099
-0.00356701
-0.00370099
-0.00383601
-0.00398099
-0.00419201
-0.00463
-0.00533101
-0.00622401
-0.00722301
-0.00827801
-0.00937301
-0.010502
-0.011668
-0.012872
-0.014122
-0.015422
-0.01678
-0.018198
-0.019686
-0.021247
-0.022889
-0.024615
-0.02644
-0.02837
-0.0303999
-0.03256
-0.03483
-0.0372599
-0.0398101
-0.0425299
-0.0454
-0.0484599
-0.0516899
-0.05514
-0.0588
-0.06268
-0.0668099
-0.0711999
-0.07587
-0.0808301
-0.0861001
-0.0917001
-0.0976701
-0.10401
-0.11077
-0.11794
-0.12558
-0.13372
-0.14236
-0.15157
-0.16137
-0.17179
-0.1829
-0.19471
-0.20728
-0.22068
-0.0022516
-0.0024574
-0.0026389
-0.0028126
-0.0029834
-0.0031523
-0.003319
-0.003484
-0.003646
-0.00380599
-0.00396401
-0.004122
-0.00429301
-0.00453699
-0.005036
-0.005817
-0.0068
-0.00789499
-0.00904998
-0.010246
-0.01148
-0.012751
-0.014068
-0.015434
-0.016856
-0.018339
-0.019892
-0.021518
-0.023228
-0.025025
-0.0269189
-0.0289199
-0.0310299
-0.03326
-0.0356101
-0.03811
-0.04075
-0.0435599
-0.04653
-0.04968
-0.05303
-0.0565901
-0.06036
-0.0643601
-0.06862
-0.0731499
-0.07796
-0.08307
-0.0885098
-0.0943
-0.10045
-0.10699
-0.11395
-0.12135
-0.12923
-0.13761
-0.14652
-0.15602
-0.16611
-0.17686
-0.1883
-0.20047
-0.21343
-0.227241
-0.24192
-0.0022455
-0.0024846
-0.0026959
-0.0028984
-0.00309721
-0.0032938
-0.003488
-0.003681
-0.003869
-0.00405501
-0.00423799
-0.00442299
-0.004623
-0.004905
-0.005466
-0.00632699
-0.00739801
-0.00858301
-0.00983101
-0.011123
-0.012455
-0.01383
-0.015253
-0.01673
-0.018268
-0.019874
-0.021553
-0.023315
-0.025165
-0.027113
-0.029165
-0.031327
-0.0336101
-0.0360301
-0.03859
-0.0413001
-0.04417
-0.0472101
-0.0504301
-0.0538599
-0.0574801
-0.06134
-0.0654299
-0.0697899
-0.0744102
-0.0793202
-0.0845501
-0.0901
-0.0960002
-0.10227
-0.10896
-0.11605
-0.12361
-0.13164
-0.1402
-0.14929
-0.15898
-0.16928
-0.18025
-0.19192
-0.20434
-0.21757
-0.23165
-0.24663
-0.262589
-0.0022283
-0.0025028
-0.0027463
-0.0029797
-0.0032091
-0.0034359
-0.00366031
-0.003881
-0.0041
-0.00431499
-0.004528
-0.004742
-0.00497299
-0.005298
-0.005924
-0.00686301
-0.00801501
-0.009285
-0.010622
-0.012004
-0.013429
-0.014901
-0.016425
-0.018008
-0.019656
-0.021377
-0.02318
-0.025071
-0.027058
-0.029149
-0.031352
-0.033678
-0.03614
-0.03873
-0.0414801
-0.04439
-0.04747
-0.05074
-0.0542099
-0.0578901
-0.0618
-0.06595
-0.0703601
-0.0750301
-0.0800099
-0.0853
-0.09092
-0.09689
-0.10325
-0.11001
-0.11719
-0.12484
-0.13297
-0.14163
-0.15082
-0.16063
-0.17105
-0.18214
-0.19394
-0.20651
-0.21989
-0.23413
-0.24929
-0.26543
-0.28262
-0.0022005
-0.0025122
-0.00279
-0.0030569
-0.0033191
-0.0035786
-0.0038356
-0.00409
-0.00434
-0.00458701
-0.004832
-0.00508
-0.005345
-0.005716
-0.006409
-0.007423
-0.00865498
-0.010004
-0.01142
-0.012886
-0.014398
-0.015961
-0.01758
-0.019263
-0.021017
-0.022849
-0.024768
-0.026782
-0.028898
-0.031127
-0.033477
-0.035957
-0.038574
-0.04135
-0.0442899
-0.04739
-0.05068
-0.0541799
-0.05788
-0.06181
-0.06598
-0.07041
-0.07511
-0.0801198
-0.0854299
-0.09108
-0.09708
-0.10347
-0.11025
-0.11747
-0.12515
-0.13332
-0.14201
-0.15126
-0.1611
-0.17157
-0.18271
-0.19456
-0.20719
-0.22062
-0.23492
-0.25014
-0.26634
-0.2836
-0.30198
-0.0021617
-0.0025126
-0.0028272
-0.0031296
-0.0034272
-0.003722
-0.0040142
-0.004303
-0.00459
-0.00487199
-0.005153
-0.005436
-0.005741
-0.006161
-0.00692199
-0.00801
-0.00931302
-0.010735
-0.012226
-0.013769
-0.015363
-0.01701
-0.018718
-0.020494
-0.022347
-0.024284
-0.026313
-0.028444
-0.030685
-0.0330451
-0.035534
-0.038162
-0.040939
-0.04388
-0.04698
-0.05028
-0.05378
-0.0574701
-0.0613999
-0.06557
-0.0699999
-0.0747
-0.0797
-0.085
-0.0906501
-0.0966399
-0.10301
-0.10979
-0.117
-0.12467
-0.13282
-0.14149
-0.15072
-0.16053
-0.17099
-0.18209
-0.19393
-0.20652
-0.21992
-0.23418
-0.24937
-0.26553
-0.28275
-0.30108
-0.32059
-0.0021124
-0.0025041
-0.0028572
-0.0031977
-0.0035332
-0.0038658
-0.0041958
-0.00452361
-0.00484701
-0.005168
-0.00548701
-0.00581001
-0.00615799
-0.006632
-0.007461
-0.008618
-0.009988
-0.011476
-0.013035
-0.014649
-0.016316
-0.018043
-0.019834
-0.021698
-0.023643
-0.025679
-0.027812
-0.030053
-0.032411
-0.0348949
-0.037517
-0.040285
-0.043211
-0.046308
-0.04959
-0.0530601
-0.05674
-0.06065
-0.0648
-0.0691899
-0.07386
-0.07882
-0.08409
-0.0897001
-0.0956399
-0.10197
-0.1087
-0.11585
-0.12346
-0.13155
-0.14016
-0.14932
-0.15906
-0.16943
-0.18045
-0.1922
-0.20468
-0.21798
-0.23213
-0.2472
-0.26323
-0.28031
-0.29848
-0.31783
-0.33844
-0.0020524
-0.0024861
-0.00288
-0.0032606
-0.0036361
-0.0040089
-0.0043795
-0.0047475
-0.005113
-0.00547601
-0.00583699
-0.00620399
-0.00659901
-0.00713
-0.008026
-0.009248
-0.010678
-0.012224
-0.013844
-0.015522
-0.017257
-0.019055
-0.020923
-0.022869
-0.0249
-0.027027
-0.029259
-0.031604
-0.034072
-0.036675
-0.0394199
-0.042322
-0.04539
-0.048636
-0.052074
-0.05572
-0.05958
-0.0636799
-0.06802
-0.0726501
-0.0775501
-0.08276
-0.0882901
-0.09417
-0.10042
-0.10707
-0.11413
-0.12165
-0.12964
-0.13813
-0.14717
-0.15679
-0.16702
-0.17791
-0.1895
-0.20182
-0.21495
-0.22892
-0.24378
-0.25961
-0.27645
-0.29439
-0.31349
-0.33383
-0.35548
-0.0019821
-0.0024589
-0.0028948
-0.0033175
-0.0037351
-0.0041504
-0.0045638
-0.0049753
-0.0053843
-0.00579099
-0.006199
-0.006614
-0.007057
-0.007649
-0.00861201
-0.009893
-0.011376
-0.012975
-0.014648
-0.016383
-0.018181
-0.020044
-0.021982
-0.024002
-0.026115
-0.028328
-0.03065
-0.033092
-0.035665
-0.038377
-0.041241
-0.044267
-0.047468
-0.050857
-0.054446
-0.058253
-0.0622901
-0.06656
-0.07111
-0.07593
-0.0810599
-0.08649
-0.0922799
-0.09842
-0.10496
-0.1119
-0.11929
-0.12714
-0.13549
-0.14438
-0.15383
-0.16389
-0.17459
-0.18597
-0.19808
-0.21098
-0.2247
-0.2393
-0.25485
-0.27139
-0.28902
-0.30777
-0.32774
-0.349
-0.37166
-0.0019013
-0.0024215
-0.0029011
-0.0033674
-0.003829
-0.00428861
-0.004747
-0.0052042
-0.00566
-0.006115
-0.006571
-0.007035
-0.007534
-0.008187
-0.009213
-0.010548
-0.012078
-0.013723
-0.015443
-0.017229
-0.01908
-0.021003
-0.023006
-0.025095
-0.027281
-0.029573
-0.031981
-0.034513
-0.037182
-0.039997
-0.042971
-0.046114
-0.04944
-0.0529619
-0.056694
-0.06065
-0.06484
-0.0693001
-0.07403
-0.0790399
-0.08437
-0.09004
-0.09605
-0.10245
-0.10924
-0.11647
-0.12416
-0.13233
-0.14103
-0.15028
-0.16012
-0.17059
-0.18173
-0.19358
-0.2062
-0.21962
-0.2339
-0.24911
-0.2653
-0.28253
-0.30087
-0.32041
-0.34121
-0.36336
-0.38694
-0.0018104
-0.0023742
-0.0028982
-0.0034093
-0.0039163
-0.004422
-0.0049271
-0.0054319
-0.00593629
-0.0064413
-0.00694799
-0.007466
-0.00802201
-0.00873801
-0.00982399
-0.011208
-0.012778
-0.01446
-0.016222
-0.018052
-0.019953
-0.021929
-0.023988
-0.026141
-0.028395
-0.030759
-0.033244
-0.035861
-0.038619
-0.041531
-0.044606
-0.047859
-0.051302
-0.054948
-0.058812
-0.0629081
-0.067257
-0.071869
-0.0767599
-0.0819701
-0.08749
-0.0933601
-0.0996001
-0.10622
-0.11328
-0.12077
-0.12874
-0.13722
-0.14624
-0.15583
-0.16603
-0.17688
-0.18843
-0.20073
-0.21381
-0.22773
-0.24255
-0.25833
-0.27512
-0.29299
-0.31202
-0.33228
-0.35385
-0.37682
-0.40129
-0.00170937
-0.0023163
-0.0028853
-0.0034421
-0.0039954
-0.0045481
-0.0051014
-0.0056553
-0.0062103
-0.00676689
-0.007328
-0.007902
-0.00851599
-0.009296
-0.010438
-0.011864
-0.013468
-0.015183
-0.016979
-0.018848
-0.02079
-0.022814
-0.024926
-0.027135
-0.029449
-0.03188
-0.034437
-0.03713
-0.039971
-0.04297
-0.04614
-0.049494
-0.053044
-0.056806
-0.060793
-0.065021
-0.069507
-0.074269
-0.079325
-0.08469
-0.0904
-0.09646
-0.1029
-0.10976
-0.11703
-0.12478
-0.13301
-0.14177
-0.15108
-0.16099
-0.17154
-0.18276
-0.1947
-0.2074
-0.22091
-0.23531
-0.25062
-0.26691
-0.28426
-0.30274
-0.32241
-0.34335
-0.36565
-0.38939
-0.41467
-0.00159881
-0.0022479
-0.0028617
-0.0034644
-0.0040645
-0.0046651
-0.0052671
-0.00587121
-0.0064778
-0.0070878
-0.0077044
-0.008336
-0.00901
-0.00985199
-0.011046
-0.012508
-0.014139
-0.015881
-0.017706
-0.019608
-0.021589
-0.023654
-0.025811
-0.02807
-0.03044
-0.032931
-0.035553
-0.038316
-0.041231
-0.044312
-0.047569
-0.051015
-0.054665
-0.058532
-0.062632
-0.066982
-0.071598
-0.076497
-0.081699
-0.087226
-0.0930901
-0.0993299
-0.10597
-0.11302
-0.12052
-0.12849
-0.13697
-0.14599
-0.15558
-0.16578
-0.17664
-0.18819
-0.20049
-0.21357
-0.22749
-0.2423
-0.25808
-0.27487
-0.29275
-0.31177
-0.33202
-0.35359
-0.37656
-0.40102
-0.42706
-0.00147876
-0.0021687
-0.0028266
-0.0034751
-0.004122
-0.0047702
-0.0054214
-0.006076
-0.0067347
-0.0073986
-0.0080709
-0.0087603
-0.009496
-0.0104
-0.01164
-0.013131
-0.014786
-0.016549
-0.018398
-0.020327
-0.022339
-0.02444
-0.026639
-0.028943
-0.031363
-0.033907
-0.036587
-0.039414
-0.042398
-0.045551
-0.048887
-0.052418
-0.056158
-0.060121
-0.064325
-0.068785
-0.073517
-0.078543
-0.08388
-0.089549
-0.095577
-0.10198
-0.10878
-0.11601
-0.12371
-0.13189
-0.14059
-0.14985
-0.1597
-0.17018
-0.18132
-0.19318
-0.20579
-0.21922
-0.23352
-0.24874
-0.26493
-0.28216
-0.3005
-0.32004
-0.34084
-0.36298
-0.38656
-0.41167
-0.43842
-0.00134982
-0.0020788
-0.0027799
-0.0034732
-0.004166
-0.0048617
-0.0055613
-0.006266
-0.0069765
-0.0076943
-0.0084227
-0.00917049
-0.0099665
-0.010928
-0.012209
-0.013726
-0.015397
-0.017177
-0.019045
-0.020998
-0.023037
-0.02517
-0.027404
-0.029748
-0.032211
-0.034803
-0.037535
-0.040417
-0.043462
-0.046681
-0.050088
-0.053694
-0.057516
-0.061568
-0.065864
-0.070423
-0.075263
-0.080402
-0.08586
-0.09166
-0.097822
-0.104372
-0.111337
-0.11874
-0.12661
-0.13498
-0.14389
-0.15335
-0.16343
-0.17415
-0.18556
-0.1977
-0.21062
-0.22436
-0.23899
-0.25456
-0.27113
-0.28878
-0.30756
-0.32755
-0.34884
-0.3715
-0.39564
-0.42134
-0.44872
-0.00121257
-0.0019783
-0.0027209
-0.0034577
-0.0041955
-0.0049371
-0.0056843
-0.0064379
-0.0071992
-0.0079698
-0.0087528
-0.0095577
-0.0104118
-0.0114282
-0.0127447
-0.014281
-0.015967
-0.017759
-0.019643
-0.021614
-0.023677
-0.025836
-0.0281
-0.030478
-0.032979
-0.035613
-0.038391
-0.041324
-0.044423
-0.0477
-0.051168
-0.054843
-0.058737
-0.062865
-0.067246
-0.071894
-0.076829
-0.082069
-0.0876361
-0.09355
-0.099836
-0.106518
-0.113621
-0.121176
-0.129207
-0.13775
-0.14683
-0.1565
-0.16678
-0.17772
-0.18936
-0.20175
-0.21492
-0.22896
-0.24389
-0.25977
-0.27669
-0.29469
-0.31386
-0.33427
-0.35599
-0.37913
-0.40376
-0.43
-0.45793
-0.00106769
-0.00186791
-0.0026498
-0.0034282
-0.0042091
-0.0049951
-0.0057879
-0.0065888
-0.0073988
-0.0082198
-0.0090556
-0.0099147
-0.0108241
-0.0118903
-0.013237
-0.0147889
-0.016484
-0.018287
-0.020183
-0.02217
-0.024251
-0.026432
-0.028722
-0.031129
-0.033663
-0.036334
-0.039151
-0.042127
-0.045273
-0.048602
-0.052126
-0.055859
-0.059815
-0.064013
-0.068465
-0.073191
-0.078209
-0.083539
-0.089201
-0.095218
-0.101613
-0.10841
-0.115636
-0.123321
-0.131493
-0.140186
-0.149433
-0.159268
-0.16973
-0.18086
-0.19271
-0.20531
-0.21873
-0.233
-0.24819
-0.26437
-0.28158
-0.2999
-0.31941
-0.34018
-0.3623
-0.38584
-0.41091
-0.43761
-0.46605
-0.00091581
-0.00174797
-0.0025671
-0.003385
-0.0042068
-0.0050349
-0.0058708
-0.006716
-0.0075718
-0.0084403
-0.009325
-0.0102349
-0.011195
-0.0123055
-0.0136773
-0.0152419
-0.0169441
-0.0187537
-0.020659
-0.022658
-0.024754
-0.026954
-0.029266
-0.031697
-0.034259
-0.03696
-0.039811
-0.042824
-0.04601
-0.049381
-0.052952
-0.056736
-0.060748
-0.065003
-0.069519
-0.074312
-0.079402
-0.084808
-0.090552
-0.096656
-0.103143
-0.11004
-0.117374
-0.125171
-0.133464
-0.142285
-0.151668
-0.161648
-0.172267
-0.18357
-0.19559
-0.20838
-0.222
-0.23648
-0.25191
-0.26832
-0.28579
-0.3044
-0.3242
-0.34528
-0.36772
-0.39163
-0.41708
-0.44418
-0.47305
-0.00075791
-0.00161975
-0.00247375
-0.003329
-0.0041892
-0.0050566
-0.0059326
-0.0068185
-0.007716
-0.0086273
-0.0095564
-0.0105114
-0.0115169
-0.0126655
-0.0140577
-0.0156315
-0.0173387
-0.0191533
-0.0210652
-0.0230731
-0.025181
-0.027397
-0.029725
-0.032178
-0.034761
-0.037488
-0.040368
-0.04341
-0.046629
-0.050038
-0.053647
-0.057473
-0.061531
-0.065834
-0.070401
-0.075251
-0.080401
-0.085871
-0.091684
-0.097861
-0.104427
-0.111407
-0.118829
-0.126721
-0.135116
-0.144043
-0.153541
-0.163645
-0.174395
-0.185832
-0.198001
-0.210953
-0.224733
-0.239408
-0.25502
-0.27163
-0.28932
-0.30815
-0.3282
-0.34954
-0.37227
-0.39646
-0.42223
-0.44968
-0.4789
-0.000594977
-0.0014849
-0.0023722
-0.00326274
-0.0041589
-0.0050623
-0.0059742
-0.0068961
-0.0078301
-0.0087785
-0.0097455
-0.0107393
-0.0117829
-0.0129628
-0.014371
-0.0159514
-0.017662
-0.0194801
-0.0213969
-0.0234121
-0.0255303
-0.0277562
-0.0300991
-0.0325663
-0.035169
-0.037915
-0.040816
-0.043884
-0.04713
-0.050566
-0.054208
-0.058067
-0.06216
-0.066503
-0.071113
-0.076007
-0.081204
-0.086726
-0.092593
-0.098829
-0.105457
-0.112505
-0.119998
-0.127967
-0.136442
-0.145457
-0.155046
-0.165249
-0.176102
-0.187652
-0.199941
-0.213019
-0.226936
-0.241749
-0.25751
-0.274299
-0.292163
-0.311178
-0.33142
-0.35297
-0.37592
-0.40036
-0.42637
-0.45408
-0.4836
-0.000427893
-0.00134647
-0.00226699
-0.00319145
-0.00412073
-0.0050558
-0.0059984
-0.0069503
-0.0079139
-0.0088923
-0.0098894
-0.0109139
-0.0119874
-0.0131913
-0.0146113
-0.0161963
-0.017909
-0.0197292
-0.0216494
-0.0236698
-0.025794
-0.0280288
-0.0303815
-0.0328609
-0.0354759
-0.038237
-0.041155
-0.0442413
-0.0475069
-0.050965
-0.05463
-0.058515
-0.062635
-0.067007
-0.071648
-0.076576
-0.08181
-0.08737
-0.093279
-0.099558
-0.106234
-0.113331
-0.120878
-0.128904
-0.13744
-0.14652
-0.156179
-0.166455
-0.177389
-0.189022
-0.2014
-0.214573
-0.228592
-0.243513
-0.259393
-0.276296
-0.29429
-0.313445
-0.333833
-0.355551
-0.378663
-0.403273
-0.429495
-0.457405
-0.487129
-0.000257957
-0.00121165
-0.0021682
-0.0031252
-0.00408307
-0.00504373
-0.00600955
-0.00698352
-0.00796853
-0.00896791
-0.0099864
-0.011032
-0.0121261
-0.0133464
-0.0147741
-0.0163621
-0.018076
-0.0198975
-0.0218199
-0.0238433
-0.025972
-0.0282122
-0.0305716
-0.0330586
-0.0356828
-0.0384539
-0.0413828
-0.0444807
-0.0477597
-0.0512328
-0.054912
-0.0588141
-0.0629527
-0.0673449
-0.0720064
-0.0769563
-0.0822143
-0.087801
-0.0937366
-0.100046
-0.106753
-0.113884
-0.121467
-0.129531
-0.138108
-0.147231
-0.156937
-0.167262
-0.178247
-0.189936
-0.202375
-0.215612
-0.229699
-0.244691
-0.260649
-0.277634
-0.295715
-0.314962
-0.335453
-0.357269
-0.380498
-0.405232
-0.43157
-0.45962
-0.489494
-8.6233e-05
-0.00110195
-0.00209779
-0.00308112
-0.00405825
-0.0050342
-0.00601323
-0.00699905
-0.00799528
-0.00900568
-0.010035
-0.0110916
-0.0121963
-0.0134249
-0.0148564
-0.0164457
-0.0181602
-0.0199823
-0.0219057
-0.0239308
-0.0260616
-0.0283045
-0.0306672
-0.0331581
-0.0357867
-0.0385628
-0.0414972
-0.0446012
-0.0478867
-0.0513667
-0.0550546
-0.0589648
-0.0631126
-0.067514
-0.0721865
-0.077148
-0.082418
-0.088017
-0.093967
-0.100291
-0.107014
-0.114162
-0.121762
-0.129846
-0.138443
-0.147589
-0.157317
-0.167666
-0.178679
-0.190396
-0.202865
-0.216133
-0.230254
-0.245282
-0.261278
-0.278305
-0.296428
-0.315723
-0.336264
-0.358133
-0.381416
-0.406211
-0.432613
-0.460731
-0.490677
