2.04079e-07
5.66524e-07
9.19717e-07
1.26809e-06
1.61461e-06
1.96148e-06
2.31066e-06
2.66414e-06
3.0249e-06
3.3986e-06
3.8017e-06
4.2928e-06
5.1346e-06
6.4352e-06
7.6659e-06
8.8199e-06
9.9238e-06
1.10049e-05
1.20819e-05
1.31645e-05
1.4256e-05
1.5356e-05
1.6462e-05
1.757e-05
1.8674e-05
1.9767e-05
2.0845e-05
2.1896e-05
2.2913e-05
2.3884e-05
2.4801e-05
2.5648e-05
2.6413e-05
2.708e-05
2.7635e-05
2.8057e-05
2.8328e-05
2.843e-05
2.8335e-05
2.8025e-05
2.7471e-05
2.6646e-05
2.5522e-05
2.4068e-05
2.2253e-05
2.0042e-05
1.7398e-05
1.4287e-05
1.0667e-05
6.499e-06
1.74303e-06
-3.64805e-06
-9.71596e-06
-1.6506e-05
-2.4066e-05
-3.2444e-05
-4.1684e-05
-5.1838e-05
-6.2952e-05
-7.5074e-05
-8.8252e-05
-0.00010253
-0.000117954
-0.000134565
-0.0010155
-0.00099527
-0.00098242
-0.00097587
-0.00097436
-0.00097707
-0.00098355
-0.000993589
-0.00100741
-0.00102603
-0.0010528
-0.0011004
-0.0012235
-0.0014251
-0.0015818
-0.0017057
-0.0018122
-0.0019125
-0.002013
-0.0021177
-0.0022288
-0.0023474
-0.0024745
-0.0026111
-0.0027576
-0.0029147
-0.0030833
-0.0032638
-0.0034572
-0.0036642
-0.0038855
-0.0041223
-0.0043752
-0.0046455
-0.004934
-0.0052422
-0.0055709
-0.0059217
-0.0062959
-0.0066952
-0.00712
-0.007575
-0.008058
-0.008573
-0.009123
-0.009709
-0.010332
-0.010998
-0.011707
-0.012462
-0.013267
-0.014124
-0.015038
-0.016013
-0.01705
-0.018156
-0.019336
-0.020592
-0.021931
-0.023359
-0.024882
-0.026504
-0.028235
-0.03008
-0.00196915
-0.00195182
-0.00193942
-0.00193376
-0.00193506
-0.001943
-0.0019575
-0.0019786
-0.002007
-0.0020445
-0.0020986
-0.0021947
-0.0024438
-0.0028529
-0.0031698
-0.0034197
-0.0036338
-0.003835
-0.0040365
-0.0042466
-0.0044691
-0.0047069
-0.0049618
-0.0052354
-0.0055289
-0.0058439
-0.0061813
-0.006543
-0.0069303
-0.007344
-0.007788
-0.008261
-0.00876701
-0.009308
-0.009885
-0.0105
-0.011157
-0.011859
-0.012605
-0.013402
-0.014252
-0.015158
-0.016122
-0.017151
-0.018246
-0.019414
-0.020659
-0.021983
-0.023396
-0.024901
-0.026503
-0.028212
-0.03003
-0.03197
-0.034035
-0.0362369
-0.038582
-0.041083
-0.043747
-0.046586
-0.049615
-0.052842
-0.056283
-0.059952
-0.00288768
-0.00287232
-0.00286389
-0.00286303
-0.0028702
-0.0028856
-0.0029096
-0.0029424
-0.0029853
-0.0030419
-0.0031231
-0.0032684
-0.003648
-0.004273
-0.004755
-0.0051325
-0.0054542
-0.0057553
-0.006057
-0.006371
-0.006704
-0.0070598
-0.00744151
-0.0078512
-0.00829
-0.00876199
-0.00926801
-0.009809
-0.010389
-0.011009
-0.011673
-0.012382
-0.01314
-0.013949
-0.014812
-0.015735
-0.016718
-0.017768
-0.018885
-0.020079
-0.02135
-0.022704
-0.024149
-0.025687
-0.027327
-0.029073
-0.030935
-0.032917
-0.035029
-0.03728
-0.039676
-0.04223
-0.044951
-0.04785
-0.050939
-0.054229
-0.057737
-0.061471
-0.06546
-0.0697
-0.0742301
-0.0790499
-0.08419
-0.0896801
-0.00377756
-0.00375959
-0.00375439
-0.0037593
-0.0037736
-0.0037976
-0.0038316
-0.0038765
-0.003934
-0.004009
-0.0041172
-0.0043122
-0.0048282
-0.0056814
-0.0063356
-0.0068432
-0.0072724
-0.00767229
-0.0080725
-0.0084888
-0.008931
-0.009402
-0.00990999
-0.010453
-0.011037
-0.011664
-0.012336
-0.013055
-0.013826
-0.014651
-0.015533
-0.016476
-0.017483
-0.018559
-0.019707
-0.020933
-0.022241
-0.023635
-0.025122
-0.026708
-0.028397
-0.030199
-0.032118
-0.034163
-0.036342
-0.038663
-0.041137
-0.043772
-0.046579
-0.049569
-0.052754
-0.0561481
-0.059763
-0.0636101
-0.0677199
-0.0721
-0.0767499
-0.0817101
-0.0870099
-0.0926501
-0.09866
-0.10507
-0.1119
-0.11919
-0.00463935
-0.00461358
-0.0046097
-0.0046195
-0.0046411
-0.0046737
-0.0047176
-0.0047742
-0.0048455
-0.0049383
-0.0050726
-0.0053179
-0.0059771
-0.0070739
-0.0079095
-0.0085507
-0.0090872
-0.0095846
-0.010081
-0.010597
-0.011146
-0.011732
-0.012362
-0.013038
-0.013764
-0.014543
-0.015379
-0.016275
-0.017235
-0.018261
-0.01936
-0.020533
-0.021788
-0.023127
-0.024558
-0.026083
-0.027712
-0.029448
-0.0313
-0.033274
-0.035379
-0.037621
-0.040011
-0.042558
-0.045271
-0.048162
-0.051241
-0.054522
-0.0580159
-0.0617421
-0.0656999
-0.0699301
-0.07444
-0.0792199
-0.08434
-0.0897801
-0.09558
-0.10176
-0.10835
-0.11537
-0.12286
-0.13083
-0.13934
-0.14841
-0.00547146
-0.00543266
-0.0054276
-0.0054414
-0.0054693
-0.0055097
-0.005563
-0.0056302
-0.0057142
-0.0058233
-0.0059827
-0.0062785
-0.0070879
-0.0084461
-0.0094743
-0.0102529
-0.010897
-0.01149
-0.01208
-0.012695
-0.013345
-0.014045
-0.014793
-0.0156
-0.016466
-0.017395
-0.018392
-0.019462
-0.020607
-0.021833
-0.023144
-0.024546
-0.026044
-0.027643
-0.029352
-0.031174
-0.033119
-0.035193
-0.037405
-0.039763
-0.042276
-0.044955
-0.04781
-0.050851
-0.054093
-0.057545
-0.061223
-0.065138
-0.0693201
-0.0737599
-0.0785
-0.08354
-0.08893
-0.09464
-0.10075
-0.10725
-0.11418
-0.12157
-0.12942
-0.13782
-0.14675
-0.15628
-0.16644
-0.17728
-0.00627163
-0.0062146
-0.0062061
-0.0062223
-0.0062554
-0.0063026
-0.006364
-0.0064404
-0.0065355
-0.0066594
-0.0068422
-0.00718831
-0.0081545
-0.009793
-0.0110266
-0.011949
-0.0127
-0.013386
-0.014067
-0.014776
-0.015528
-0.016334
-0.017202
-0.018134
-0.019136
-0.020214
-0.021369
-0.022608
-0.023936
-0.025358
-0.026878
-0.028504
-0.030242
-0.032097
-0.034079
-0.036193
-0.03845
-0.040856
-0.043422
-0.046159
-0.0490741
-0.052183
-0.055495
-0.059025
-0.062781
-0.06679
-0.0710601
-0.0756099
-0.0804501
-0.0856
-0.09111
-0.0969599
-0.10319
-0.10984
-0.11693
-0.12446
-0.1325
-0.14107
-0.15019
-0.15993
-0.17029
-0.18135
-0.19314
-0.20571
-0.00703736
-0.0069572
-0.0069428
-0.0069602
-0.0069971
-0.00705
-0.0071178
-0.007202
-0.0073063
-0.0074428
-0.0076474
-0.0080428
-0.0091712
-0.01111
-0.012564
-0.013634
-0.014493
-0.01527
-0.016039
-0.016838
-0.017688
-0.018599
-0.01958
-0.020636
-0.021772
-0.022992
-0.024302
-0.025708
-0.027215
-0.028827
-0.030554
-0.032398
-0.034372
-0.036478
-0.038728
-0.041129
-0.0436921
-0.046424
-0.049338
-0.052445
-0.055758
-0.059287
-0.063054
-0.06705
-0.0713301
-0.0758799
-0.0807201
-0.0858899
-0.09139
-0.09725
-0.10349
-0.11014
-0.11722
-0.12477
-0.13281
-0.14138
-0.1505
-0.16023
-0.1706
-0.18165
-0.19343
-0.20598
-0.21936
-0.23364
-0.00776624
-0.0076583
-0.0076362
-0.0076531
-0.0076929
-0.0077498
-0.0078227
-0.0079127
-0.0080244
-0.0081714
-0.00839569
-0.00883871
-0.010134
-0.012391
-0.014081
-0.015306
-0.016274
-0.017139
-0.017992
-0.018878
-0.01982
-0.020834
-0.021924
-0.0231
-0.024365
-0.025725
-0.027186
-0.028754
-0.030434
-0.032235
-0.034161
-0.036221
-0.038424
-0.040776
-0.043289
-0.04597
-0.048832
-0.0518841
-0.055138
-0.0586089
-0.062309
-0.0662521
-0.0704499
-0.07493
-0.0797
-0.0847901
-0.0901899
-0.09597
-0.10211
-0.10865
-0.11563
-0.12306
-0.13096
-0.1394
-0.14838
-0.15795
-0.16814
-0.17901
-0.1906
-0.20293
-0.21609
-0.23011
-0.24506
-0.26101
-0.00845618
-0.0083162
-0.0082847
-0.0083001
-0.0083413
-0.0084011
-0.0084775
-0.0085716
-0.0086886
-0.0088442
-0.0090859
-0.009575
-0.011038
-0.013631
-0.015573
-0.016961
-0.018037
-0.018988
-0.019922
-0.020891
-0.021923
-0.023032
-0.02423
-0.02552
-0.02691
-0.028405
-0.030014
-0.031739
-0.033589
-0.035571
-0.037693
-0.039963
-0.042389
-0.044981
-0.04775
-0.050705
-0.053858
-0.057222
-0.060809
-0.064634
-0.06871
-0.07306
-0.07769
-0.08263
-0.08788
-0.0934899
-0.0994501
-0.10581
-0.11259
-0.1198
-0.12749
-0.13567
-0.1444
-0.15369
-0.16359
-0.17414
-0.18538
-0.19735
-0.21012
-0.22373
-0.23823
-0.25368
-0.27017
-0.28775
-0.00910527
-0.00893
-0.0088875
-0.0089002
-0.008942
-0.0090033
-0.0090818
-0.0091784
-0.009299
-0.0094611
-0.009717
-0.01025
-0.011881
-0.014826
-0.017035
-0.018593
-0.019779
-0.020814
-0.021824
-0.022872
-0.023988
-0.025192
-0.026489
-0.027891
-0.029401
-0.031029
-0.032778
-0.034655
-0.036671
-0.038829
-0.041141
-0.043614
-0.046258
-0.049083
-0.0521
-0.055322
-0.058759
-0.062426
-0.066336
-0.07051
-0.07495
-0.0797
-0.08474
-0.09012
-0.09586
-0.10196
-0.10848
-0.1154
-0.12279
-0.13066
-0.13904
-0.14797
-0.15748
-0.16761
-0.17841
-0.18991
-0.20216
-0.21523
-0.22914
-0.24398
-0.25979
-0.27665
-0.29461
-0.31379
-0.0097122
-0.009499
-0.0094443
-0.0094537
-0.0094948
-0.0095567
-0.009636
-0.0097336
-0.0098559
-0.010022
-0.010292
-0.010864
-0.012662
-0.015968
-0.018461
-0.020198
-0.021494
-0.022611
-0.023693
-0.024816
-0.026013
-0.027304
-0.028699
-0.030206
-0.031834
-0.033586
-0.035472
-0.037498
-0.039671
-0.042001
-0.044496
-0.047166
-0.050021
-0.053071
-0.05633
-0.05981
-0.063522
-0.067485
-0.07171
-0.07621
-0.08102
-0.08614
-0.0915899
-0.0974101
-0.1036
-0.1102
-0.11723
-0.12472
-0.1327
-0.14121
-0.15026
-0.1599
-0.17018
-0.18113
-0.19279
-0.20522
-0.21847
-0.23257
-0.24761
-0.26364
-0.28073
-0.29894
-0.31835
-0.33906
-0.0102759
-0.0100231
-0.0099555
-0.0099607
-0.0100006
-0.010062
-0.010141
-0.0102384
-0.0103606
-0.01053
-0.01081
-0.01142
-0.013378
-0.017056
-0.019845
-0.021768
-0.023178
-0.024373
-0.025524
-0.026717
-0.02799
-0.029364
-0.030852
-0.032462
-0.034199
-0.036073
-0.038089
-0.040257
-0.042584
-0.045079
-0.04775
-0.05061
-0.053668
-0.0569381
-0.060429
-0.064157
-0.068134
-0.07239
-0.07691
-0.08174
-0.08689
-0.09237
-0.09823
-0.10445
-0.1111
-0.11817
-0.12571
-0.13374
-0.1423
-0.15141
-0.16111
-0.17146
-0.18247
-0.19421
-0.20671
-0.22004
-0.23423
-0.24936
-0.26549
-0.28266
-0.30098
-0.3205
-0.34133
-0.36351
-0.0107962
-0.0105026
-0.0104219
-0.0104224
-0.0104604
-0.0105206
-0.0105983
-0.0106944
-0.0108157
-0.010986
-0.011275
-0.01192
-0.014031
-0.018082
-0.021181
-0.023299
-0.024822
-0.026094
-0.027312
-0.028569
-0.029914
-0.031367
-0.032943
-0.034648
-0.036492
-0.038482
-0.040624
-0.042927
-0.045401
-0.048053
-0.050896
-0.053938
-0.057192
-0.06067
-0.064387
-0.068353
-0.07259
-0.0771101
-0.0819299
-0.08708
-0.09255
-0.09839
-0.10463
-0.11125
-0.11833
-0.12586
-0.13389
-0.14244
-0.15154
-0.16125
-0.17158
-0.1826
-0.19432
-0.20682
-0.22014
-0.23432
-0.24944
-0.26554
-0.28271
-0.30101
-0.3205
-0.3413
-0.36346
-0.38709
-0.0112729
-0.0109387
-0.0108446
-0.0108401
-0.0108758
-0.0109341
-0.01101
-0.0111042
-0.011223
-0.011394
-0.011689
-0.012365
-0.014622
-0.019046
-0.022463
-0.024783
-0.026421
-0.027769
-0.029047
-0.030367
-0.031778
-0.033307
-0.034964
-0.036762
-0.038706
-0.0408061
-0.043067
-0.045501
-0.048115
-0.050919
-0.053923
-0.057141
-0.060583
-0.064262
-0.068195
-0.07239
-0.07687
-0.08166
-0.08675
-0.0921999
-0.098
-0.10418
-0.11077
-0.11779
-0.12527
-0.13325
-0.14174
-0.15079
-0.16043
-0.1707
-0.18164
-0.19329
-0.20571
-0.21894
-0.23303
-0.24804
-0.26404
-0.28108
-0.29926
-0.31861
-0.33926
-0.36126
-0.38472
-0.40973
-0.0117067
-0.0113325
-0.0112253
-0.0112157
-0.0112487
-0.0113049
-0.0113782
-0.011469
-0.011587
-0.011755
-0.012057
-0.012759
-0.015154
-0.019943
-0.023685
-0.026214
-0.027969
-0.029389
-0.030725
-0.032104
-0.033577
-0.035176
-0.036911
-0.038795
-0.040834
-0.043039
-0.045414
-0.047971
-0.050719
-0.053666
-0.056827
-0.06021
-0.063832
-0.067703
-0.07184
-0.07625
-0.0809799
-0.0860001
-0.09138
-0.0971
-0.10321
-0.10971
-0.11665
-0.12405
-0.13192
-0.14031
-0.14926
-0.15878
-0.16893
-0.17974
-0.19126
-0.20352
-0.2166
-0.23052
-0.24536
-0.26116
-0.278
-0.29595
-0.31507
-0.33546
-0.35719
-0.38035
-0.40504
-0.43138
-0.0120984
-0.0116857
-0.0115658
-0.0115513
-0.0115813
-0.0116351
-0.011706
-0.011793
-0.011908
-0.012075
-0.01238
-0.013107
-0.015629
-0.020772
-0.024843
-0.027584
-0.029458
-0.030948
-0.032341
-0.033772
-0.035305
-0.036967
-0.038777
-0.040742
-0.042871
-0.045173
-0.047658
-0.05033
-0.053205
-0.05629
-0.059596
-0.063139
-0.066927
-0.0709901
-0.07531
-0.07994
-0.08488
-0.09016
-0.09577
-0.10178
-0.10817
-0.11498
-0.12226
-0.13
-0.13825
-0.14704
-0.15641
-0.16639
-0.17702
-0.18835
-0.20042
-0.21326
-0.22697
-0.24154
-0.25709
-0.27365
-0.2913
-0.31009
-0.33014
-0.35149
-0.37425
-0.39852
-0.42439
-0.45197
-0.0124493
-0.0120002
-0.0118684
-0.011849
-0.0118763
-0.0119274
-0.0119953
-0.012079
-0.012191
-0.012355
-0.012665
-0.013412
-0.01605
-0.021533
-0.025931
-0.028888
-0.030881
-0.03244
-0.033885
-0.035367
-0.036953
-0.038677
-0.040554
-0.042596
-0.044809
-0.047205
-0.049789
-0.052574
-0.055566
-0.058781
-0.062227
-0.065918
-0.06987
-0.07409
-0.0786201
-0.0834299
-0.08859
-0.09408
-0.09995
-0.1062
-0.11288
-0.11998
-0.12757
-0.13564
-0.14424
-0.15342
-0.16319
-0.1736
-0.18469
-0.1965
-0.20909
-0.2225
-0.23677
-0.252
-0.2682
-0.28548
-0.30388
-0.32349
-0.3444
-0.36667
-0.39041
-0.41572
-0.4427
-0.47148
-0.012761
-0.0122781
-0.0121353
-0.0121113
-0.0121359
-0.0121845
-0.0122493
-0.01233
-0.012438
-0.012601
-0.012911
-0.013679
-0.01642
-0.022227
-0.026947
-0.03012
-0.032231
-0.033858
-0.035351
-0.03688
-0.038518
-0.040297
-0.042238
-0.044351
-0.046644
-0.049125
-0.051805
-0.054692
-0.057797
-0.061132
-0.06471
-0.068544
-0.0726401
-0.0770299
-0.08172
-0.08673
-0.09208
-0.09779
-0.10388
-0.11038
-0.11731
-0.12469
-0.13257
-0.14095
-0.1499
-0.15942
-0.16958
-0.18039
-0.19191
-0.20418
-0.21726
-0.23118
-0.24603
-0.26183
-0.27867
-0.29662
-0.31573
-0.33611
-0.35782
-0.38096
-0.40562
-0.43192
-0.45995
-0.48985
-0.0130355
-0.0125217
-0.0123687
-0.0123408
-0.0123628
-0.0124086
-0.012471
-0.012549
-0.012653
-0.012814
-0.013126
-0.013909
-0.016746
-0.022853
-0.027887
-0.031274
-0.033501
-0.035195
-0.036735
-0.038306
-0.039991
-0.041822
-0.043823
-0.046001
-0.048367
-0.050929
-0.053697
-0.056681
-0.059891
-0.063338
-0.067037
-0.070999
-0.07525
-0.07978
-0.08463
-0.08982
-0.09535
-0.10126
-0.10757
-0.11428
-0.12146
-0.1291
-0.13725
-0.14593
-0.15519
-0.16505
-0.17555
-0.18674
-0.19867
-0.21137
-0.2249
-0.23932
-0.25468
-0.27103
-0.28847
-0.30703
-0.32683
-0.34791
-0.37038
-0.39433
-0.41986
-0.44707
-0.47608
-0.50702
-0.0132746
-0.0127331
-0.0125712
-0.0125397
-0.0125595
-0.0126035
-0.012663
-0.012738
-0.012839
-0.012997
-0.013312
-0.014108
-0.017029
-0.023415
-0.028748
-0.032345
-0.034688
-0.036443
-0.038029
-0.03964
-0.041366
-0.043247
-0.045302
-0.0475399
-0.049974
-0.052611
-0.055461
-0.058533
-0.06184
-0.065393
-0.069205
-0.07329
-0.07766
-0.08234
-0.08735
-0.09268
-0.0984
-0.10449
-0.11099
-0.11792
-0.12531
-0.1332
-0.1416
-0.15056
-0.1601
-0.17027
-0.18111
-0.19265
-0.20495
-0.21804
-0.23201
-0.24687
-0.26271
-0.27958
-0.29757
-0.31671
-0.33712
-0.35888
-0.38204
-0.40675
-0.43307
-0.46114
-0.49106
-0.522969
-0.0134805
-0.0129145
-0.0127451
-0.0127105
-0.0127285
-0.0127709
-0.012828
-0.0129
-0.012999
-0.013155
-0.01347
-0.014279
-0.017274
-0.023914
-0.02953
-0.033329
-0.035783
-0.0376
-0.039226
-0.040874
-0.04264
-0.044565
-0.046669
-0.048964
-0.05146
-0.054165
-0.05709
-0.060244
-0.06364
-0.067288
-0.0712
-0.0754
-0.0799
-0.0847
-0.0898401
-0.09534
-0.1012
-0.10746
-0.11415
-0.12127
-0.12887
-0.13698
-0.14561
-0.15482
-0.16463
-0.17508
-0.18622
-0.19809
-0.21073
-0.2242
-0.23855
-0.25383
-0.27011
-0.28746
-0.30594
-0.32563
-0.34661
-0.36896
-0.39279
-0.41818
-0.44524
-0.47409
-0.50485
-0.53764
-0.0136552
-0.0130684
-0.0128925
-0.0128554
-0.012872
-0.0129131
-0.012968
-0.013039
-0.013134
-0.013289
-0.013606
-0.014425
-0.017484
-0.024353
-0.030232
-0.034222
-0.036783
-0.038658
-0.040321
-0.042005
-0.043806
-0.045772
-0.04792
-0.050266
-0.052818
-0.055587
-0.058579
-0.061808
-0.065284
-0.069024
-0.07303
-0.07733
-0.0819299
-0.0868601
-0.0921199
-0.0977501
-0.10377
-0.11017
-0.11703
-0.12433
-0.13211
-0.14042
-0.14928
-0.1587
-0.16876
-0.17948
-0.19089
-0.20305
-0.216
-0.22981
-0.24451
-0.26018
-0.27686
-0.29464
-0.31357
-0.33376
-0.35525
-0.37817
-0.40258
-0.4286
-0.45633
-0.4859
-0.51741
-0.551021
-0.0138007
-0.0131965
-0.0130156
-0.0129767
-0.0129921
-0.013032
-0.013086
-0.013155
-0.013249
-0.013403
-0.013719
-0.014549
-0.017663
-0.024735
-0.030853
-0.035022
-0.037683
-0.039612
-0.041311
-0.043026
-0.04486
-0.046861
-0.049051
-0.051443
-0.054045
-0.056869
-0.059924
-0.06322
-0.066769
-0.0705881
-0.07468
-0.07906
-0.0837801
-0.0888
-0.09418
-0.09993
-0.10607
-0.11263
-0.11962
-0.12709
-0.13504
-0.14352
-0.15257
-0.16221
-0.17249
-0.18343
-0.19509
-0.20753
-0.22075
-0.23487
-0.24988
-0.26589
-0.28294
-0.30111
-0.32046
-0.34107
-0.36304
-0.38646
-0.41139
-0.43799
-0.46632
-0.496521
-0.528729
-0.56307
-0.0139193
-0.0133009
-0.0131162
-0.0130761
-0.0130915
-0.01313
-0.013183
-0.013252
-0.013344
-0.013497
-0.013815
-0.014652
-0.017814
-0.025062
-0.031394
-0.035727
-0.038479
-0.040458
-0.042191
-0.043933
-0.045796
-0.047831
-0.050056
-0.052489
-0.055137
-0.05801
-0.06112
-0.064475
-0.0680889
-0.07197
-0.0761499
-0.08061
-0.08541
-0.09053
-0.09601
-0.10187
-0.10812
-0.11481
-0.12192
-0.12954
-0.13763
-0.14629
-0.1555
-0.16532
-0.17579
-0.18694
-0.19883
-0.21149
-0.22498
-0.23935
-0.25466
-0.27096
-0.28834
-0.30684
-0.32657
-0.34757
-0.36995
-0.3938
-0.41922
-0.44631
-0.47518
-0.50595
-0.53877
-0.57374
-0.0140124
-0.0133834
-0.013196
-0.0131554
-0.0131703
-0.013209
-0.013263
-0.013329
-0.013422
-0.013574
-0.013894
-0.014738
-0.017939
-0.025337
-0.031856
-0.036334
-0.039169
-0.041193
-0.042955
-0.044723
-0.046612
-0.048675
-0.0509329
-0.0534011
-0.056089
-0.059006
-0.062162
-0.06557
-0.06924
-0.073186
-0.07742
-0.08197
-0.08683
-0.0920399
-0.0976
-0.10356
-0.10991
-0.1167
-0.12394
-0.13166
-0.1399
-0.14869
-0.15806
-0.16803
-0.17867
-0.19
-0.20209
-0.21494
-0.22866
-0.24325
-0.25882
-0.27538
-0.29304
-0.31184
-0.33188
-0.35322
-0.37597
-0.40021
-0.42603
-0.45355
-0.48289
-0.514151
-0.5475
-0.58303
-0.0140818
-0.0134455
-0.0132566
-0.0132161
-0.0132315
-0.013271
-0.013324
-0.013391
-0.013484
-0.013636
-0.013956
-0.014808
-0.018041
-0.025563
-0.032239
-0.036842
-0.03975
-0.041813
-0.043602
-0.045392
-0.047304
-0.049392
-0.051677
-0.054176
-0.056897
-0.059852
-0.063049
-0.066501
-0.070216
-0.0742201
-0.0785099
-0.0831101
-0.08804
-0.0933199
-0.09896
-0.10499
-0.11144
-0.11831
-0.12565
-0.13347
-0.14183
-0.15073
-0.16023
-0.17033
-0.18112
-0.19261
-0.20484
-0.21789
-0.23178
-0.24657
-0.26234
-0.27914
-0.29703
-0.31609
-0.33639
-0.35803
-0.38107
-0.40564
-0.43181
-0.4597
-0.489429
-0.52112
-0.5549
-0.59091
-0.014129
-0.0134884
-0.0132993
-0.0132595
-0.0132755
-0.013316
-0.01337
-0.013438
-0.01353
-0.013684
-0.014006
-0.014862
-0.018121
-0.025742
-0.032545
-0.03725
-0.04022
-0.042317
-0.044128
-0.045937
-0.04787
-0.049977
-0.052287
-0.05481
-0.057561
-0.060545
-0.063776
-0.067265
-0.071025
-0.07506
-0.0794001
-0.0840499
-0.08904
-0.09437
-0.10008
-0.10617
-0.11268
-0.11963
-0.12706
-0.13496
-0.14341
-0.15241
-0.162
-0.17223
-0.18313
-0.19474
-0.20712
-0.22029
-0.23434
-0.2493
-0.26524
-0.28221
-0.3003
-0.31957
-0.3401
-0.36196
-0.38526
-0.41009
-0.43655
-0.46474
-0.49478
-0.52682
-0.56096
-0.59737
-0.0141552
-0.0135135
-0.0133251
-0.0132863
-0.013305
-0.013346
-0.013401
-0.013469
-0.013564
-0.013717
-0.014042
-0.014903
-0.018181
-0.025875
-0.032775
-0.037559
-0.040576
-0.042703
-0.044532
-0.046357
-0.048306
-0.05043
-0.052759
-0.055302
-0.058075
-0.061085
-0.064342
-0.0678591
-0.071645
-0.07572
-0.0801001
-0.08479
-0.08981
-0.09519
-0.10094
-0.10709
-0.11366
-0.12066
-0.12815
-0.13613
-0.14464
-0.15372
-0.16339
-0.1737
-0.18469
-0.19641
-0.20888
-0.22217
-0.23634
-0.25142
-0.26749
-0.28461
-0.30285
-0.32228
-0.34297
-0.36503
-0.38851
-0.41355
-0.44023
-0.46865
-0.49895
-0.53125
-0.56567
-0.602381
-0.0141614
-0.0135214
-0.0133348
-0.0132982
-0.013318
-0.013361
-0.013418
-0.013489
-0.013583
-0.013739
-0.014066
-0.01493
-0.018222
-0.025964
-0.032929
-0.037767
-0.040821
-0.042967
-0.044812
-0.04665
-0.048611
-0.05075
-0.053091
-0.055651
-0.058439
-0.061467
-0.064745
-0.068282
-0.072096
-0.07619
-0.08059
-0.08531
-0.0903699
-0.09577
-0.10157
-0.10774
-0.11436
-0.1214
-0.12893
-0.13695
-0.14552
-0.15465
-0.16439
-0.17475
-0.18582
-0.19759
-0.21014
-0.22351
-0.23776
-0.25294
-0.2691
-0.28632
-0.30466
-0.32421
-0.34502
-0.36721
-0.39083
-0.41601
-0.44285
-0.47143
-0.50191
-0.534389
-0.56901
-0.60593
-0.0141484
-0.0135127
-0.0133292
-0.0132951
-0.013317
-0.013363
-0.013421
-0.013494
-0.013591
-0.013749
-0.014077
-0.014945
-0.018244
-0.02601
-0.033008
-0.037876
-0.040951
-0.043111
-0.044968
-0.046814
-0.048785
-0.0509329
-0.053284
-0.055853
-0.058654
-0.061692
-0.064982
-0.068532
-0.072355
-0.0764699
-0.0808901
-0.0856199
-0.0907
-0.09613
-0.10193
-0.10814
-0.11477
-0.12184
-0.1294
-0.13745
-0.14605
-0.15521
-0.16497
-0.17539
-0.18648
-0.1983
-0.21089
-0.22432
-0.2386
-0.25384
-0.27006
-0.28733
-0.30575
-0.32535
-0.34624
-0.3685
-0.39221
-0.41747
-0.44439
-0.47308
-0.50365
-0.53624
-0.57098
-0.60801
-0.0141167
-0.0134882
-0.0133085
-0.0132773
-0.013302
-0.01335
-0.013412
-0.013486
-0.013586
-0.013747
-0.014077
-0.014948
-0.018248
-0.026013
-0.033012
-0.037886
-0.040967
-0.043135
-0.044998
-0.046851
-0.048826
-0.050979
-0.053336
-0.055911
-0.058715
-0.0617599
-0.065053
-0.06861
-0.072445
-0.07655
-0.0809901
-0.0857199
-0.0908
-0.0962399
-0.10205
-0.10827
-0.1149
-0.12199
-0.12955
-0.13761
-0.14622
-0.15539
-0.16517
-0.17559
-0.18669
-0.19853
-0.21114
-0.22457
-0.23888
-0.25412
-0.27036
-0.28766
-0.30609
-0.32571
-0.34663
-0.3689
-0.39263
-0.41792
-0.44487
-0.47358
-0.50418
-0.5368
-0.571569
-0.60863
-0.0140668
-0.0134478
-0.0132729
-0.0132449
-0.013273
-0.013325
-0.013388
-0.013466
-0.013569
-0.013732
-0.014066
-0.014937
-0.018234
-0.025975
-0.032942
-0.037796
-0.04087
-0.043039
-0.044902
-0.046759
-0.048736
-0.05089
-0.053247
-0.055822
-0.058626
-0.061668
-0.06496
-0.068513
-0.072338
-0.07646
-0.08087
-0.0856099
-0.09069
-0.09611
-0.10192
-0.10813
-0.11476
-0.12183
-0.12939
-0.13744
-0.14603
-0.15519
-0.16496
-0.17537
-0.18646
-0.19828
-0.21086
-0.22429
-0.23857
-0.2538
-0.27001
-0.28729
-0.30569
-0.32528
-0.34617
-0.36842
-0.39211
-0.41736
-0.44427
-0.47294
-0.5035
-0.536059
-0.57077
-0.60778
-0.0139984
-0.0133916
-0.0132224
-0.0131987
-0.01323
-0.013284
-0.013352
-0.013433
-0.013539
-0.013706
-0.014042
-0.014914
-0.018201
-0.025892
-0.032799
-0.037608
-0.040661
-0.042822
-0.044683
-0.046539
-0.048515
-0.050666
-0.053018
-0.055588
-0.058384
-0.061419
-0.064701
-0.068244
-0.072062
-0.07616
-0.08056
-0.0852901
-0.09034
-0.09576
-0.10154
-0.10772
-0.11433
-0.12138
-0.12891
-0.13693
-0.14549
-0.15462
-0.16435
-0.17472
-0.18577
-0.19755
-0.21009
-0.22345
-0.2377
-0.25285
-0.26902
-0.28622
-0.30455
-0.32407
-0.34488
-0.36704
-0.39065
-0.41579
-0.4426
-0.47116
-0.50159
-0.53403
-0.56861
-0.60547
-0.0139117
-0.0133192
-0.0131568
-0.0131378
-0.013172
-0.01323
-0.013302
-0.013386
-0.013497
-0.013666
-0.014006
-0.014877
-0.018148
-0.025766
-0.032582
-0.037322
-0.040341
-0.042486
-0.044343
-0.046193
-0.048162
-0.050307
-0.052651
-0.055209
-0.057993
-0.061012
-0.064279
-0.067803
-0.071592
-0.07568
-0.08006
-0.0847501
-0.08977
-0.09516
-0.10091
-0.10706
-0.11362
-0.12063
-0.12812
-0.13609
-0.1446
-0.15367
-0.16334
-0.17365
-0.18464
-0.19633
-0.2088
-0.22209
-0.23623
-0.25131
-0.26736
-0.28447
-0.30268
-0.32208
-0.34276
-0.36477
-0.38824
-0.41323
-0.43986
-0.46824
-0.49848
-0.53072
-0.56506
-0.601701
-0.013806
-0.0132305
-0.0130754
-0.0130608
-0.0131
-0.013161
-0.013237
-0.013326
-0.01344
-0.013614
-0.013955
-0.014826
-0.018075
-0.025595
-0.03229
-0.03694
-0.03991
-0.042036
-0.04388
-0.045722
-0.047683
-0.049815
-0.052146
-0.054688
-0.057453
-0.060451
-0.063693
-0.067191
-0.070951
-0.0750101
-0.07935
-0.084
-0.08899
-0.0943301
-0.10003
-0.10613
-0.11264
-0.11959
-0.12701
-0.13491
-0.14336
-0.15235
-0.16194
-0.17216
-0.18305
-0.19465
-0.20701
-0.22018
-0.23421
-0.24915
-0.26506
-0.28202
-0.30008
-0.31932
-0.3398
-0.36164
-0.38489
-0.40967
-0.43606
-0.4642
-0.49416
-0.52612
-0.560169
-0.59646
-0.0136811
-0.0131246
-0.0129775
-0.0129683
-0.013011
-0.013078
-0.013156
-0.013251
-0.013368
-0.013547
-0.013891
-0.014759
-0.017979
-0.025378
-0.031923
-0.036462
-0.039373
-0.04147
-0.0433
-0.045129
-0.047077
-0.049194
-0.051505
-0.054026
-0.056766
-0.059737
-0.062947
-0.066411
-0.070137
-0.07414
-0.07845
-0.08305
-0.08798
-0.0932701
-0.09891
-0.10494
-0.11138
-0.11826
-0.12559
-0.13342
-0.14176
-0.15066
-0.16015
-0.17025
-0.18102
-0.19249
-0.20472
-0.21774
-0.23162
-0.24639
-0.26213
-0.2789
-0.29675
-0.31578
-0.33604
-0.35762
-0.38062
-0.40512
-0.43121
-0.45903
-0.48867
-0.52025
-0.55392
-0.5898
-0.0135361
-0.0130006
-0.0128625
-0.0128587
-0.012906
-0.012977
-0.01306
-0.013158
-0.013282
-0.013464
-0.01381
-0.014676
-0.017858
-0.025113
-0.031482
-0.035889
-0.03873
-0.040794
-0.042604
-0.044417
-0.046347
-0.048445
-0.050733
-0.053226
-0.055936
-0.058871
-0.062044
-0.065464
-0.069146
-0.0731
-0.07735
-0.08189
-0.0867699
-0.0919701
-0.0975399
-0.1035
-0.10985
-0.11664
-0.12387
-0.1316
-0.13982
-0.14861
-0.15796
-0.16793
-0.17856
-0.18987
-0.20193
-0.21478
-0.22847
-0.24303
-0.25857
-0.2751
-0.29271
-0.31148
-0.33146
-0.35275
-0.37543
-0.39959
-0.42533
-0.45276
-0.48199
-0.513131
-0.54634
-0.581719
-0.0133699
-0.0128577
-0.0127291
-0.0127312
-0.012783
-0.012858
-0.012946
-0.013049
-0.013177
-0.013364
-0.013713
-0.014573
-0.017712
-0.024797
-0.030965
-0.035224
-0.037985
-0.040009
-0.041796
-0.043589
-0.045498
-0.047571
-0.049831
-0.052292
-0.054964
-0.057859
-0.060986
-0.064356
-0.067983
-0.071874
-0.0760601
-0.0805399
-0.08533
-0.0904599
-0.09594
-0.1018
-0.10806
-0.11473
-0.12185
-0.12945
-0.13756
-0.14619
-0.15539
-0.16521
-0.17565
-0.1868
-0.19866
-0.2113
-0.22476
-0.2391
-0.25437
-0.27064
-0.28797
-0.30643
-0.32608
-0.34703
-0.36933
-0.39311
-0.41842
-0.4454
-0.47415
-0.50479
-0.537439
-0.57224
-0.0131815
-0.0126946
-0.0125761
-0.0125834
-0.012641
-0.01272
-0.012813
-0.012921
-0.013054
-0.013244
-0.013596
-0.01445
-0.017537
-0.024429
-0.030373
-0.034468
-0.037141
-0.03912
-0.040879
-0.04265
-0.044533
-0.046576
-0.048803
-0.051226
-0.053856
-0.056703
-0.059776
-0.063089
-0.066652
-0.0704769
-0.0745801
-0.07899
-0.0836799
-0.0887301
-0.09411
-0.0998499
-0.106
-0.11255
-0.11954
-0.12699
-0.13495
-0.14342
-0.15245
-0.16209
-0.17233
-0.18327
-0.1949
-0.20731
-0.22052
-0.23458
-0.24957
-0.26553
-0.28253
-0.30064
-0.31993
-0.34047
-0.36235
-0.38567
-0.41051
-0.43697
-0.46517
-0.49522
-0.52726
-0.56139
-0.0129697
-0.0125098
-0.0124021
-0.0124162
-0.012477
-0.012561
-0.012659
-0.012772
-0.01291
-0.013105
-0.013457
-0.014304
-0.01733
-0.024007
-0.029705
-0.033624
-0.036201
-0.038132
-0.039858
-0.041601
-0.043456
-0.0454659
-0.047654
-0.050033
-0.052614
-0.055406
-0.05842
-0.061668
-0.0651579
-0.068905
-0.07293
-0.0772301
-0.0818499
-0.0867701
-0.0920399
-0.09767
-0.10368
-0.1101
-0.11693
-0.12424
-0.13201
-0.14031
-0.14914
-0.15857
-0.1686
-0.17929
-0.19069
-0.20281
-0.21574
-0.22951
-0.24416
-0.25979
-0.27641
-0.29412
-0.313
-0.33309
-0.3545
-0.37731
-0.40161
-0.42749
-0.45508
-0.48447
-0.5158
-0.54918
-0.012733
-0.012302
-0.0122054
-0.0122254
-0.012291
-0.01238
-0.012483
-0.0126
-0.012742
-0.012943
-0.013296
-0.014132
-0.017089
-0.023526
-0.028963
-0.032694
-0.035171
-0.037047
-0.038739
-0.040449
-0.042271
-0.044243
-0.046387
-0.048718
-0.051244
-0.053975
-0.056921
-0.060095
-0.063507
-0.0671721
-0.07109
-0.0753
-0.0798
-0.08461
-0.0897599
-0.09525
-0.10111
-0.10738
-0.11405
-0.12117
-0.12876
-0.13685
-0.14548
-0.15467
-0.16446
-0.17489
-0.186
-0.19784
-0.21044
-0.22388
-0.23817
-0.25341
-0.26962
-0.28691
-0.30532
-0.32491
-0.3458
-0.36804
-0.39174
-0.41698
-0.44389
-0.47256
-0.5031
-0.53567
-0.0124701
-0.0120695
-0.0119845
-0.0120105
-0.012081
-0.012174
-0.012281
-0.012403
-0.012551
-0.012754
-0.013109
-0.013932
-0.016811
-0.022987
-0.028145
-0.031684
-0.034053
-0.035872
-0.037525
-0.0392
-0.040983
-0.042912
-0.045009
-0.047284
-0.04975
-0.052413
-0.055285
-0.058378
-0.061701
-0.065267
-0.069089
-0.07318
-0.0775701
-0.08225
-0.08725
-0.0926
-0.0983
-0.1044
-0.11089
-0.11781
-0.1252
-0.13307
-0.14146
-0.1504
-0.15992
-0.17007
-0.18087
-0.19239
-0.20464
-0.2177
-0.23161
-0.24643
-0.26219
-0.279
-0.2969
-0.31596
-0.33626
-0.35789
-0.38093
-0.40548
-0.43164
-0.4595
-0.48921
-0.520869
-0.0121794
-0.0118106
-0.0117375
-0.0117697
-0.011844
-0.011941
-0.012053
-0.01218
-0.012331
-0.012539
-0.012892
-0.013701
-0.016491
-0.022388
-0.027256
-0.030594
-0.032854
-0.034611
-0.036222
-0.037857
-0.039598
-0.04148
-0.043523
-0.045739
-0.048136
-0.050726
-0.053517
-0.0565211
-0.059748
-0.063209
-0.066918
-0.0708899
-0.07515
-0.07968
-0.08454
-0.08973
-0.09526
-0.10116
-0.10746
-0.11418
-0.12134
-0.12897
-0.1371
-0.14576
-0.155
-0.16484
-0.17531
-0.18646
-0.19835
-0.21101
-0.22449
-0.23885
-0.25414
-0.27042
-0.28777
-0.30624
-0.32592
-0.34688
-0.36921
-0.393
-0.41835
-0.44536
-0.47413
-0.50482
-0.0118596
-0.0115237
-0.0114624
-0.0115004
-0.011579
-0.01168
-0.011795
-0.011926
-0.012083
-0.012292
-0.012644
-0.013436
-0.016129
-0.021726
-0.026295
-0.02943
-0.031578
-0.033272
-0.034835
-0.036427
-0.038122
-0.039951
-0.041935
-0.044085
-0.04641
-0.048919
-0.051622
-0.05453
-0.057653
-0.061001
-0.06459
-0.0684311
-0.0725399
-0.0769401
-0.08162
-0.08664
-0.09198
-0.09769
-0.10378
-0.11027
-0.11718
-0.12456
-0.13241
-0.14079
-0.1497
-0.1592
-0.16933
-0.1801
-0.19159
-0.20381
-0.21683
-0.23069
-0.24547
-0.26119
-0.27795
-0.29579
-0.3148
-0.33504
-0.3566
-0.37958
-0.40406
-0.43014
-0.45793
-0.48756
-0.0115092
-0.0112068
-0.0111576
-0.0112012
-0.011283
-0.011388
-0.011506
-0.011641
-0.011801
-0.012012
-0.012362
-0.013134
-0.015719
-0.021001
-0.025267
-0.028197
-0.030232
-0.031857
-0.033372
-0.034915
-0.036559
-0.038332
-0.040251
-0.04233
-0.044575
-0.046998
-0.049607
-0.052411
-0.055421
-0.058649
-0.062108
-0.065813
-0.06976
-0.074
-0.0785201
-0.0833399
-0.08849
-0.09398
-0.0998501
-0.10609
-0.11275
-0.11984
-0.12741
-0.13547
-0.14405
-0.1532
-0.16293
-0.17331
-0.18435
-0.19612
-0.20865
-0.222
-0.2362
-0.25134
-0.26747
-0.28463
-0.30291
-0.3224
-0.34315
-0.36524
-0.3888
-0.4139
-0.44063
-0.46912
-0.0111268
-0.0108584
-0.0108212
-0.0108696
-0.010955
-0.011062
-0.011184
-0.011321
-0.011484
-0.011698
-0.012042
-0.012791
-0.015259
-0.020214
-0.024173
-0.0269
-0.02882
-0.030376
-0.031836
-0.033329
-0.034915
-0.036627
-0.038477
-0.040478
-0.04264
-0.044969
-0.047476
-0.05017
-0.053061
-0.05616
-0.059479
-0.063031
-0.066833
-0.0708799
-0.07522
-0.0798501
-0.08479
-0.09005
-0.09567
-0.10167
-0.10804
-0.11485
-0.1221
-0.12982
-0.13806
-0.14681
-0.15616
-0.16609
-0.17668
-0.18797
-0.19997
-0.21276
-0.22638
-0.24088
-0.25634
-0.27279
-0.29031
-0.30898
-0.32886
-0.35005
-0.37261
-0.39666
-0.42227
-0.44958
-0.0107112
-0.010477
-0.0104513
-0.0105044
-0.0105927
-0.010701
-0.010825
-0.010966
-0.011129
-0.011344
-0.011682
-0.012406
-0.014746
-0.019365
-0.023017
-0.025544
-0.027349
-0.028834
-0.030235
-0.031672
-0.033198
-0.034842
-0.036619
-0.038537
-0.040608
-0.042839
-0.045237
-0.047814
-0.050577
-0.05354
-0.056712
-0.060105
-0.063732
-0.067608
-0.07175
-0.07616
-0.0808901
-0.08591
-0.09127
-0.09699
-0.10308
-0.10958
-0.1165
-0.12387
-0.13172
-0.14009
-0.149
-0.15848
-0.16859
-0.17936
-0.19081
-0.20301
-0.21602
-0.22985
-0.24459
-0.2603
-0.27701
-0.29483
-0.31379
-0.334
-0.35553
-0.37848
-0.40291
-0.42896
-0.0102616
-0.0100611
-0.0100465
-0.0101035
-0.0101942
-0.010303
-0.010429
-0.01057
-0.010735
-0.010949
-0.01128
-0.011974
-0.014179
-0.018454
-0.021805
-0.024135
-0.025826
-0.027235
-0.028575
-0.029952
-0.031412
-0.032985
-0.034682
-0.036512
-0.038487
-0.040612
-0.042896
-0.045349
-0.047979
-0.050797
-0.053813
-0.057038
-0.060488
-0.0641741
-0.0681
-0.07231
-0.07678
-0.08156
-0.08666
-0.09209
-0.09788
-0.10404
-0.11062
-0.11762
-0.12508
-0.13303
-0.14148
-0.1505
-0.16009
-0.17032
-0.18119
-0.19279
-0.20513
-0.21827
-0.23226
-0.24718
-0.26305
-0.27996
-0.29798
-0.31716
-0.33761
-0.35938
-0.38258
-0.40732
-0.0097774
-0.0096095
-0.0096052
-0.0096658
-0.0097569
-0.0098666
-0.00999299
-0.010134
-0.0103
-0.01051
-0.010832
-0.011494
-0.013556
-0.017485
-0.02054
-0.022679
-0.024256
-0.025587
-0.026862
-0.028174
-0.029564
-0.031061
-0.032672
-0.03441
-0.036282
-0.038296
-0.04046
-0.042782
-0.045271
-0.047937
-0.050791
-0.053841
-0.057102
-0.060584
-0.0643001
-0.06828
-0.0725
-0.0770199
-0.08184
-0.08697
-0.09244
-0.09826
-0.10448
-0.11109
-0.11814
-0.12564
-0.13364
-0.14215
-0.15121
-0.16087
-0.17115
-0.18209
-0.19375
-0.20617
-0.21938
-0.23347
-0.24846
-0.26443
-0.28145
-0.29956
-0.31887
-0.33943
-0.36135
-0.3847
-0.009258
-0.0091214
-0.0091267
-0.0091897
-0.009281
-0.0093903
-0.009515
-0.009656
-0.00982
-0.010026
-0.010338
-0.010963
-0.012878
-0.01646
-0.019227
-0.021182
-0.022644
-0.023896
-0.025102
-0.026344
-0.02766
-0.029074
-0.030596
-0.032236
-0.034001
-0.035897
-0.037935
-0.040121
-0.042462
-0.044969
-0.0476511
-0.05052
-0.053584
-0.056858
-0.060351
-0.064082
-0.0680599
-0.0723001
-0.0768199
-0.08164
-0.0867801
-0.09225
-0.0980899
-0.1043
-0.11091
-0.11796
-0.12547
-0.13346
-0.14198
-0.15103
-0.16069
-0.17097
-0.18191
-0.19357
-0.20598
-0.2192
-0.23327
-0.24827
-0.26424
-0.28125
-0.29938
-0.31868
-0.33925
-0.36116
-0.0087035
-0.0085963
-0.0086101
-0.0086746
-0.0087652
-0.008873
-0.0089961
-0.009134
-0.00929499
-0.009496
-0.00979401
-0.010381
-0.012142
-0.015383
-0.017873
-0.019648
-0.020998
-0.022167
-0.023301
-0.024467
-0.025705
-0.027033
-0.02846
-0.029996
-0.031648
-0.033423
-0.035328
-0.03737
-0.039558
-0.0419
-0.044405
-0.047083
-0.049944
-0.052998
-0.05626
-0.059738
-0.063452
-0.06741
-0.07162
-0.07613
-0.08091
-0.08602
-0.09147
-0.09725
-0.10343
-0.11
-0.117
-0.12446
-0.13239
-0.14085
-0.14984
-0.15944
-0.16963
-0.18051
-0.19208
-0.20441
-0.21753
-0.23152
-0.2464
-0.26227
-0.27916
-0.29716
-0.31635
-0.33677
-0.0081144
-0.0080341
-0.0080552
-0.0081202
-0.008209
-0.0083141
-0.0084336
-0.0085686
-0.008725
-0.008918
-0.009201
-0.009747
-0.011351
-0.014257
-0.016482
-0.018085
-0.019322
-0.020406
-0.021462
-0.022551
-0.023705
-0.024941
-0.026269
-0.027696
-0.029231
-0.030878
-0.032646
-0.034539
-0.036568
-0.038738
-0.041058
-0.043539
-0.046189
-0.049018
-0.052037
-0.055258
-0.058695
-0.0623561
-0.06626
-0.07043
-0.07486
-0.07959
-0.08462
-0.08998
-0.0957
-0.10177
-0.10826
-0.11515
-0.1225
-0.13032
-0.13865
-0.14751
-0.15696
-0.16702
-0.17772
-0.18913
-0.20127
-0.21421
-0.22798
-0.24266
-0.25829
-0.27493
-0.29268
-0.31159
-0.0074915
-0.0074352
-0.0074623
-0.0075269
-0.0076127
-0.007714
-0.0078289
-0.007959
-0.0081087
-0.008293
-0.008559
-0.00906
-0.010507
-0.013087
-0.015061
-0.016496
-0.01762
-0.018618
-0.019593
-0.020599
-0.021665
-0.022804
-0.024029
-0.025343
-0.026756
-0.02827
-0.029894
-0.031634
-0.033498
-0.03549
-0.03762
-0.039897
-0.042329
-0.044925
-0.047695
-0.05065
-0.053802
-0.057162
-0.060745
-0.064559
-0.06863
-0.07297
-0.07758
-0.08249
-0.0877399
-0.09331
-0.0992501
-0.10558
-0.11231
-0.11948
-0.12712
-0.13524
-0.14391
-0.15313
-0.16294
-0.1734
-0.18453
-0.19638
-0.20902
-0.22247
-0.2368
-0.25206
-0.26832
-0.28565
-0.0068361
-0.0068006
-0.0068321
-0.0068953
-0.0069773
-0.0070735
-0.0071827
-0.007306
-0.007448
-0.0076213
-0.007867
-0.008323
-0.009612
-0.011879
-0.013612
-0.014887
-0.015899
-0.016807
-0.017697
-0.018616
-0.01959
-0.020629
-0.021745
-0.022942
-0.024227
-0.025604
-0.027082
-0.028662
-0.030355
-0.032164
-0.034099
-0.036166
-0.038373
-0.04073
-0.043243
-0.045925
-0.048785
-0.051833
-0.055084
-0.0585459
-0.0622371
-0.06617
-0.0703499
-0.07482
-0.07956
-0.0846299
-0.09001
-0.09575
-0.10185
-0.10836
-0.11529
-0.12266
-0.13051
-0.13887
-0.14777
-0.15725
-0.16735
-0.1781
-0.18956
-0.20174
-0.21475
-0.22858
-0.24332
-0.25904
-0.0061499
-0.0061319
-0.0061664
-0.0062271
-0.0063042
-0.0063941
-0.0064964
-0.0066116
-0.0067438
-0.0069044
-0.0071286
-0.007537
-0.008669
-0.010637
-0.012142
-0.013261
-0.014163
-0.014977
-0.015779
-0.016607
-0.017484
-0.01842
-0.019422
-0.020499
-0.021651
-0.022888
-0.024213
-0.02563
-0.027147
-0.028769
-0.030503
-0.032354
-0.034331
-0.036442
-0.038692
-0.041094
-0.043655
-0.046384
-0.049294
-0.052394
-0.055698
-0.059216
-0.062966
-0.06696
-0.07121
-0.07573
-0.0805601
-0.08569
-0.0911599
-0.09698
-0.10318
-0.10977
-0.11681
-0.12428
-0.13225
-0.14073
-0.14977
-0.15939
-0.16964
-0.18055
-0.19217
-0.20456
-0.21776
-0.2318
-0.0054354
-0.0054313
-0.0054673
-0.0055244
-0.0055957
-0.0056785
-0.0057723
-0.00587799
-0.00599881
-0.00614469
-0.0063455
-0.0067049
-0.0076839
-0.009365
-0.010654
-0.011623
-0.012414
-0.013132
-0.013843
-0.014576
-0.015353
-0.01618
-0.017067
-0.018018
-0.019035
-0.020126
-0.021295
-0.022545
-0.023882
-0.025312
-0.026839
-0.028471
-0.030212
-0.032071
-0.034054
-0.036169
-0.038424
-0.040828
-0.043389
-0.04612
-0.049027
-0.052126
-0.055426
-0.058941
-0.06268
-0.0666699
-0.07092
-0.07543
-0.08024
-0.0853699
-0.0908301
-0.09663
-0.10281
-0.10941
-0.11641
-0.12388
-0.13183
-0.1403
-0.14931
-0.15893
-0.16915
-0.18005
-0.19166
-0.20403
-0.0046953
-0.0047017
-0.0047378
-0.0047905
-0.0048551
-0.0049296
-0.0050137
-0.0051084
-0.0052163
-0.0053456
-0.0055214
-0.005831
-0.0066597
-0.0080692
-0.0091527
-0.00997601
-0.010655
-0.011276
-0.011891
-0.012527
-0.0132
-0.013916
-0.014683
-0.015504
-0.016383
-0.017326
-0.018335
-0.019413
-0.020567
-0.0218
-0.023118
-0.024524
-0.026026
-0.027629
-0.029338
-0.031161
-0.033104
-0.035176
-0.037385
-0.039736
-0.042244
-0.044912
-0.047757
-0.050785
-0.05401
-0.057444
-0.061106
-0.0649899
-0.0691401
-0.07355
-0.0782599
-0.0832601
-0.08858
-0.09426
-0.1003
-0.10673
-0.11358
-0.12087
-0.12864
-0.13692
-0.14572
-0.15512
-0.16511
-0.17577
-0.0039332
-0.0039469
-0.0039817
-0.0040293
-0.0040862
-0.0041515
-0.0042247
-0.004307
-0.0044002
-0.0045114
-0.0046608
-0.0049196
-0.0056021
-0.0067533
-0.0076415
-0.0083228
-0.008889
-0.00941
-0.009928
-0.010463
-0.011028
-0.011631
-0.012274
-0.012964
-0.013702
-0.014492
-0.015338
-0.016242
-0.017209
-0.018242
-0.019346
-0.020524
-0.021782
-0.023124
-0.024555
-0.026082
-0.027709
-0.029444
-0.031292
-0.033262
-0.03536
-0.037594
-0.039975
-0.042509
-0.045209
-0.048083
-0.051144
-0.054402
-0.057871
-0.061566
-0.0655
-0.06968
-0.07415
-0.07889
-0.08394
-0.0893301
-0.09505
-0.10116
-0.10766
-0.11459
-0.12195
-0.12981
-0.13817
-0.14709
-0.0031533
-0.0031714
-0.0032039
-0.0032453
-0.003294
-0.0033488
-0.0034102
-0.0034784
-0.0035557
-0.0036469
-0.0037686
-0.0039763
-0.0045164
-0.0054218
-0.0061225
-0.0066641
-0.00711811
-0.00753789
-0.00795531
-0.008387
-0.008843
-0.009328
-0.009846
-0.010401
-0.010996
-0.011631
-0.012311
-0.013038
-0.013815
-0.014645
-0.015533
-0.016479
-0.017489
-0.018568
-0.019718
-0.020943
-0.02225
-0.023644
-0.025127
-0.026709
-0.028394
-0.030188
-0.032099
-0.034134
-0.0363
-0.038609
-0.041064
-0.043681
-0.046465
-0.04943
-0.052586
-0.055948
-0.059525
-0.0633309
-0.0673901
-0.07171
-0.0763099
-0.08121
-0.0864201
-0.09198
-0.09789
-0.1042
-0.1109
-0.11806
-0.0023607
-0.0023812
-0.0024099
-0.0024446
-0.0024837
-0.0025271
-0.0025751
-0.0026283
-0.0026879
-0.002758
-0.0028505
-0.0030068
-0.0034084
-0.0040782
-0.0045981
-0.0050028
-0.005344
-0.0056605
-0.0059757
-0.0063017
-0.0066458
-0.0070119
-0.007403
-0.007821
-0.00827
-0.008747
-0.00926
-0.009808
-0.010393
-0.011018
-0.011686
-0.012398
-0.013159
-0.013969
-0.014835
-0.015758
-0.01674
-0.017789
-0.018905
-0.020094
-0.021361
-0.022711
-0.024147
-0.025678
-0.027307
-0.029042
-0.030889
-0.032855
-0.034949
-0.037177
-0.03955
-0.042076
-0.044765
-0.047629
-0.050677
-0.053923
-0.057379
-0.061057
-0.06498
-0.06915
-0.0736001
-0.0783299
-0.0833801
-0.08875
-0.00156232
-0.0015831
-0.0016069
-0.0016331
-0.0016614
-0.0016921
-0.0017254
-0.0017619
-0.0018028
-0.0018504
-0.0019129
-0.0020174
-0.0022836
-0.0027259
-0.0030703
-0.0033396
-0.0035676
-0.0037798
-0.0039912
-0.0042099
-0.0044406
-0.004686
-0.0049481
-0.0052283
-0.005528
-0.0058486
-0.0061913
-0.0065578
-0.0069497
-0.007367
-0.007814
-0.00828999
-0.008799
-0.009341
-0.009919
-0.010535
-0.011193
-0.011893
-0.012638
-0.013433
-0.014279
-0.01518
-0.01614
-0.017161
-0.018249
-0.019407
-0.02064
-0.021952
-0.023349
-0.024836
-0.02642
-0.028105
-0.029898
-0.031809
-0.033843
-0.036007
-0.038312
-0.040767
-0.043381
-0.046164
-0.0491289
-0.052287
-0.05565
-0.059233
-0.0007687
-0.00078648
-0.00080223
-0.00081742
-0.00083287
-0.00084906
-0.00086639
-0.0008852
-0.0009062
-0.000930401
-0.000961999
-0.0010147
-0.0011476
-0.0013682
-0.0015403
-0.0016752
-0.0017901
-0.0018969
-0.0020035
-0.0021137
-0.00223
-0.0023536
-0.0024855
-0.0026265
-0.0027773
-0.0029384
-0.0031107
-0.0032948
-0.0034914
-0.0037013
-0.0039254
-0.0041644
-0.00441939
-0.00469121
-0.004981
-0.0052898
-0.0056189
-0.0059694
-0.0063426
-0.00674
-0.007164
-0.007614
-0.00809401
-0.00860399
-0.009148
-0.009726
-0.010342
-0.010997
-0.011695
-0.012436
-0.013226
-0.014067
-0.014961
-0.015914
-0.016927
-0.018006
-0.019155
-0.020378
-0.02168
-0.023066
-0.024543
-0.026115
-0.02779
-0.029575
-1.07108e-06
-1.3928e-06
-1.72156e-06
-2.05593e-06
-2.39533e-06
-2.7397e-06
-3.0893e-06
-3.4449e-06
-3.809e-06
-4.188e-06
-4.6032e-06
-5.1326e-06
-6.1288e-06
-7.7317e-06
-9.2065e-06
-1.05501e-05
-1.18088e-05
-1.30286e-05
-1.42381e-05
-1.5452e-05
-1.6676e-05
-1.791e-05
-1.9152e-05
-2.0396e-05
-2.1638e-05
-2.2868e-05
-2.408e-05
-2.5261e-05
-2.6404e-05
-2.7496e-05
-2.8523e-05
-2.947e-05
-3.0324e-05
-3.1064e-05
-3.1675e-05
-3.2132e-05
-3.2418e-05
-3.2503e-05
-3.2368e-05
-3.198e-05
-3.1312e-05
-3.0334e-05
-2.9011e-05
-2.7309e-05
-2.519e-05
-2.2618e-05
-1.9549e-05
-1.5943e-05
-1.1756e-05
-6.94097e-06
-1.451e-06
4.76098e-06
1.1746e-05
1.9556e-05
2.824e-05
3.7853e-05
4.8446e-05
6.00709e-05
7.2783e-05
8.6631e-05
0.000101665
0.000117936
0.000135488
0.000154364
0.00076657
0.00078371
0.00079879
0.00081333
0.00082809
0.000843599
0.00086026
0.000878301
0.0008986
0.000922
0.0009529
0.0010044
0.0011354
0.0013528
0.0015219
0.0016542
0.0017664
0.0018709
0.001975
0.0020829
0.0021967
0.0023178
0.0024472
0.0025858
0.002734
0.0028927
0.0030626
0.0032443
0.0034387
0.0036463
0.0038684
0.0041055
0.00435881
0.00462919
0.0049177
0.0052256
0.0055541
0.0059045
0.0062778
0.006677
0.0071
0.007554
0.008036
0.00854999
0.00909701
0.009681
0.010303
0.010965
0.011671
0.012423
0.013223
0.014076
0.014985
0.015953
0.016983
0.018082
0.019252
0.020497
0.021826
0.023239
0.024746
0.026351
0.028061
0.029883
0.00156022
0.0015804
0.0016035
0.001629
0.0016567
0.0016867
0.0017193
0.0017551
0.0017952
0.0018422
0.0019038
0.0020073
0.0022715
0.0027106
0.003052
0.0033185
0.0035441
0.0037539
0.0039627
0.0041791
0.0044074
0.00465029
0.0049099
0.0051877
0.0054848
0.0058031
0.00614329
0.0065075
0.00689621
0.007313
0.007757
0.008232
0.008738
0.009279
0.009856
0.010472
0.011127
0.011828
0.012574
0.013369
0.014217
0.01512
0.016081
0.017107
0.018199
0.019362
0.020601
0.02192
0.023326
0.024823
0.026416
0.028114
0.029923
0.031847
0.033899
0.036083
0.038409
0.040886
0.0435261
0.0463369
0.049331
0.052522
0.05592
0.05954
0.0023587
0.0023784
0.0024066
0.0024406
0.002479
0.0025218
0.0025692
0.0026216
0.0026805
0.0027499
0.0028416
0.0029969
0.0033964
0.004063
0.00458
0.0049818
0.0053206
0.0056347
0.0059474
0.006271
0.0066127
0.0069764
0.0073651
0.007781
0.008226
0.008702
0.009213
0.009757
0.010341
0.010963
0.011629
0.01234
0.013099
0.013908
0.014772
0.015694
0.016676
0.017724
0.018841
0.020031
0.021299
0.02265
0.02409
0.025624
0.027257
0.028997
0.03085
0.032824
0.034925
0.037164
0.039547
0.042085
0.044789
0.047667
0.050733
0.053998
0.057474
0.061182
0.06512
0.0693201
0.0738
0.07857
0.08365
0.0890501
0.0031513
0.0031688
0.0032006
0.0032414
0.0032894
0.0033437
0.0034043
0.0034719
0.0035485
0.0036391
0.0037598
0.0039667
0.0045047
0.0054068
0.00610451
0.0066434
0.0070948
0.0075122
0.007927
0.008356
0.00881
0.009293
0.009809
0.010361
0.010953
0.011585
0.012264
0.012988
0.013763
0.014591
0.015477
0.016421
0.01743
0.018506
0.019655
0.02088
0.022187
0.023579
0.025064
0.026646
0.028332
0.030128
0.032042
0.03408
0.036251
0.038564
0.041026
0.043649
0.046442
0.049417
0.052583
0.055957
0.059548
0.063368
0.06745
0.07179
0.0764
0.0813199
0.08657
0.09215
0.0980901
0.10443
0.11117
0.11836
0.0039313
0.0039443
0.0039785
0.0040255
0.0040818
0.0041464
0.0042191
0.0043007
0.0043933
0.0045037
0.0046524
0.0049104
0.0055907
0.0067386
0.0076237
0.0083018
0.008866
0.009385
0.009899
0.010433
0.010996
0.011595
0.012237
0.012924
0.01366
0.014447
0.015291
0.016193
0.017157
0.018188
0.019291
0.020466
0.021723
0.023063
0.024494
0.026019
0.027646
0.029381
0.031229
0.033199
0.035298
0.037536
0.039918
0.042456
0.04516
0.048039
0.051105
0.054371
0.057848
0.061552
0.0655
0.06969
0.07417
0.07892
0.084
0.0894001
0.09515
0.10128
0.1078
0.11475
0.12216
0.13003
0.13844
0.14739
0.0046934
0.0046993
0.0047346
0.0047869
0.0048509
0.0049247
0.0050083
0.0051023
0.0052096
0.0053383
0.0055135
0.005822
0.0066487
0.0080548
0.0091357
0.00995599
0.010631
0.011251
0.011863
0.012498
0.013167
0.013881
0.014646
0.015464
0.016342
0.017282
0.018287
0.019365
0.020516
0.021747
0.023062
0.024468
0.025967
0.027569
0.029277
0.031099
0.033042
0.035113
0.037322
0.039675
0.042183
0.044854
0.047701
0.050732
0.053961
0.057401
0.06106
0.06497
0.06911
0.07355
0.0782499
0.0832601
0.0886101
0.0942999
0.10035
0.1068
0.11367
0.12099
0.12878
0.13708
0.14593
0.15534
0.16537
0.17607
0.0054336
0.0054289
0.0054643
0.0055209
0.0055917
0.0056738
0.0057671
0.0058722
0.0059925
0.0061377
0.0063379
0.0066964
0.0076737
0.009351
0.010637
0.011603
0.012391
0.013107
0.013815
0.014547
0.015321
0.016146
0.01703
0.017978
0.018994
0.020083
0.021249
0.022496
0.023832
0.025259
0.026785
0.028415
0.030154
0.032012
0.033994
0.036108
0.038362
0.040765
0.043328
0.046059
0.048968
0.052068
0.055371
0.058888
0.062641
0.06662
0.0708801
0.0754
0.08022
0.0853599
0.0908201
0.09664
0.10284
0.10944
0.11646
0.12395
0.13193
0.14041
0.14945
0.15909
0.16934
0.18028
0.19192
0.20432
0.0061482
0.0061296
0.0061635
0.0062238
0.0063003
0.0063897
0.0064914
0.0066062
0.0067378
0.0068979
0.007121
0.007529
0.00866
0.010623
0.012124
0.013242
0.014141
0.014952
0.015752
0.016578
0.017452
0.018386
0.019387
0.020459
0.021611
0.022845
0.024167
0.025583
0.027097
0.028718
0.030449
0.032299
0.034274
0.036383
0.038633
0.041034
0.043594
0.046323
0.049233
0.052335
0.055638
0.05916
0.062906
0.06691
0.07116
0.0757
0.08052
0.08566
0.0911399
0.0969601
0.10318
0.10978
0.11683
0.12432
0.1323
0.1408
0.14986
0.1595
0.16978
0.18071
0.19236
0.20478
0.21801
0.23209
0.0068344
0.0067984
0.0068295
0.0068921
0.0069736
0.0070693
0.0071781
0.00730091
0.0074424
0.00761519
0.00786
0.008316
0.009602
0.011866
0.013595
0.014868
0.015878
0.016782
0.017671
0.018587
0.019558
0.020597
0.021709
0.022904
0.024187
0.025562
0.027036
0.028616
0.030306
0.032113
0.034047
0.036111
0.038318
0.040672
0.043185
0.045865
0.048725
0.051774
0.055024
0.058487
0.062178
0.06611
0.07031
0.07476
0.07952
0.0845801
0.08998
0.0957199
0.10183
0.10835
0.11528
0.12267
0.13053
0.1389
0.14783
0.15732
0.16744
0.17821
0.18968
0.20191
0.21493
0.2288
0.24357
0.25932
0.0074899
0.0074331
0.0074598
0.0075239
0.0076093
0.00771
0.0078247
0.0079541
0.0081034
0.008288
0.008552
0.00905299
0.010498
0.013075
0.015044
0.016477
0.0176
0.018594
0.019566
0.020571
0.021634
0.022772
0.023994
0.025306
0.026716
0.028228
0.029851
0.031589
0.033449
0.03544
0.037569
0.039844
0.042274
0.044868
0.047638
0.050592
0.053743
0.057104
0.060686
0.064506
0.06857
0.07291
0.07753
0.08244
0.08769
0.0932699
0.09922
0.10555
0.11229
0.11947
0.12711
0.13526
0.14392
0.15316
0.163
0.17346
0.18462
0.1965
0.20914
0.22263
0.23697
0.25228
0.26856
0.28593
0.0081129
0.0080321
0.0080528
0.0081175
0.00820579
0.0083104
0.0084296
0.0085641
0.00872
0.008913
0.00919501
0.00974
0.011343
0.014245
0.016467
0.018066
0.019301
0.020383
0.021436
0.022524
0.023675
0.024909
0.026234
0.027661
0.029192
0.030838
0.032602
0.034495
0.03652
0.038689
0.041009
0.043486
0.046136
0.048962
0.051981
0.055202
0.058637
0.062301
0.06621
0.0703601
0.0748099
0.07953
0.0845701
0.08994
0.0956501
0.10174
0.10822
0.11512
0.12248
0.1303
0.13865
0.14752
0.15698
0.16705
0.17778
0.18919
0.20136
0.21431
0.22811
0.24281
0.25846
0.27515
0.29291
0.31186
0.0087021
0.0085944
0.0086079
0.00867201
0.0087622
0.0088697
0.0089915
0.009131
0.00929
0.009491
0.009789
0.010375
0.012134
0.015372
0.017858
0.019631
0.020977
0.022145
0.023275
0.02444
0.025676
0.027001
0.028427
0.02996
0.031611
0.033383
0.035286
0.037327
0.039512
0.041853
0.044356
0.047032
0.049891
0.052945
0.056205
0.059683
0.063393
0.06735
0.0715699
0.0760701
0.08086
0.0859699
0.0914201
0.0971999
0.10339
0.10996
0.11697
0.12443
0.13237
0.14083
0.14985
0.15944
0.16965
0.18054
0.19213
0.20448
0.21761
0.23162
0.24653
0.26241
0.27934
0.29736
0.31657
0.33704
0.0092566
0.0091197
0.0091247
0.0091873
0.0092783
0.0093875
0.009512
0.009652
0.00981499
0.010022
0.010333
0.010958
0.01287
0.016449
0.019213
0.021165
0.022624
0.023874
0.025078
0.026317
0.027632
0.029044
0.030564
0.032201
0.033964
0.035859
0.037894
0.040078
0.042417
0.044923
0.047604
0.05047
0.053533
0.056806
0.060298
0.0640219
0.0680101
0.07224
0.0767699
0.0815901
0.08673
0.0921999
0.09804
0.10425
0.11087
0.11793
0.12543
0.13344
0.14195
0.15102
0.16069
0.17098
0.18193
0.1936
0.20602
0.21926
0.23336
0.24837
0.26436
0.28139
0.29954
0.31888
0.33947
0.36142
0.0097761
0.009608
0.00960331
0.0096636
0.0097544
0.009864
0.00999
0.01013
0.010296
0.010506
0.010828
0.011489
0.01355
0.017475
0.020526
0.022663
0.024236
0.025566
0.026838
0.028148
0.029537
0.031031
0.03264
0.034377
0.036247
0.038258
0.040421
0.042741
0.045228
0.047892
0.050744
0.053793
0.057053
0.060534
0.0642499
0.06822
0.0724601
0.07696
0.08179
0.08691
0.0923901
0.09822
0.10443
0.11105
0.11809
0.12561
0.1336
0.14213
0.15119
0.16086
0.17114
0.1821
0.19377
0.2062
0.21943
0.23353
0.24853
0.26453
0.28156
0.2997
0.31904
0.33962
0.36157
0.38494
0.0102605
0.0100596
0.0100447
0.0101016
0.0101915
0.010301
0.010426
0.010567
0.010732
0.010945
0.011276
0.011969
0.014174
0.018445
0.021791
0.02412
0.025807
0.027214
0.028553
0.029926
0.031386
0.032957
0.034651
0.03648
0.038452
0.040576
0.042858
0.045309
0.047937
0.050754
0.053767
0.056993
0.06044
0.064118
0.0680599
0.07225
0.07674
0.0815099
0.0866001
0.0920399
0.0978301
0.104
0.11057
0.11758
0.12504
0.13299
0.14146
0.15047
0.16007
0.17031
0.18119
0.19279
0.20515
0.2183
0.23231
0.24723
0.26313
0.28005
0.29809
0.31729
0.33777
0.35956
0.3828
0.40755
0.0107101
0.0104757
0.0104498
0.0105025
0.0105905
0.010699
0.010823
0.010962
0.011127
0.01134
0.011679
0.012402
0.014741
0.019356
0.023004
0.02553
0.027331
0.028813
0.030214
0.031648
0.033172
0.034815
0.036589
0.038506
0.040575
0.042804
0.0452
0.047775
0.050538
0.053499
0.056668
0.06006
0.063687
0.067564
0.0717
0.07611
0.08084
0.08586
0.09122
0.0969399
0.10304
0.10953
0.11646
0.12383
0.13168
0.14006
0.14896
0.15846
0.16858
0.17934
0.19081
0.20302
0.21603
0.22988
0.24464
0.26035
0.27708
0.29491
0.3139
0.33414
0.35568
0.37865
0.40311
0.42919
0.0111258
0.0108573
0.0108197
0.010868
0.0109532
0.01106
0.011182
0.011319
0.011481
0.011694
0.01204
0.012787
0.015254
0.020206
0.024161
0.026886
0.028803
0.030357
0.031815
0.033306
0.034891
0.0366
0.038449
0.040448
0.042608
0.044936
0.047441
0.050133
0.053022
0.05612
0.059438
0.062988
0.0667871
0.07084
0.0751699
0.07981
0.08474
0.0899999
0.09563
0.10161
0.108
0.11481
0.12206
0.12978
0.13802
0.14678
0.15612
0.16608
0.17666
0.18795
0.19997
0.21277
0.22639
0.24092
0.25637
0.27284
0.29039
0.30906
0.32897
0.35016
0.37276
0.39682
0.42247
0.4498
0.0115083
0.0112058
0.0111564
0.0111993
0.011282
0.011386
0.011504
0.011639
0.011798
0.01201
0.01236
0.01313
0.015715
0.020994
0.025255
0.028184
0.030215
0.03184
0.033351
0.034894
0.036535
0.038306
0.040225
0.042301
0.044545
0.046966
0.049573
0.052376
0.055384
0.058612
0.062068
0.065768
0.06972
0.0739599
0.07847
0.0833
0.0884501
0.0939399
0.0997901
0.10605
0.11271
0.1198
0.12737
0.13543
0.14401
0.15317
0.1629
0.17329
0.18434
0.19611
0.20864
0.222
0.23623
0.25136
0.2675
0.28469
0.30298
0.32247
0.34325
0.36536
0.38894
0.41405
0.44082
0.46933
0.0118589
0.0115227
0.0114613
0.0114992
0.011578
0.011678
0.011793
0.011925
0.01208
0.01229
0.012642
0.013433
0.016125
0.021719
0.026285
0.029418
0.031563
0.033254
0.034816
0.036406
0.0381
0.039927
0.04191
0.044057
0.046381
0.048889
0.05159
0.054496
0.057618
0.060965
0.064553
0.068389
0.0725
0.0769
0.08158
0.0865999
0.09194
0.0976501
0.10373
0.11022
0.11715
0.12451
0.13238
0.14075
0.14967
0.15917
0.1693
0.18009
0.19156
0.2038
0.21683
0.2307
0.24548
0.26122
0.27799
0.29584
0.31485
0.33512
0.3567
0.37969
0.40419
0.43029
0.4581
0.48776
0.0121788
0.0118098
0.0117365
0.0117681
0.011843
0.01194
0.012051
0.012178
0.01233
0.012536
0.01289
0.013699
0.016489
0.022381
0.027247
0.030582
0.032839
0.034595
0.036204
0.037838
0.039577
0.041457
0.043499
0.045712
0.048109
0.050698
0.053487
0.0564891
0.059715
0.063175
0.066883
0.0708599
0.0751001
0.0796499
0.0845001
0.08969
0.09521
0.10113
0.10742
0.11414
0.12129
0.12894
0.13706
0.14573
0.15497
0.16481
0.17528
0.18645
0.19833
0.211
0.22449
0.23885
0.25415
0.27045
0.2878
0.30629
0.32598
0.34695
0.3693
0.3931
0.41847
0.4455
0.47431
0.505
0.0124695
0.0120689
0.0119836
0.0120096
0.01208
0.012173
0.012279
0.012402
0.01255
0.012752
0.013107
0.01393
0.016808
0.022982
0.028137
0.031672
0.03404
0.035856
0.037508
0.039182
0.040963
0.042891
0.044986
0.04726
0.049724
0.052386
0.055257
0.058349
0.061669
0.065235
0.0690581
0.0731499
0.07753
0.0822099
0.0872101
0.0925699
0.09826
0.10436
0.11085
0.11778
0.12516
0.13304
0.14142
0.15037
0.15989
0.17004
0.18085
0.19236
0.20463
0.2177
0.23161
0.24642
0.26221
0.27903
0.29692
0.316
0.33632
0.35796
0.38101
0.40558
0.43175
0.45964
0.489369
0.52104
0.0127325
0.0123015
0.0122047
0.0122241
0.012291
0.012379
0.012481
0.012599
0.012741
0.012941
0.013295
0.01413
0.017087
0.023521
0.028955
0.032684
0.035159
0.037032
0.038723
0.040433
0.042252
0.044223
0.046366
0.048695
0.05122
0.05395
0.056895
0.060067
0.0634781
0.0671369
0.071067
0.07526
0.07977
0.0845799
0.08972
0.09522
0.10108
0.10733
0.11402
0.12113
0.12873
0.13682
0.14545
0.15463
0.16444
0.17486
0.18598
0.19782
0.21043
0.22387
0.23817
0.25341
0.26964
0.28693
0.30534
0.32496
0.34584
0.36811
0.39181
0.41708
0.444
0.47268
0.50325
0.53583
0.0129693
0.0125094
0.0124015
0.0124156
0.012476
0.012561
0.012658
0.012771
0.012908
0.013104
0.013456
0.014303
0.017328
0.024002
0.029698
0.033614
0.03619
0.038119
0.039844
0.041585
0.043438
0.045448
0.047634
0.050012
0.052592
0.055383
0.058396
0.061641
0.065132
0.068882
0.0728999
0.0772001
0.08181
0.08674
0.0920199
0.09763
0.10365
0.11006
0.11691
0.1242
0.13198
0.14027
0.14912
0.15854
0.16857
0.17927
0.19067
0.2028
0.21573
0.22949
0.24417
0.25978
0.27642
0.29415
0.31302
0.33313
0.35455
0.37736
0.40168
0.42758
0.45518
0.48458
0.51593
0.54934
0.0131813
0.0126942
0.0125756
0.0125835
0.01264
0.012719
0.012813
0.01292
0.013052
0.013244
0.013595
0.014449
0.017535
0.024425
0.030367
0.034459
0.037131
0.039108
0.040866
0.042634
0.044518
0.04656
0.048785
0.051207
0.053835
0.056681
0.059754
0.063065
0.066628
0.070448
0.0745599
0.0789601
0.08366
0.0886899
0.09408
0.09983
0.10596
0.11252
0.11951
0.12697
0.13491
0.1434
0.15242
0.16206
0.17231
0.18325
0.19488
0.2073
0.2205
0.23458
0.24957
0.26553
0.28254
0.30065
0.31995
0.34051
0.36239
0.38573
0.41057
0.43705
0.46526
0.49533
0.52738
0.56153
0.0133697
0.0128575
0.0127288
0.0127309
0.012782
0.012857
0.012946
0.013049
0.013176
0.013363
0.013712
0.014572
0.017711
0.024794
0.03096
0.035215
0.037976
0.039998
0.041784
0.043576
0.045484
0.047556
0.049814
0.052275
0.054946
0.057839
0.060965
0.064335
0.06796
0.07186
0.07603
0.08051
0.0853
0.09044
0.09591
0.10178
0.10802
0.11471
0.12183
0.12942
0.13753
0.14616
0.15537
0.16518
0.17564
0.18678
0.19864
0.21128
0.22475
0.23909
0.25438
0.27064
0.28798
0.30644
0.32611
0.34705
0.36938
0.39315
0.41848
0.44547
0.47424
0.50488
0.53755
0.57237
0.013536
0.0130005
0.0128623
0.0128581
0.012906
0.012976
0.01306
0.013158
0.013281
0.013463
0.01381
0.014675
0.017857
0.025111
0.031477
0.035882
0.038721
0.040784
0.042593
0.044406
0.046334
0.0484321
0.0507179
0.05321
0.055919
0.058854
0.062026
0.065445
0.069125
0.0730801
0.07733
0.08187
0.08674
0.0919499
0.09752
0.10347
0.10983
0.11661
0.12385
0.13157
0.1398
0.14859
0.15793
0.16791
0.17854
0.18986
0.20191
0.21477
0.22845
0.24304
0.25856
0.2751
0.29272
0.31149
0.33148
0.35278
0.37547
0.39963
0.42538
0.45283
0.48206
0.51322
0.54644
0.58183
0.0136811
0.0131245
0.0129774
0.0129685
0.013011
0.013077
0.013156
0.01325
0.013368
0.013546
0.013891
0.014759
0.017978
0.025376
0.031919
0.036455
0.039366
0.041461
0.043291
0.045119
0.047065
0.049182
0.051493
0.054012
0.056752
0.059721
0.062931
0.066394
0.070122
0.0741199
0.0784301
0.08303
0.08796
0.09325
0.0988899
0.10492
0.11136
0.11823
0.12557
0.1334
0.14174
0.15064
0.16013
0.17023
0.181
0.19248
0.20471
0.21773
0.2316
0.24639
0.26213
0.2789
0.29676
0.31579
0.33605
0.35765
0.38065
0.40515
0.43127
0.45908
0.48873
0.52033
0.554009
0.5899
0.0138061
0.0132305
0.0130753
0.0130608
0.0131
0.013161
0.013237
0.013325
0.01344
0.013613
0.013956
0.014825
0.018074
0.025594
0.032287
0.036934
0.039904
0.042028
0.043872
0.045713
0.047674
0.049805
0.052135
0.0546761
0.05744
0.060438
0.063679
0.067176
0.070942
0.07499
0.07933
0.08398
0.0889801
0.0943099
0.10001
0.10611
0.11262
0.11957
0.12699
0.1349
0.14334
0.15233
0.16192
0.17215
0.18303
0.19464
0.207
0.22017
0.2342
0.24914
0.26507
0.28202
0.30008
0.31933
0.33982
0.36166
0.38491
0.4097
0.43611
0.46424
0.49423
0.52618
0.56024
0.59655
0.0139118
0.0133194
0.0131568
0.0131375
0.013172
0.013231
0.013301
0.013387
0.013496
0.013666
0.014006
0.014877
0.018147
0.025765
0.032579
0.037318
0.040335
0.042481
0.044335
0.046186
0.048154
0.050299
0.052641
0.055199
0.057983
0.0610009
0.064267
0.067791
0.071588
0.07566
0.08004
0.08474
0.0897599
0.09514
0.1009
0.10704
0.11361
0.12061
0.1281
0.13607
0.14459
0.15365
0.16333
0.17364
0.18462
0.19632
0.2088
0.22207
0.23623
0.2513
0.26736
0.28447
0.30268
0.3221
0.34277
0.36479
0.38826
0.41326
0.43989
0.46828
0.49853
0.530769
0.56513
0.60177
0.0139986
0.0133918
0.0132225
0.0131992
0.01323
0.013284
0.013352
0.013433
0.013539
0.013706
0.014042
0.014914
0.018201
0.025891
0.032797
0.037605
0.040656
0.042817
0.044678
0.046533
0.048508
0.050659
0.053011
0.05558
0.058376
0.061409
0.064692
0.068235
0.072053
0.0761499
0.0805501
0.0852699
0.09033
0.0957501
0.10152
0.10772
0.11431
0.12137
0.12889
0.13692
0.14548
0.15461
0.16434
0.17471
0.18576
0.19753
0.21009
0.22344
0.23769
0.25285
0.26902
0.28622
0.30455
0.32409
0.34488
0.36706
0.39066
0.41582
0.44263
0.47119
0.50163
0.53407
0.56866
0.60553
0.0140671
0.013448
0.0132731
0.0132452
0.013274
0.013324
0.013388
0.013467
0.013569
0.013732
0.014066
0.014937
0.018234
0.025974
0.032941
0.037794
0.040867
0.043034
0.044899
0.046754
0.048731
0.050885
0.053242
0.0558161
0.058619
0.061661
0.064953
0.068506
0.072335
0.07645
0.08086
0.0856
0.0906799
0.0961001
0.10192
0.10811
0.11475
0.12182
0.12938
0.13743
0.14602
0.15519
0.16495
0.17535
0.18646
0.19827
0.21086
0.22428
0.23857
0.25379
0.27001
0.28729
0.30569
0.32529
0.34618
0.36842
0.39213
0.41738
0.44429
0.47296
0.50353
0.53609
0.57082
0.607821
0.0141171
0.0134885
0.0133088
0.0132773
0.013303
0.01335
0.013412
0.013486
0.013587
0.013747
0.014077
0.014948
0.018248
0.026014
0.033011
0.037884
0.040965
0.043133
0.044994
0.046848
0.048823
0.050976
0.053332
0.055907
0.058711
0.061755
0.065049
0.068605
0.072437
0.07655
0.0809799
0.08571
0.0908
0.0962299
0.10205
0.10826
0.11489
0.12199
0.12954
0.1376
0.14621
0.15539
0.16516
0.17558
0.18669
0.19853
0.21113
0.22456
0.23888
0.25412
0.27036
0.28766
0.30609
0.32572
0.34662
0.36891
0.39265
0.41793
0.44488
0.4736
0.5042
0.53682
0.5716
0.60866
0.0141488
0.0135131
0.0133296
0.0132959
0.013317
0.013363
0.013422
0.013494
0.013591
0.013749
0.014078
0.014945
0.018245
0.02601
0.033007
0.037876
0.04095
0.04311
0.044966
0.046813
0.048783
0.050931
0.053282
0.055852
0.058651
0.06169
0.06498
0.06853
0.0723521
0.07647
0.0808799
0.0856301
0.09069
0.09612
0.10193
0.10814
0.11476
0.12184
0.12939
0.13745
0.14604
0.15521
0.16497
0.17538
0.18648
0.19829
0.2109
0.22431
0.2386
0.25384
0.27005
0.28734
0.30574
0.32536
0.34624
0.36851
0.39221
0.41748
0.4444
0.47308
0.50367
0.53625
0.57099
0.60803
0.0141619
0.0135217
0.0133353
0.0132989
0.013318
0.013362
0.013418
0.013489
0.013584
0.01374
0.014066
0.01493
0.018223
0.025964
0.032929
0.037768
0.040821
0.042967
0.044812
0.04665
0.048611
0.05075
0.053091
0.055651
0.05844
0.061467
0.064744
0.068282
0.072089
0.07619
0.0806
0.08531
0.0903599
0.09578
0.10156
0.10775
0.11435
0.1214
0.12893
0.13695
0.14552
0.15465
0.16438
0.17476
0.18581
0.19759
0.21014
0.22351
0.23776
0.25294
0.26909
0.28632
0.30467
0.3242
0.34503
0.3672
0.39084
0.41601
0.44285
0.47143
0.50191
0.53439
0.569019
0.60593
0.0141557
0.013514
0.0133256
0.0132868
0.013305
0.013347
0.013401
0.013471
0.013563
0.013719
0.014042
0.014903
0.018182
0.025876
0.032776
0.037559
0.040578
0.042704
0.044533
0.046359
0.048308
0.050432
0.05276
0.055305
0.058077
0.061087
0.064344
0.067861
0.071654
0.07572
0.0801001
0.08479
0.0898099
0.0952001
0.10094
0.10709
0.11366
0.12067
0.12815
0.13613
0.14464
0.15372
0.16339
0.17371
0.18469
0.19641
0.20888
0.22217
0.23634
0.25142
0.26749
0.28461
0.30285
0.32227
0.34297
0.36502
0.38852
0.41354
0.44022
0.46865
0.49894
0.53124
0.56566
0.60237
0.0141295
0.013489
0.0132999
0.0132601
0.0132762
0.013317
0.013371
0.013438
0.013531
0.013684
0.014006
0.014863
0.018122
0.025743
0.032547
0.037252
0.040222
0.042319
0.044131
0.045941
0.047873
0.049981
0.05229
0.054814
0.057565
0.060549
0.063781
0.067269
0.07103
0.0750699
0.0794001
0.08406
0.08904
0.09438
0.10008
0.10617
0.11269
0.11964
0.12706
0.13497
0.14341
0.15242
0.162
0.17224
0.18313
0.19474
0.20712
0.2203
0.23434
0.2493
0.26524
0.28221
0.3003
0.31956
0.34009
0.36196
0.38525
0.41008
0.43653
0.46473
0.494771
0.5268
0.56094
0.59734
0.0140824
0.0134461
0.0132572
0.0132167
0.0132321
0.013272
0.013325
0.013392
0.013484
0.013636
0.013958
0.014808
0.018042
0.025565
0.032242
0.036844
0.039753
0.041817
0.043606
0.045397
0.047309
0.049397
0.051683
0.054181
0.056904
0.059858
0.0630561
0.066508
0.070226
0.0742201
0.0785199
0.08312
0.08805
0.09333
0.0989701
0.105
0.11144
0.11832
0.12565
0.13349
0.14183
0.15074
0.16023
0.17035
0.18112
0.19261
0.20485
0.21789
0.23178
0.24658
0.26234
0.27913
0.29703
0.31608
0.33639
0.35801
0.38107
0.40562
0.43179
0.45968
0.4894
0.521091
0.55486
0.590879
0.014013
0.0133841
0.0131967
0.0131561
0.0131706
0.013211
0.013263
0.01333
0.013423
0.013575
0.013894
0.01474
0.01794
0.025339
0.031859
0.036337
0.039174
0.041197
0.042961
0.044729
0.046619
0.048681
0.050941
0.053409
0.056097
0.059014
0.062172
0.065579
0.069249
0.073193
0.07744
0.08197
0.08684
0.09205
0.09762
0.10357
0.10992
0.11671
0.12395
0.13167
0.13992
0.1487
0.15806
0.16804
0.17868
0.19001
0.20209
0.21495
0.22866
0.24326
0.25881
0.27538
0.29303
0.31184
0.33187
0.35321
0.37595
0.40019
0.426
0.45352
0.48286
0.51411
0.54745
0.58298
0.0139199
0.0133017
0.0131169
0.0130769
0.0130916
0.013131
0.013185
0.013252
0.013345
0.013498
0.013816
0.014654
0.017815
0.025065
0.031397
0.035731
0.038485
0.040464
0.042197
0.043941
0.045804
0.047839
0.050066
0.052498
0.055147
0.058022
0.061131
0.064486
0.068101
0.071991
0.0761499
0.0806301
0.08542
0.0905499
0.09602
0.10188
0.10814
0.11482
0.12194
0.12954
0.13766
0.14629
0.15552
0.16533
0.1758
0.18695
0.19884
0.2115
0.22498
0.23935
0.25466
0.27096
0.28833
0.30684
0.32655
0.34755
0.36993
0.39378
0.41919
0.44627
0.47514
0.505899
0.5387
0.57368
0.0138014
0.0131973
0.0130164
0.0129775
0.012993
0.013033
0.013087
0.013156
0.01325
0.013404
0.013721
0.01455
0.017665
0.024737
0.030857
0.035028
0.037689
0.039619
0.04132
0.043034
0.044869
0.046872
0.049062
0.051454
0.054058
0.056882
0.059937
0.063234
0.066783
0.070603
0.0746901
0.07909
0.0837799
0.08882
0.0942
0.0999501
0.10609
0.11264
0.11964
0.1271
0.13506
0.14354
0.15258
0.16223
0.1725
0.18344
0.1951
0.20753
0.22077
0.23486
0.24989
0.26589
0.28293
0.3011
0.32044
0.34105
0.36302
0.38642
0.41136
0.43794
0.46627
0.49646
0.52866
0.56299
0.013656
0.0130691
0.0128934
0.0128564
0.0128729
0.0129138
0.012969
0.01304
0.013136
0.013291
0.013606
0.014427
0.017486
0.024356
0.030236
0.034229
0.036791
0.038665
0.040331
0.042015
0.043818
0.045783
0.047933
0.050279
0.052833
0.0556
0.058595
0.061824
0.065301
0.069034
0.07305
0.07735
0.0819499
0.0868801
0.09214
0.09778
0.10378
0.1102
0.11704
0.12435
0.13213
0.14044
0.14929
0.15872
0.16878
0.17949
0.1909
0.20306
0.21601
0.22981
0.24451
0.26017
0.27686
0.29462
0.31356
0.33374
0.35522
0.37813
0.40254
0.42854
0.45628
0.48582
0.51733
0.55093
0.0134812
0.0129154
0.012746
0.0127115
0.0127296
0.0127713
0.01283
0.012901
0.013
0.013157
0.013471
0.014282
0.017275
0.023918
0.029535
0.033336
0.035792
0.03761
0.039236
0.040886
0.042652
0.044579
0.046683
0.048979
0.051475
0.054182
0.057107
0.060263
0.063659
0.0673079
0.071225
0.07542
0.0799201
0.08472
0.08987
0.09535
0.10123
0.10748
0.11417
0.12129
0.1289
0.13699
0.14563
0.15484
0.16465
0.1751
0.18623
0.1981
0.21074
0.22421
0.23854
0.25383
0.2701
0.28745
0.30592
0.3256
0.34658
0.36892
0.39274
0.41812
0.44517
0.47401
0.50476
0.53753
0.0132754
0.0127339
0.0125723
0.0125407
0.0125607
0.0126046
0.012665
0.012739
0.01284
0.012999
0.013313
0.014111
0.017031
0.023419
0.028754
0.032353
0.034697
0.036455
0.03804
0.039652
0.041381
0.043262
0.045317
0.047557
0.049992
0.0526291
0.055481
0.058553
0.061862
0.065414
0.069224
0.07331
0.07769
0.0823699
0.08737
0.09271
0.09842
0.10451
0.11102
0.11794
0.12534
0.13322
0.14163
0.15058
0.16012
0.17029
0.18112
0.19266
0.20495
0.21806
0.232
0.24687
0.2627
0.27957
0.29754
0.31669
0.33708
0.35883
0.38199
0.40668
0.433
0.46105
0.49095
0.52285
0.0130363
0.0125226
0.0123698
0.0123419
0.0123641
0.0124104
0.012472
0.012551
0.012654
0.012816
0.013128
0.013911
0.016749
0.022858
0.027893
0.031282
0.033512
0.035207
0.036748
0.03832
0.040006
0.041839
0.04384
0.046019
0.048386
0.05095
0.053719
0.056703
0.059914
0.063362
0.067062
0.0710269
0.0752701
0.07981
0.0846599
0.0898401
0.0953799
0.10129
0.10759
0.11432
0.12148
0.12913
0.13727
0.14596
0.15521
0.16506
0.17557
0.18676
0.19868
0.21137
0.22491
0.23931
0.25467
0.27101
0.28845
0.307
0.32678
0.34786
0.37032
0.39426
0.41977
0.44697
0.47597
0.50689
0.0127618
0.0122791
0.0121364
0.0121125
0.0121373
0.012186
0.0122513
0.012332
0.012439
0.012603
0.012914
0.01368
0.016424
0.022232
0.026954
0.03013
0.032242
0.03387
0.035366
0.036895
0.038534
0.040315
0.042257
0.044371
0.046665
0.049147
0.051828
0.054716
0.057823
0.061159
0.064736
0.068565
0.07268
0.07706
0.08175
0.08676
0.0921099
0.09782
0.10391
0.11041
0.11733
0.12472
0.1326
0.14098
0.14992
0.15944
0.1696
0.1804
0.19192
0.20419
0.21726
0.23118
0.24601
0.26182
0.27864
0.29658
0.31569
0.33606
0.35775
0.38088
0.40553
0.43181
0.45983
0.4897
0.0124501
0.0120013
0.0118695
0.0118503
0.0118778
0.011929
0.0119969
0.012082
0.012192
0.012358
0.012666
0.013415
0.016053
0.021539
0.02594
0.028898
0.030893
0.032454
0.0339
0.035383
0.036971
0.038696
0.040574
0.042617
0.044833
0.047228
0.049814
0.0526
0.055594
0.058809
0.062256
0.065948
0.069904
0.07412
0.07865
0.08347
0.0886101
0.0941199
0.09998
0.10624
0.1129
0.12002
0.12759
0.13567
0.14427
0.15344
0.16321
0.17362
0.1847
0.19651
0.20909
0.22249
0.23676
0.25198
0.26817
0.28544
0.30384
0.32343
0.34432
0.36658
0.39031
0.41561
0.44257
0.47132
0.0120992
0.0116867
0.0115671
0.0115527
0.011583
0.0116368
0.0117081
0.011795
0.01191
0.012077
0.012383
0.01311
0.015633
0.020778
0.024852
0.027595
0.029471
0.030963
0.032357
0.033789
0.035324
0.036988
0.038798
0.040764
0.042896
0.045199
0.047683
0.050359
0.053234
0.05632
0.059628
0.063171
0.066963
0.07102
0.07535
0.07997
0.0849199
0.0901901
0.0958099
0.10181
0.1082
0.11502
0.12229
0.13002
0.13828
0.14707
0.15643
0.16641
0.17703
0.18836
0.20042
0.21326
0.22695
0.24152
0.25707
0.2736
0.29125
0.31003
0.33006
0.35139
0.37415
0.39839
0.42424
0.45181
0.0117075
0.0113336
0.0112266
0.0112172
0.0112504
0.0113068
0.0113803
0.0114716
0.011589
0.011758
0.01206
0.012762
0.015159
0.019949
0.023695
0.026225
0.027983
0.029404
0.030743
0.032122
0.033597
0.035197
0.036934
0.038819
0.04086
0.043066
0.045442
0.048001
0.05075
0.0536979
0.05686
0.060245
0.063866
0.067738
0.07188
0.07629
0.08101
0.08604
0.0914201
0.09714
0.10324
0.10975
0.11668
0.12408
0.13195
0.14034
0.14928
0.1588
0.16894
0.17975
0.19126
0.20352
0.21658
0.2305
0.24532
0.26112
0.27795
0.29588
0.31499
0.33536
0.35707
0.38022
0.40489
0.4312
0.0112738
0.0109397
0.010846
0.0108417
0.0108776
0.0109362
0.0110123
0.0111061
0.011226
0.011397
0.011693
0.012367
0.014628
0.019053
0.022473
0.024795
0.026437
0.027784
0.029065
0.030387
0.031799
0.033329
0.034988
0.036788
0.038733
0.040834
0.043097
0.045533
0.048147
0.050953
0.053958
0.057177
0.06062
0.0643
0.068234
0.07243
0.07691
0.0817
0.08679
0.09224
0.0980301
0.10422
0.1108
0.11783
0.1253
0.13328
0.14176
0.15081
0.16045
0.17071
0.18164
0.19329
0.20569
0.21891
0.233
0.24799
0.26398
0.28102
0.29916
0.31852
0.33913
0.36112
0.38455
0.40955
0.010797
0.0105038
0.0104233
0.0104241
0.0104623
0.0105228
0.0106008
0.0106971
0.0108193
0.010989
0.011278
0.011924
0.014036
0.01809
0.021192
0.023312
0.024838
0.026111
0.02733
0.028589
0.029936
0.031391
0.032968
0.034675
0.03652
0.038512
0.040655
0.04296
0.045435
0.048089
0.050932
0.053976
0.0572309
0.060711
0.064427
0.0683929
0.0726401
0.07715
0.08197
0.08711
0.0926
0.09843
0.10466
0.11129
0.11836
0.12589
0.13391
0.14246
0.15156
0.16126
0.17158
0.18259
0.19431
0.2068
0.2201
0.23427
0.24938
0.26547
0.28262
0.30089
0.32038
0.34115
0.36329
0.38689
0.0102768
0.0100242
0.009957
0.0099625
0.0100027
0.0100644
0.0101436
0.0102413
0.0103643
0.010533
0.010814
0.011425
0.013383
0.017064
0.019857
0.021782
0.023193
0.024391
0.025544
0.026738
0.028013
0.029388
0.030879
0.032489
0.034228
0.036104
0.038123
0.040291
0.04262
0.045115
0.047789
0.05065
0.053709
0.056979
0.060471
0.064203
0.06818
0.07242
0.0769601
0.08178
0.08693
0.09242
0.0982599
0.1045
0.11113
0.1182
0.12574
0.13376
0.14231
0.15142
0.16111
0.17145
0.18246
0.19418
0.20668
0.21999
0.23417
0.24928
0.26539
0.28255
0.30084
0.32035
0.34114
0.36331
0.009713
0.0095002
0.0094459
0.0094555
0.009497
0.0095593
0.0096388
0.0097369
0.00985929
0.0100263
0.010296
0.010869
0.012667
0.015978
0.018473
0.020212
0.021511
0.022629
0.023714
0.024837
0.026037
0.027329
0.028726
0.030235
0.031864
0.033619
0.035506
0.037533
0.039708
0.04204
0.044536
0.047207
0.050063
0.053115
0.056375
0.059854
0.063568
0.067529
0.0717499
0.0762601
0.0810599
0.08618
0.0916401
0.0974399
0.10364
0.11023
0.11726
0.12474
0.13272
0.14122
0.15026
0.1599
0.17016
0.1811
0.19276
0.20517
0.21839
0.23249
0.24752
0.26352
0.28058
0.29878
0.31817
0.33884
0.00910607
0.0089312
0.0088891
0.0089022
0.0089443
0.009006
0.0090849
0.00918189
0.00930271
0.0094652
0.009722
0.010255
0.011887
0.014836
0.017047
0.018608
0.019796
0.020833
0.021845
0.022895
0.024013
0.025217
0.026517
0.027921
0.029433
0.031062
0.032813
0.034692
0.036709
0.03887
0.041182
0.043657
0.046301
0.049128
0.052147
0.055368
0.058806
0.062473
0.066385
0.0705501
0.0749999
0.07974
0.08478
0.09017
0.0958899
0.102
0.1085
0.11543
0.12281
0.13067
0.13904
0.14796
0.15746
0.16759
0.17836
0.18986
0.2021
0.21514
0.22904
0.24385
0.25964
0.27648
0.29443
0.31356
0.00845698
0.0083174
0.0082864
0.0083021
0.0083437
0.008404
0.0084808
0.00857531
0.0086927
0.0088486
0.0090904
0.009581
0.011045
0.013642
0.015585
0.016977
0.018054
0.019008
0.019943
0.020914
0.021948
0.02306
0.024258
0.025551
0.026942
0.02844
0.03005
0.031777
0.033628
0.035613
0.037736
0.040007
0.042434
0.045028
0.047797
0.050752
0.053907
0.057271
0.060858
0.064686
0.06876
0.0731
0.0777299
0.0826701
0.08792
0.09352
0.0994799
0.10584
0.11261
0.11981
0.12749
0.13566
0.14438
0.15367
0.16355
0.17408
0.18531
0.19726
0.21002
0.2236
0.23807
0.25351
0.26997
0.28752
0.00776704
0.0076595
0.0076379
0.0076552
0.0076955
0.0077528
0.0078262
0.0079166
0.0080288
0.0081763
0.008401
0.0088453
0.010141
0.012402
0.014094
0.015322
0.016291
0.017159
0.018014
0.018902
0.019847
0.020861
0.021954
0.023131
0.024398
0.02576
0.027223
0.028793
0.030475
0.032277
0.034205
0.036267
0.038471
0.040824
0.043337
0.04602
0.048881
0.051934
0.055189
0.058658
0.062357
0.0663
0.0705
0.07497
0.07974
0.0848199
0.0902201
0.0959899
0.10213
0.10867
0.11563
0.12305
0.13095
0.13937
0.14833
0.15789
0.16808
0.17892
0.19048
0.2028
0.21593
0.22993
0.24486
0.26077
0.00703806
0.0069584
0.0069446
0.0069624
0.0069998
0.0070532
0.0071215
0.0072061
0.007311
0.00744791
0.0076532
0.00804929
0.0091795
0.011121
0.012577
0.013651
0.014511
0.015291
0.016061
0.016863
0.017714
0.018627
0.01961
0.020668
0.021806
0.023028
0.024341
0.025748
0.027256
0.02887
0.030599
0.032445
0.034419
0.036528
0.038778
0.04118
0.043742
0.046476
0.0493889
0.052496
0.055807
0.059335
0.0630971
0.0670999
0.07137
0.07591
0.08076
0.0859101
0.0914099
0.09726
0.10349
0.11013
0.11721
0.12474
0.13276
0.14132
0.15043
0.16014
0.17049
0.18151
0.19327
0.20579
0.21916
0.23339
0.00627233
0.0062158
0.0062078
0.0062246
0.0062582
0.006306
0.0063679
0.0064448
0.0065404
0.0066649
0.0068483
0.0071952
0.0081631
0.0098045
0.0110407
0.011965
0.012719
0.013407
0.01409
0.0148
0.015555
0.016363
0.017232
0.018167
0.019172
0.02025
0.021408
0.022649
0.023979
0.025402
0.026924
0.028551
0.030291
0.032147
0.03413
0.036245
0.038502
0.040909
0.043475
0.04621
0.049125
0.052232
0.0555421
0.059069
0.0628271
0.0668299
0.07109
0.0756301
0.08047
0.08562
0.0911
0.0969599
0.10317
0.10981
0.11688
0.1244
0.13243
0.14097
0.15008
0.15979
0.17013
0.18116
0.19292
0.20546
0.00547211
0.00543391
0.0054294
0.0054437
0.0054722
0.0055132
0.005567
0.0056348
0.0057194
0.0058291
0.0059892
0.0062858
0.0070969
0.0084578
0.0094888
0.0102699
0.010916
0.011511
0.012103
0.012719
0.013374
0.014073
0.014825
0.015633
0.016501
0.017433
0.018432
0.019503
0.02065
0.021878
0.023191
0.024595
0.026093
0.027695
0.029404
0.031227
0.033172
0.035247
0.037458
0.039815
0.042328
0.045006
0.047857
0.050897
0.054134
0.057583
0.061255
0.065168
0.06934
0.07377
0.0785
0.08354
0.0889
0.09462
0.1007
0.10719
0.11411
0.12146
0.12931
0.13767
0.14659
0.15609
0.16622
0.17702
0.00463995
0.00461478
0.0046115
0.0046219
0.0046441
0.0046773
0.0047218
0.004779
0.0048509
0.0049444
0.0050793
0.0053257
0.0059864
0.007086
0.0079242
0.0085677
0.0091064
0.0096057
0.010104
0.010623
0.011174
0.011761
0.012394
0.013071
0.0138
0.014582
0.015419
0.016317
0.017279
0.018307
0.019407
0.020583
0.021838
0.023179
0.024611
0.026137
0.027766
0.029503
0.031354
0.033328
0.035431
0.037672
0.04006
0.042604
0.045313
0.0482
0.051275
0.054549
0.058037
0.06175
0.0657101
0.0699199
0.07442
0.07919
0.08429
0.08972
0.0955
0.10166
0.10823
0.11523
0.12268
0.13064
0.13912
0.14815
0.00377811
0.00376078
0.00375625
0.0037617
0.0037767
0.0038013
0.0038359
0.0038815
0.0039396
0.0040153
0.0041243
0.0043202
0.0048378
0.0056938
0.0063504
0.0068605
0.0072918
0.0076938
0.0080961
0.0085151
0.008958
0.009433
0.009941
0.010488
0.011073
0.011702
0.012377
0.013098
0.01387
0.014698
0.015581
0.016525
0.017535
0.018612
0.019761
0.020987
0.022296
0.02369
0.025177
0.026762
0.028451
0.03025
0.032168
0.034209
0.036386
0.038702
0.041171
0.043799
0.0466
0.049581
0.052758
0.05614
0.059745
0.063578
0.06768
0.0720301
0.0766699
0.0816101
0.08689
0.0925
0.09849
0.10487
0.11167
0.11893
0.00288819
0.00287348
0.00286571
0.00286554
0.0028733
0.0028894
0.002914
0.0029475
0.0029912
0.0030483
0.0031305
0.0032766
0.0036579
0.0042856
0.00477
0.0051499
0.0054737
0.005777
0.0060809
0.0063969
0.0067321
0.0070901
0.0074738
0.0078853
0.008327
0.008801
0.00930899
0.00985201
0.010434
0.011056
0.011722
0.012432
0.013192
0.014002
0.014867
0.01579
0.016774
0.017823
0.018941
0.020134
0.021403
0.022757
0.024199
0.025734
0.027371
0.029113
0.030968
0.032946
0.03505
0.0372919
0.03968
0.042223
0.044932
0.047817
0.050891
0.054166
0.057655
0.061368
0.06534
0.06955
0.0740499
0.07886
0.0839599
0.0894101
0.00196961
0.00195296
0.00194125
0.00193626
0.00193823
0.0019468
0.0019621
0.0019839
0.0020128
0.0020512
0.002106
0.0022031
0.002454
0.0028656
0.003185
0.0034372
0.0036535
0.0038568
0.0040605
0.0042727
0.0044973
0.0047374
0.0049944
0.0052703
0.0055659
0.005883
0.0062227
0.0065864
0.0069759
0.007391
0.007837
0.00831199
0.00882
0.009361
0.009939
0.010556
0.011214
0.011914
0.012662
0.013458
0.014306
0.01521
0.016173
0.017198
0.018291
0.019454
0.020692
0.022012
0.023417
0.024914
0.026507
0.028204
0.030011
0.031937
0.033988
0.036172
0.0385
0.04098
0.043622
0.046438
0.04944
0.052638
0.05605
0.059686
0.00101592
0.00099641
0.00098425
0.00097839
0.00097757
0.00098098
0.00098813
0.00099889
0.00101342
0.00103271
0.0010604
0.001109
0.0012337
0.0014379
0.001597
0.0017233
0.001832
0.0019344
0.0020371
0.002144
0.0022571
0.002378
0.0025074
0.0026461
0.0027948
0.0029541
0.0031248
0.0033074
0.0035028
0.0037118
0.0039349
0.0041734
0.0044278
0.0046995
0.0049891
0.005298
0.0056273
0.0059784
0.0063526
0.006751
0.007175
0.007627
0.008109
0.00862099
0.009168
0.009748
0.010367
0.011027
0.011728
0.012475
0.01327
0.014117
0.015019
0.015979
0.017003
0.018091
0.019253
0.020489
0.021806
0.023209
0.024706
0.0263
0.028
0.029812
2.03735e-07
5.65568e-07
9.18167e-07
1.26595e-06
1.61188e-06
1.95817e-06
2.30675e-06
2.65968e-06
3.0198e-06
3.3927e-06
3.7953e-06
4.2856e-06
5.1258e-06
6.4242e-06
7.6527e-06
8.8048e-06
9.9066e-06
1.09859e-05
1.20611e-05
1.31416e-05
1.4231e-05
1.533e-05
1.6433e-05
1.754e-05
1.8641e-05
1.9733e-05
2.0809e-05
2.1858e-05
2.2873e-05
2.3843e-05
2.4757e-05
2.5604e-05
2.6367e-05
2.7033e-05
2.7587e-05
2.8008e-05
2.828e-05
2.838e-05
2.8287e-05
2.7977e-05
2.7423e-05
2.66e-05
2.5478e-05
2.4028e-05
2.2215e-05
2.0007e-05
1.7369e-05
1.4263e-05
1.0649e-05
6.48899e-06
1.74e-06
-3.64101e-06
-9.69798e-06
-1.6477e-05
-2.4024e-05
-3.2387e-05
-4.1612e-05
-5.17491e-05
-6.2843e-05
-7.4946e-05
-8.81e-05
-0.000102354
-0.000117752
-0.000134335
