-0.000509977
-0.00130999
-0.00209999
-0.00285006
-0.00361001
-0.00435996
-0.00513005
-0.00589991
-0.00672007
-0.00755
-0.00847995
-0.00962007
-0.0115499
-0.0145301
-0.0173999
-0.02013
-0.02279
-0.02545
-0.02819
-0.03101
-0.03396
-0.03705
-0.04028
-0.0436901
-0.0472599
-0.05103
-0.05501
-0.05919
-0.06362
-0.0683
-0.07324
-0.07848
-0.08401
-0.0898699
-0.0961001
-0.10269
-0.10968
-0.11709
-0.12498
-0.13333
-0.14222
-0.15164
-0.16168
-0.17232
-0.18365
-0.19569
-0.20849
-0.22211
-0.23659
-0.25199
-0.26838
-0.28582
-0.30438
-0.32413
-0.34514
-0.36752
-0.39134
-0.41668
-0.44368
-0.47241
-0.50301
-0.53559
-0.570271
-0.60722
-0.000518024
-0.001324
-0.00208998
-0.00285006
-0.00358999
-0.00435996
-0.00511003
-0.00589001
-0.00669992
-0.00753009
-0.00845993
-0.00959003
-0.01152
-0.0145099
-0.01738
-0.0201
-0.02277
-0.02543
-0.0281601
-0.03098
-0.0339199
-0.0370101
-0.0402399
-0.04363
-0.04722
-0.0509701
-0.05494
-0.05913
-0.06355
-0.06822
-0.0731601
-0.07838
-0.08392
-0.08977
-0.0959799
-0.10257
-0.10955
-0.11696
-0.12483
-0.13317
-0.14205
-0.15147
-0.16148
-0.17212
-0.18343
-0.19545
-0.20824
-0.22185
-0.2363
-0.25169
-0.26806
-0.28548
-0.30401
-0.32373
-0.34473
-0.36708
-0.39086
-0.41618
-0.44313
-0.47184
-0.5024
-0.53494
-0.56958
-0.60652
-0.000551045
-0.001329
-0.00208795
-0.00283003
-0.00356996
-0.00432003
-0.00507998
-0.00584006
-0.00663996
-0.00747001
-0.00838995
-0.00950003
-0.0114501
-0.0144399
-0.01731
-0.02004
-0.0226899
-0.02535
-0.0280701
-0.03089
-0.03381
-0.0368899
-0.04011
-0.0434901
-0.04705
-0.05081
-0.05475
-0.05893
-0.0633301
-0.0679799
-0.0729101
-0.07811
-0.08362
-0.08946
-0.0956399
-0.1022
-0.10917
-0.11654
-0.12438
-0.1327
-0.14154
-0.15093
-0.1609
-0.1715
-0.18277
-0.19475
-0.2075
-0.22104
-0.23545
-0.25078
-0.26709
-0.28445
-0.30291
-0.32257
-0.34348
-0.36574
-0.38945
-0.41467
-0.44153
-0.47013
-0.50057
-0.53299
-0.56752
-0.60422
-0.000593007
-0.00134099
-0.002078
-0.00281
-0.00353003
-0.00426996
-0.00501001
-0.00576997
-0.00655007
-0.00737
-0.00826001
-0.00937998
-0.0113
-0.01433
-0.0172
-0.01993
-0.02257
-0.0252199
-0.02792
-0.03072
-0.03364
-0.03669
-0.0398901
-0.04325
-0.04679
-0.05051
-0.0544499
-0.0585901
-0.06296
-0.06759
-0.07248
-0.07766
-0.08313
-0.0889301
-0.0950799
-0.1016
-0.10851
-0.11585
-0.12364
-0.13191
-0.14069
-0.15003
-0.15993
-0.17048
-0.18167
-0.19358
-0.20625
-0.21971
-0.23403
-0.24927
-0.26549
-0.28273
-0.30108
-0.32062
-0.3414
-0.36353
-0.38709
-0.41217
-0.43885
-0.46728
-0.49755
-0.52976
-0.564079
-0.60064
-0.000635028
-0.00135601
-0.00206798
-0.00277501
-0.003483
-0.00419998
-0.00493002
-0.00565994
-0.00642002
-0.00723004
-0.00810003
-0.00919998
-0.01112
-0.01416
-0.01705
-0.0197699
-0.02241
-0.02503
-0.02772
-0.03049
-0.03338
-0.03641
-0.03958
-0.04291
-0.04643
-0.05011
-0.05401
-0.05812
-0.0624499
-0.0670401
-0.07189
-0.0770099
-0.08244
-0.0882
-0.09429
-0.10075
-0.10761
-0.11488
-0.12261
-0.1308
-0.13951
-0.14876
-0.15859
-0.16904
-0.18014
-0.19195
-0.2045
-0.21785
-0.23205
-0.24716
-0.26324
-0.28033
-0.29853
-0.3179
-0.3385
-0.36045
-0.3838
-0.40866
-0.43513
-0.4633
-0.49332
-0.52525
-0.55928
-0.59554
-0.000678003
-0.001369
-0.00205302
-0.00273699
-0.00342298
-0.00411505
-0.00481898
-0.00553
-0.00627005
-0.00704992
-0.0079
-0.00898004
-0.01089
-0.01395
-0.01685
-0.01957
-0.02219
-0.02479
-0.02745
-0.0302
-0.0330601
-0.0360399
-0.0391901
-0.04248
-0.0459499
-0.0496
-0.05345
-0.05751
-0.0618
-0.06633
-0.07112
-0.0762
-0.08156
-0.08725
-0.0932801
-0.0996599
-0.10645
-0.11364
-0.12128
-0.12938
-0.138
-0.14714
-0.15686
-0.16719
-0.17818
-0.18985
-0.20227
-0.21547
-0.22951
-0.24446
-0.26035
-0.27726
-0.29526
-0.3144
-0.3348
-0.35649
-0.37958
-0.40418
-0.43035
-0.45821
-0.48789
-0.51948
-0.55313
-0.58893
-0.000717998
-0.00137895
-0.00203502
-0.00269002
-0.00334996
-0.00401604
-0.00469297
-0.00537902
-0.00609994
-0.00683999
-0.00766003
-0.00871003
-0.01062
-0.0137
-0.0166
-0.01932
-0.02193
-0.0245
-0.02712
-0.02984
-0.03266
-0.0355999
-0.0387
-0.0419501
-0.04537
-0.04897
-0.05277
-0.05677
-0.061
-0.06547
-0.0702
-0.0751901
-0.08049
-0.0861
-0.0920399
-0.09835
-0.10503
-0.11213
-0.11965
-0.12766
-0.13615
-0.14517
-0.15476
-0.16495
-0.17578
-0.1873
-0.19955
-0.21257
-0.22642
-0.24116
-0.25684
-0.27352
-0.29128
-0.31016
-0.33027
-0.35168
-0.37446
-0.39871
-0.42453
-0.45202
-0.48129
-0.51245
-0.54564
-0.58097
-0.000753999
-0.00138497
-0.00200897
-0.00263602
-0.00326699
-0.003905
-0.00455201
-0.00521201
-0.00588804
-0.00660992
-0.00740004
-0.00840998
-0.0103101
-0.0134
-0.01631
-0.0190301
-0.0216099
-0.02415
-0.0267401
-0.02941
-0.03218
-0.03509
-0.03813
-0.04132
-0.04469
-0.0482301
-0.05196
-0.0559
-0.06005
-0.0644599
-0.0691
-0.07402
-0.0792201
-0.0847399
-0.0905901
-0.0967898
-0.10337
-0.11035
-0.11775
-0.12562
-0.13398
-0.14285
-0.15229
-0.16231
-0.17296
-0.1843
-0.19635
-0.20915
-0.22279
-0.23729
-0.25271
-0.26912
-0.28659
-0.30517
-0.32496
-0.34601
-0.36843
-0.39228
-0.41769
-0.44473
-0.47353
-0.50419
-0.536839
-0.5716
-0.000786006
-0.00138402
-0.00197899
-0.00257397
-0.00317401
-0.00378203
-0.00439698
-0.00502503
-0.00567299
-0.00635296
-0.00710297
-0.00809002
-0.00995004
-0.01306
-0.01599
-0.01869
-0.02124
-0.0237501
-0.0262899
-0.0289201
-0.0316399
-0.03448
-0.0374701
-0.0405999
-0.0439
-0.04737
-0.0510401
-0.05489
-0.05898
-0.06328
-0.06784
-0.07267
-0.07777
-0.08319
-0.08892
-0.095
-0.10146
-0.1083
-0.11556
-0.12329
-0.13148
-0.14019
-0.14945
-0.15928
-0.16974
-0.18085
-0.19267
-0.20524
-0.21862
-0.23284
-0.24797
-0.26408
-0.28121
-0.29945
-0.31886
-0.33951
-0.36151
-0.38491
-0.40984
-0.43637
-0.46463
-0.49471
-0.52674
-0.56085
-0.000813007
-0.00137895
-0.00194001
-0.002505
-0.00307304
-0.00364798
-0.00423098
-0.004825
-0.00543702
-0.00607997
-0.00679702
-0.00773704
-0.00957
-0.0126799
-0.01562
-0.0183001
-0.02082
-0.0232999
-0.0257801
-0.0283599
-0.03101
-0.0338
-0.0367301
-0.03978
-0.04301
-0.04641
-0.04998
-0.0537699
-0.05775
-0.06196
-0.06643
-0.0711401
-0.07614
-0.0814199
-0.0870401
-0.0929899
-0.0992999
-0.10599
-0.11311
-0.12065
-0.12868
-0.13719
-0.14625
-0.15586
-0.1661
-0.17697
-0.18854
-0.20083
-0.21392
-0.22783
-0.24264
-0.2584
-0.27516
-0.293
-0.31198
-0.3322
-0.35372
-0.37661
-0.401
-0.42697
-0.4546
-0.48403
-0.51537
-0.54874
-0.000833988
-0.00136799
-0.00189704
-0.002428
-0.00296402
-0.00350595
-0.00405502
-0.004614
-0.005189
-0.00579399
-0.00647104
-0.00736499
-0.00916296
-0.012271
-0.0152
-0.0178699
-0.02036
-0.0227801
-0.0252199
-0.0277201
-0.0303199
-0.03304
-0.03589
-0.03888
-0.04202
-0.04533
-0.04882
-0.0525
-0.0563899
-0.0605
-0.06484
-0.06945
-0.0743101
-0.0794799
-0.08495
-0.0907501
-0.0969
-0.10344
-0.11037
-0.11774
-0.12555
-0.13386
-0.1427
-0.15208
-0.16206
-0.17266
-0.18395
-0.19594
-0.2087
-0.22228
-0.23672
-0.25209
-0.26844
-0.28585
-0.30436
-0.32409
-0.34507
-0.36741
-0.39119
-0.41652
-0.44348
-0.47219
-0.50276
-0.53531
-0.000850976
-0.001351
-0.00184703
-0.00234497
-0.00284803
-0.00335699
-0.00387102
-0.00439501
-0.004933
-0.00549895
-0.00613403
-0.006984
-0.00873297
-0.011821
-0.014747
-0.01739
-0.01984
-0.02221
-0.02459
-0.02703
-0.02956
-0.0322
-0.03497
-0.03787
-0.0409299
-0.0441401
-0.0475399
-0.05111
-0.0548899
-0.0588901
-0.06311
-0.06759
-0.07231
-0.07734
-0.0826499
-0.0883001
-0.09428
-0.10062
-0.10737
-0.11453
-0.12214
-0.13021
-0.1388
-0.14793
-0.15762
-0.16795
-0.17891
-0.19057
-0.20299
-0.21619
-0.23023
-0.24518
-0.26107
-0.278
-0.29602
-0.31518
-0.33559
-0.35732
-0.38045
-0.40507
-0.43129
-0.45921
-0.488939
-0.52059
-0.000862002
-0.00132698
-0.001791
-0.00225699
-0.00272703
-0.00320202
-0.00368196
-0.00417
-0.00467104
-0.00519699
-0.00579196
-0.006594
-0.00828803
-0.011344
-0.014253
-0.016868
-0.0192701
-0.02159
-0.0238999
-0.02627
-0.02872
-0.03128
-0.03396
-0.03678
-0.03973
-0.04285
-0.04614
-0.0496
-0.0532701
-0.05713
-0.0612299
-0.06555
-0.07015
-0.0750101
-0.08016
-0.0856199
-0.0914199
-0.0975802
-0.10411
-0.11105
-0.11842
-0.12625
-0.13457
-0.14341
-0.15282
-0.16282
-0.17344
-0.18476
-0.19678
-0.20957
-0.22319
-0.23767
-0.25308
-0.26949
-0.28695
-0.30552
-0.32531
-0.34636
-0.36879
-0.39264
-0.41807
-0.44512
-0.47393
-0.50461
-0.000867009
-0.00129902
-0.00172997
-0.00216401
-0.00260103
-0.003043
-0.003488
-0.00394195
-0.00440603
-0.00489396
-0.00544602
-0.00620198
-0.00783104
-0.010839
-0.013722
-0.016303
-0.018659
-0.0209
-0.02315
-0.02544
-0.0278101
-0.03029
-0.0328699
-0.0355901
-0.03845
-0.0414499
-0.04462
-0.04798
-0.0515001
-0.05524
-0.0591899
-0.06338
-0.0678
-0.07249
-0.07748
-0.0827401
-0.0883499
-0.09429
-0.1006
-0.1073
-0.11442
-0.12198
-0.13001
-0.13856
-0.14764
-0.1573
-0.16756
-0.17848
-0.1901
-0.20246
-0.2156
-0.2296
-0.24448
-0.26032
-0.27719
-0.29513
-0.31424
-0.33457
-0.35623
-0.37928
-0.40382
-0.42996
-0.457779
-0.48742
-0.000867009
-0.001266
-0.001665
-0.00206596
-0.00247204
-0.00288099
-0.00329298
-0.003712
-0.00414002
-0.00458997
-0.00510204
-0.00580901
-0.00736797
-0.010313
-0.013156
-0.015695
-0.01799
-0.02017
-0.0223399
-0.0245501
-0.02683
-0.02921
-0.0317
-0.03431
-0.03707
-0.03995
-0.043
-0.0462199
-0.04962
-0.05322
-0.0570099
-0.06103
-0.0653
-0.0698
-0.0746
-0.0796701
-0.08506
-0.0907699
-0.0968502
-0.10329
-0.11014
-0.11741
-0.12515
-0.13337
-0.1421
-0.1514
-0.16127
-0.17178
-0.18296
-0.19486
-0.2075
-0.22096
-0.23529
-0.25053
-0.26676
-0.28402
-0.30241
-0.32198
-0.34281
-0.365
-0.38861
-0.41376
-0.44053
-0.469039
-0.000860989
-0.00122803
-0.00159597
-0.001966
-0.00234002
-0.00271702
-0.003097
-0.00348198
-0.00387502
-0.00428998
-0.00476098
-0.00542003
-0.00690299
-0.009767
-0.012559
-0.015045
-0.017277
-0.019386
-0.021465
-0.0236
-0.0257801
-0.02806
-0.03045
-0.03295
-0.0355799
-0.03836
-0.04127
-0.04436
-0.0476099
-0.0510501
-0.05469
-0.05855
-0.0626199
-0.0669501
-0.07154
-0.0763999
-0.08156
-0.0870401
-0.0928599
-0.09903
-0.10559
-0.11257
-0.11997
-0.12786
-0.13622
-0.14513
-0.1546
-0.16467
-0.17538
-0.18677
-0.1989
-0.2118
-0.22552
-0.24014
-0.25568
-0.27224
-0.28985
-0.30861
-0.32857
-0.34983
-0.37247
-0.39656
-0.42222
-0.44954
-0.000850022
-0.001185
-0.00152296
-0.001863
-0.00220704
-0.00255299
-0.00290102
-0.003254
-0.00361401
-0.00399297
-0.004426
-0.005036
-0.00643897
-0.00920802
-0.011933
-0.014356
-0.016518
-0.018547
-0.020544
-0.022567
-0.02467
-0.0268401
-0.02912
-0.0315
-0.0340101
-0.03666
-0.03944
-0.04238
-0.04549
-0.0487599
-0.05224
-0.05591
-0.05981
-0.06393
-0.0682999
-0.0729401
-0.0778699
-0.0830901
-0.08864
-0.09453
-0.10079
-0.10745
-0.11451
-0.12203
-0.13002
-0.13851
-0.14755
-0.15715
-0.16737
-0.17825
-0.18982
-0.20212
-0.21522
-0.22916
-0.244
-0.25979
-0.2766
-0.29449
-0.31354
-0.33382
-0.35542
-0.37841
-0.40289
-0.42896
-0.000833988
-0.00113899
-0.00144601
-0.00175899
-0.00207204
-0.00238895
-0.002707
-0.00302905
-0.00335699
-0.00370198
-0.004098
-0.00466102
-0.00597996
-0.008636
-0.011282
-0.013631
-0.015715
-0.017657
-0.019563
-0.021492
-0.023482
-0.02555
-0.02771
-0.02997
-0.03236
-0.03487
-0.0375099
-0.04029
-0.0432501
-0.04635
-0.04966
-0.05314
-0.0568299
-0.06075
-0.0649
-0.0693099
-0.07398
-0.07894
-0.0842
-0.0898099
-0.0957401
-0.10206
-0.10878
-0.11591
-0.12349
-0.13156
-0.14014
-0.14926
-0.15897
-0.16929
-0.18027
-0.19196
-0.2044
-0.21763
-0.23173
-0.24671
-0.26267
-0.27967
-0.29775
-0.31702
-0.33751
-0.35935
-0.38259
-0.40734
-0.000811994
-0.00108898
-0.00136799
-0.001652
-0.00193805
-0.00222498
-0.00251597
-0.00280702
-0.00310498
-0.00341803
-0.00377899
-0.00429499
-0.00552702
-0.00805897
-0.010607
-0.012873
-0.014869
-0.016719
-0.018528
-0.020354
-0.022234
-0.024189
-0.02623
-0.02837
-0.03061
-0.0329901
-0.0354799
-0.03811
-0.04089
-0.0438401
-0.04694
-0.05023
-0.05373
-0.05742
-0.06134
-0.0655
-0.06991
-0.07459
-0.0795699
-0.0848601
-0.09047
-0.0964301
-0.10277
-0.10951
-0.11667
-0.12429
-0.13239
-0.14101
-0.15017
-0.15992
-0.1703
-0.18133
-0.19309
-0.20558
-0.21888
-0.23305
-0.24812
-0.26417
-0.28124
-0.29944
-0.3188
-0.33942
-0.36137
-0.38474
-0.000786006
-0.00103498
-0.001288
-0.001544
-0.00180399
-0.00206399
-0.00232601
-0.00259
-0.002859
-0.003142
-0.00346804
-0.00393999
-0.00508302
-0.00747597
-0.00991398
-0.012083
-0.013984
-0.015736
-0.017442
-0.01916
-0.020926
-0.022762
-0.024677
-0.026691
-0.02879
-0.03102
-0.03336
-0.0358299
-0.0384401
-0.0411899
-0.0441201
-0.0472
-0.05048
-0.05395
-0.0576301
-0.06153
-0.06567
-0.0700699
-0.0747401
-0.07969
-0.08497
-0.0905701
-0.0965099
-0.10284
-0.10957
-0.11672
-0.12432
-0.13242
-0.14101
-0.15017
-0.15991
-0.17027
-0.1813
-0.19303
-0.20553
-0.21881
-0.23297
-0.24803
-0.26407
-0.28114
-0.29932
-0.31867
-0.33928
-0.36122
-0.000756979
-0.000977993
-0.00120503
-0.001436
-0.00167
-0.00190401
-0.00213999
-0.00237799
-0.00261801
-0.002873
-0.00316697
-0.00359601
-0.00464904
-0.00689298
-0.00920397
-0.011264
-0.013062
-0.014709
-0.016306
-0.017913
-0.019561
-0.021273
-0.02306
-0.024932
-0.026897
-0.02897
-0.03115
-0.03346
-0.03588
-0.03846
-0.04117
-0.04406
-0.04711
-0.0503401
-0.0537699
-0.05741
-0.06127
-0.06537
-0.06972
-0.07435
-0.07926
-0.08448
-0.0900199
-0.09593
-0.1022
-0.10886
-0.11595
-0.1235
-0.13152
-0.14005
-0.14914
-0.1588
-0.16907
-0.18002
-0.19167
-0.20406
-0.21725
-0.2313
-0.24625
-0.26217
-0.27912
-0.29716
-0.31637
-0.33683
-0.000721991
-0.000919044
-0.00112098
-0.00132698
-0.00153702
-0.00174701
-0.001957
-0.00216895
-0.00238502
-0.00261098
-0.00287604
-0.00326198
-0.004224
-0.006311
-0.00848097
-0.01042
-0.012105
-0.013642
-0.015125
-0.016614
-0.018142
-0.019726
-0.021378
-0.023111
-0.02493
-0.0268471
-0.02886
-0.03099
-0.03324
-0.03561
-0.0381401
-0.04079
-0.04362
-0.04661
-0.04978
-0.05314
-0.05672
-0.0605099
-0.06454
-0.06881
-0.0733601
-0.07819
-0.08331
-0.0887799
-0.0945799
-0.10074
-0.10731
-0.11428
-0.1217
-0.1296
-0.13801
-0.14693
-0.15645
-0.16658
-0.17734
-0.18881
-0.20102
-0.21401
-0.22784
-0.24257
-0.25824
-0.27494
-0.29271
-0.31163
-0.000684023
-0.000855982
-0.00103503
-0.00121796
-0.001405
-0.00159001
-0.00177801
-0.00196499
-0.00215703
-0.00235796
-0.00259203
-0.00293899
-0.00381202
-0.00572997
-0.00774699
-0.00955302
-0.011117
-0.012535
-0.013902
-0.015269
-0.016671
-0.018123
-0.019639
-0.021226
-0.022893
-0.024647
-0.026496
-0.0284451
-0.0305099
-0.03268
-0.03499
-0.03743
-0.04002
-0.04276
-0.0456699
-0.04875
-0.05202
-0.0555
-0.05919
-0.06311
-0.0672801
-0.0717
-0.0764099
-0.0814101
-0.08673
-0.0923799
-0.0984001
-0.10479
-0.11159
-0.11883
-0.12654
-0.13472
-0.14345
-0.15272
-0.1626
-0.17311
-0.1843
-0.19621
-0.20888
-0.22238
-0.23675
-0.25205
-0.26834
-0.28569
-0.000642002
-0.00079
-0.000948012
-0.001109
-0.00127298
-0.001436
-0.00160098
-0.00176603
-0.00193399
-0.00211102
-0.00231797
-0.002626
-0.00340801
-0.00515401
-0.00700301
-0.00866598
-0.0101
-0.011395
-0.012637
-0.013881
-0.015152
-0.01647
-0.017844
-0.019283
-0.020794
-0.022383
-0.02406
-0.025827
-0.027695
-0.029667
-0.0317601
-0.03397
-0.03632
-0.0388
-0.04144
-0.04423
-0.0472
-0.0503501
-0.0537
-0.05726
-0.0610299
-0.06504
-0.0693101
-0.07385
-0.0786699
-0.0837901
-0.08925
-0.09504
-0.10122
-0.10778
-0.11476
-0.12219
-0.13009
-0.13851
-0.14746
-0.15699
-0.16714
-0.17793
-0.18943
-0.20166
-0.21469
-0.22856
-0.24333
-0.25905
-0.00059402
-0.000723004
-0.000858963
-0.00100005
-0.00114095
-0.001284
-0.00142604
-0.001571
-0.00171596
-0.00187004
-0.002051
-0.002321
-0.003016
-0.00457996
-0.00625402
-0.00775999
-0.00905603
-0.010223
-0.011338
-0.012452
-0.01359
-0.01477
-0.015998
-0.017286
-0.018638
-0.02006
-0.021558
-0.02314
-0.02481
-0.026577
-0.028446
-0.0304201
-0.03253
-0.03474
-0.03711
-0.0396
-0.0422601
-0.0450799
-0.0480801
-0.05125
-0.0546399
-0.05823
-0.06204
-0.0661
-0.07042
-0.075
-0.07988
-0.0850699
-0.0906
-0.0964601
-0.10271
-0.10936
-0.11643
-0.12396
-0.13197
-0.14049
-0.14957
-0.15923
-0.16952
-0.18046
-0.19211
-0.20453
-0.21773
-0.2318
-0.000544012
-0.000652969
-0.000769019
-0.00088799
-0.00101101
-0.00113201
-0.00125498
-0.001378
-0.00150299
-0.00163502
-0.00178999
-0.00202405
-0.00263095
-0.00401205
-0.00549799
-0.00683898
-0.00798899
-0.00902104
-0.010006
-0.010987
-0.011989
-0.013027
-0.014108
-0.015241
-0.01643
-0.017681
-0.018999
-0.02039
-0.021861
-0.023414
-0.025059
-0.0268
-0.0286461
-0.030605
-0.0326699
-0.03488
-0.03722
-0.0397
-0.04233
-0.0451299
-0.0481001
-0.0512699
-0.05462
-0.0582
-0.06199
-0.06603
-0.07033
-0.0748899
-0.0797501
-0.08491
-0.09042
-0.0962598
-0.10249
-0.10911
-0.11616
-0.12366
-0.13165
-0.14014
-0.1492
-0.15883
-0.16908
-0.18
-0.19162
-0.204
-0.000490963
-0.000580013
-0.000675976
-0.000777006
-0.000880003
-0.000981033
-0.00108498
-0.00118798
-0.001293
-0.00140405
-0.00153595
-0.00173301
-0.00225401
-0.003447
-0.00473702
-0.00590402
-0.00690198
-0.00779396
-0.00864404
-0.009489
-0.010353
-0.011246
-0.012178
-0.013153
-0.014176
-0.015254
-0.016388
-0.017587
-0.018852
-0.02019
-0.021607
-0.023107
-0.024695
-0.026381
-0.028168
-0.030068
-0.03207
-0.03422
-0.0364799
-0.0389
-0.04145
-0.04418
-0.0470799
-0.05015
-0.0534201
-0.05689
-0.0605999
-0.06453
-0.06871
-0.0731601
-0.0778999
-0.0829401
-0.08829
-0.09401
-0.10007
-0.10653
-0.11341
-0.12073
-0.12852
-0.13682
-0.14564
-0.15505
-0.16505
-0.17571
-0.000433028
-0.000503957
-0.000582993
-0.000663996
-0.000748038
-0.000831008
-0.000916004
-0.000999987
-0.00108498
-0.00117701
-0.00128502
-0.00144899
-0.00188196
-0.00288403
-0.00397301
-0.00495601
-0.00579697
-0.00654501
-0.00725603
-0.00796396
-0.00868601
-0.00943303
-0.010212
-0.011027
-0.011883
-0.012784
-0.013733
-0.014735
-0.015794
-0.016913
-0.018098
-0.019353
-0.020683
-0.022092
-0.023588
-0.025174
-0.026859
-0.0286469
-0.030544
-0.03257
-0.0347
-0.03699
-0.0394
-0.04198
-0.0447199
-0.0476201
-0.05072
-0.05401
-0.0575199
-0.0612301
-0.0652
-0.06941
-0.0738901
-0.0786699
-0.08374
-0.0891501
-0.0949
-0.10103
-0.10754
-0.11447
-0.12187
-0.12972
-0.13809
-0.147
-0.000371993
-0.000425994
-0.000485957
-0.000550032
-0.000615001
-0.000680983
-0.000747025
-0.000813007
-0.000880003
-0.000952005
-0.001037
-0.001167
-0.00151598
-0.00232399
-0.00320297
-0.00399905
-0.00467497
-0.00527698
-0.00584704
-0.00641501
-0.00699198
-0.00759202
-0.00821596
-0.00887001
-0.009556
-0.010278
-0.01104
-0.011844
-0.012693
-0.013592
-0.014542
-0.0155489
-0.016616
-0.017748
-0.018947
-0.020221
-0.021573
-0.023008
-0.024532
-0.026151
-0.027872
-0.029699
-0.031642
-0.03371
-0.0359
-0.03824
-0.04072
-0.04337
-0.04617
-0.04916
-0.05233
-0.05572
-0.05932
-0.06314
-0.06722
-0.07155
-0.07617
-0.0810801
-0.0863
-0.0918701
-0.09779
-0.10409
-0.1108
-0.11795
-0.000307024
-0.000343978
-0.000388026
-0.000433981
-0.000482023
-0.000528991
-0.000577033
-0.000625968
-0.000675976
-0.000728011
-0.000791013
-0.000889003
-0.00115103
-0.00176495
-0.00243104
-0.00303096
-0.00354105
-0.00399196
-0.00442004
-0.00484496
-0.00527799
-0.00572699
-0.00619602
-0.00668699
-0.00720102
-0.00774503
-0.00831598
-0.00892001
-0.00955898
-0.010233
-0.010948
-0.011705
-0.0125059
-0.0133581
-0.014259
-0.015217
-0.016233
-0.017312
-0.0184571
-0.019675
-0.020967
-0.022342
-0.023802
-0.025355
-0.027005
-0.02876
-0.0306249
-0.0326101
-0.0347199
-0.03696
-0.03936
-0.04189
-0.0446
-0.04747
-0.05053
-0.0537801
-0.0572599
-0.06094
-0.06486
-0.0690401
-0.07349
-0.0782199
-0.0832601
-0.0886101
-0.000238001
-0.000259995
-0.000285983
-0.000316024
-0.000346005
-0.000376999
-0.000406981
-0.000437975
-0.000470996
-0.000504017
-0.000546038
-0.000610948
-0.000789046
-0.00120395
-0.00165403
-0.002056
-0.00239497
-0.00269502
-0.00297797
-0.00326002
-0.00354701
-0.00384498
-0.00415701
-0.004484
-0.00482601
-0.00518799
-0.00556904
-0.00597197
-0.00639802
-0.00684798
-0.00732404
-0.00782996
-0.00836599
-0.00893301
-0.00953501
-0.010174
-0.010852
-0.011572
-0.012338
-0.013149
-0.014013
-0.014929
-0.015904
-0.01694
-0.01804
-0.019211
-0.020456
-0.021779
-0.023186
-0.024683
-0.026275
-0.027968
-0.029769
-0.031681
-0.03373
-0.03589
-0.03821
-0.04065
-0.04328
-0.04605
-0.04901
-0.0521699
-0.0555201
-0.05908
-0.000164986
-0.000171006
-0.000182033
-0.000194967
-0.00020802
-0.000222027
-0.000234962
-0.000250041
-0.000263989
-0.000279963
-0.000299037
-0.000333011
-0.000424981
-0.000642002
-0.00087297
-0.00107402
-0.00124103
-0.001387
-0.001526
-0.00166297
-0.00180399
-0.00195104
-0.002105
-0.00226599
-0.002437
-0.00261599
-0.00280702
-0.00300699
-0.00321901
-0.00344396
-0.00368202
-0.00393498
-0.00420105
-0.00448596
-0.00478703
-0.00510496
-0.005445
-0.005804
-0.00618702
-0.00659198
-0.00702304
-0.00748098
-0.007967
-0.00848401
-0.00903201
-0.00961697
-0.010237
-0.010896
-0.011597
-0.012343
-0.013135
-0.013978
-0.014873
-0.015827
-0.01684
-0.017917
-0.019065
-0.020284
-0.021581
-0.02296
-0.024429
-0.025991
-0.027652
-0.029419
-8.79765e-05
-8.0049e-05
-7.39694e-05
-7.09891e-05
-6.69956e-05
-6.40154e-05
-6.09756e-05
-5.80549e-05
-5.59688e-05
-5.29885e-05
-5.20349e-05
-5.19753e-05
-5.90086e-05
-7.70092e-05
-8.60095e-05
-8.69632e-05
-7.99894e-05
-7.30157e-05
-6.59823e-05
-6.00219e-05
-5.40018e-05
-4.8995e-05
-4.50015e-05
-4.20213e-05
-3.99947e-05
-3.60012e-05
-3.49879e-05
-3.3021e-05
-3.20077e-05
-3.09944e-05
-2.89679e-05
-2.90275e-05
-2.70009e-05
-2.70009e-05
-2.59876e-05
-2.40207e-05
-2.39611e-05
-2.19941e-05
-2.00272e-05
-1.90139e-05
-1.69873e-05
-1.40071e-05
-1.09673e-05
-8.04663e-06
-3.99351e-06
1.01328e-06
5.00679e-06
1.19805e-05
1.80006e-05
2.60472e-05
3.49879e-05
4.50015e-05
5.49555e-05
6.80089e-05
8.30293e-05
9.799e-05
0.000114977
0.000135005
0.000156999
0.000182033
0.000207961
0.000239015
0.000271022
0.00030899
-6.97374e-06
1.5974e-05
3.70145e-05
5.70118e-05
7.69794e-05
9.70066e-05
0.000115991
0.000137001
0.000156015
0.000175983
0.000200003
0.000232011
0.000310004
0.000494003
0.00070399
0.000907004
0.001084
0.00124401
0.00139698
0.001546
0.001699
0.001854
0.00201601
0.002184
0.00235999
0.00254402
0.00273699
0.00294101
0.00315699
0.00338301
0.00362399
0.003878
0.00414699
0.00443202
0.00473598
0.00505602
0.00539798
0.00576001
0.006145
0.00655401
0.00698999
0.00745201
0.00794399
0.00846702
0.00902399
0.00961599
0.010247
0.010919
0.011632
0.012393
0.013202
0.014065
0.014982
0.01596
0.017001
0.01811
0.019291
0.020548
0.02189
0.023317
0.0248377
0.0264588
0.0281856
0.0300256
7.79927e-05
0.00011602
0.000151992
0.000187993
0.000225008
0.000261992
0.000299007
0.000335008
0.000371993
0.000409991
0.000455022
0.000520974
0.00068602
0.00106999
0.00150099
0.00190201
0.00224999
0.002563
0.00285801
0.003151
0.00344798
0.003755
0.00407302
0.00440499
0.00475299
0.005119
0.005503
0.005909
0.00633702
0.006789
0.007267
0.00777501
0.008311
0.00887999
0.00948399
0.010125
0.010806
0.011527
0.012296
0.01311
0.013978
0.014899
0.015879
0.016921
0.018029
0.019208
0.020462
0.021797
0.023216
0.024728
0.026336
0.0280479
0.0298702
0.0318099
0.0338752
0.0360741
0.0384147
0.040909
0.043563
0.04639
0.0494
0.052607
0.056023
0.059659
0.000169009
0.000218987
0.000270993
0.000324994
0.000378013
0.000431001
0.000485003
0.000537992
0.000593007
0.000649989
0.000717014
0.000815004
0.001068
0.001654
0.002303
0.0029
0.003416
0.00387698
0.00431499
0.004749
0.00519103
0.00564599
0.00612101
0.00661498
0.007135
0.00768
0.008255
0.00886101
0.00950098
0.010177
0.010893
0.011651
0.012454
0.013306
0.014209
0.015168
0.016185
0.017267
0.018414
0.019634
0.020931
0.022309
0.023774
0.0253326
0.0269891
0.0287515
0.0306263
0.0326207
0.0347427
0.0370011
0.039403
0.041961
0.044683
0.04758
0.050664
0.053948
0.057442
0.061164
0.065125
0.069345
0.073837
0.07862
0.083715
0.089139
0.000263005
0.000326991
0.000396013
0.000465006
0.000534981
0.000606
0.000676006
0.000748008
0.000819981
0.000895023
0.000984997
0.00111797
0.001459
0.00224701
0.00310901
0.00389799
0.00457799
0.00518602
0.00576299
0.006336
0.00692099
0.00752398
0.00815201
0.008809
0.009498
0.010222
0.010985
0.01179
0.01264
0.013539
0.014491
0.015497
0.016566
0.017697
0.018898
0.020172
0.021525
0.022962
0.0244872
0.0261088
0.0278319
0.0296633
0.0316104
0.0336806
0.0358823
0.0382234
0.040715
0.043364
0.046183
0.049182
0.052374
0.05577
0.059384
0.063232
0.067327
0.071686
0.076327
0.081266
0.086526
0.092123
0.0980901
0.10444
0.11119
0.11839
0.000362009
0.000440001
0.000523984
0.000611007
0.000698
0.000784993
0.000874996
0.000963002
0.00105301
0.001149
0.001261
0.00142801
0.00186101
0.00284699
0.003921
0.00489601
0.00573298
0.006484
0.00719801
0.007909
0.00863299
0.00938302
0.010162
0.010979
0.011836
0.012737
0.013686
0.014689
0.015746
0.016866
0.018051
0.019305
0.020634
0.022043
0.0235395
0.0251258
0.0268104
0.0285993
0.0304994
0.0325183
0.0346637
0.0369446
0.039368
0.041946
0.044686
0.047602
0.050702
0.054001
0.057509
0.061242
0.065215
0.069442
0.07394
0.078728
0.083823
0.089248
0.095019
0.10117
0.10771
0.11468
0.12209
0.12999
0.1384
0.14735
0.000465006
0.000558019
0.000657976
0.000761002
0.000865996
0.000973016
0.00107801
0.001185
0.001295
0.00140998
0.00154501
0.00174901
0.00227299
0.00345901
0.00473598
0.005889
0.00688002
0.00776899
0.008616
0.009462
0.010323
0.011216
0.012147
0.01312
0.014142
0.015218
0.016352
0.017548
0.018812
0.020149
0.021564
0.0230623
0.0246503
0.0263343
0.0281205
0.0300162
0.0320285
0.0341654
0.0364355
0.038847
0.041409
0.044134
0.047029
0.050107
0.053381
0.056863
0.060565
0.064504
0.068694
0.073152
0.077896
0.082943
0.088314
0.0940289
0.10012
0.10659
0.11348
0.12082
0.12863
0.13694
0.1458
0.15523
0.16526
0.17594
0.000571996
0.00068
0.000797004
0.000918001
0.00104001
0.001165
0.00128999
0.00141501
0.001544
0.00167999
0.00184
0.00207999
0.00269702
0.00408
0.00555301
0.00687698
0.00801402
0.00903699
0.010014
0.010989
0.011988
0.01302
0.014097
0.015226
0.016412
0.017659
0.018973
0.020362
0.021829
0.0233798
0.0250216
0.0267607
0.0286038
0.0305579
0.032631
0.034831
0.0371662
0.039647
0.04228
0.045079
0.048053
0.051214
0.054573
0.058146
0.061944
0.065984
0.07028
0.074849
0.079711
0.084883
0.090385
0.096237
0.10248
0.1091
0.11616
0.12367
0.13166
0.14018
0.14923
0.15888
0.16915
0.18007
0.19171
0.2041
0.000683993
0.000807017
0.000941008
0.00107899
0.00122198
0.00136399
0.00150803
0.00165299
0.001802
0.001959
0.00214502
0.00242299
0.00313401
0.00470999
0.00637099
0.00785699
0.00913301
0.010283
0.011387
0.012489
0.013619
0.014789
0.016011
0.017292
0.018637
0.020052
0.021546
0.0231227
0.0247882
0.0265501
0.0284151
0.0303907
0.0324843
0.0347043
0.0370596
0.039558
0.042211
0.045029
0.048021
0.051199
0.054578
0.058167
0.061984
0.066041
0.070355
0.074943
0.079822
0.085012
0.090536
0.0964
0.10266
0.1093
0.11638
0.12391
0.13192
0.14045
0.14952
0.15919
0.16947
0.18042
0.19208
0.20448
0.21769
0.23175
0.000799
0.000939012
0.00108999
0.001248
0.00140801
0.00156999
0.00173402
0.001899
0.002069
0.002249
0.00246099
0.00277799
0.003584
0.00534901
0.00718801
0.00882499
0.010232
0.011506
0.01273
0.013956
0.015214
0.016519
0.017882
0.019311
0.020812
0.0223937
0.0240614
0.0258223
0.0276833
0.0296518
0.0317358
0.033943
0.0362827
0.038763
0.041394
0.044187
0.047151
0.050298
0.053642
0.057193
0.060968
0.064978
0.069242
0.073774
0.078594
0.083718
0.089169
0.094965
0.10113
0.1077
0.11467
0.1221
0.13
0.13841
0.14736
0.15689
0.16702
0.17781
0.1893
0.20152
0.21454
0.22839
0.24313
0.25884
0.000919998
0.001075
0.00124398
0.001421
0.00160101
0.00178298
0.001968
0.00215402
0.00234599
0.00254899
0.00278801
0.00314499
0.00404701
0.00599499
0.00800201
0.00977799
0.011309
0.0127
0.01404
0.015387
0.016768
0.018204
0.019705
0.0212778
0.0229325
0.0246754
0.0265137
0.0284548
0.0305068
0.0326772
0.0349748
0.037409
0.039989
0.042724
0.045625
0.048705
0.051973
0.055444
0.05913
0.063046
0.067207
0.071629
0.07633
0.081326
0.08664
0.092293
0.09829
0.10469
0.11149
0.11872
0.12641
0.1346
0.14331
0.15257
0.16244
0.17294
0.18411
0.196
0.20866
0.22213
0.23648
0.25174
0.26799
0.28529
0.00104299
0.001215
0.001404
0.001599
0.0018
0.002004
0.00220901
0.002417
0.00263201
0.002859
0.00312699
0.003525
0.00452299
0.006648
0.008808
0.010714
0.01236
0.013861
0.015313
0.016776
0.018278
0.0198402
0.0214741
0.0231886
0.024992
0.0268921
0.0288965
0.0310135
0.0332514
0.0356186
0.038125
0.040781
0.043594
0.046577
0.049743
0.053101
0.056666
0.060452
0.064472
0.068743
0.073281
0.078105
0.08323
0.08868
0.0944769
0.10063
0.10719
0.11416
0.12156
0.12946
0.13784
0.14677
0.15627
0.16637
0.17712
0.18857
0.20076
0.21371
0.22751
0.2422
0.25784
0.27447
0.29219
0.31105
0.001169
0.001359
0.00156701
0.001784
0.002005
0.00223
0.00245799
0.002689
0.00292701
0.00318
0.00347599
0.00391801
0.00501099
0.007303
0.00960501
0.011629
0.013381
0.014986
0.016547
0.0181184
0.0197383
0.0214232
0.0231864
0.0250376
0.0269854
0.0290382
0.0312041
0.0334924
0.03591
0.03847
0.041178
0.044048
0.04709
0.050314
0.053736
0.057365
0.061219
0.06531
0.069655
0.074272
0.079175
0.084388
0.089927
0.09582
0.10208
0.10873
0.11582
0.12334
0.13136
0.13987
0.14894
0.15859
0.16884
0.17976
0.19138
0.20375
0.2169
0.23091
0.24581
0.26168
0.27857
0.29654
0.31568
0.33604
0.001298
0.001506
0.001735
0.001973
0.002215
0.002463
0.00271301
0.002969
0.00323001
0.00351
0.003839
0.00432199
0.005509
0.00795899
0.010389
0.012517
0.014369
0.016074
0.0177339
0.0194137
0.0211452
0.0229486
0.0248369
0.0268204
0.0289079
0.0311085
0.0334309
0.035884
0.038478
0.041222
0.044127
0.047206
0.050467
0.053925
0.057595
0.061488
0.06562
0.070007
0.074668
0.079617
0.084876
0.090464
0.09641
0.10272
0.10943
0.11657
0.12416
0.13224
0.14082
0.14996
0.15967
0.17001
0.18101
0.19272
0.20517
0.21843
0.23253
0.24754
0.26352
0.28052
0.29863
0.31789
0.33839
0.36022
0.00142801
0.00165799
0.00190601
0.00216499
0.00243101
0.002701
0.002975
0.00325499
0.00354201
0.00385
0.004209
0.004738
0.006017
0.00861201
0.011155
0.013378
0.0153205
0.0171169
0.0188749
0.0206562
0.0224954
0.0244128
0.0264215
0.0285325
0.0307549
0.0330984
0.035571
0.038184
0.040948
0.04387
0.046965
0.050244
0.053719
0.057402
0.061311
0.065458
0.06986
0.074532
0.079496
0.084768
0.090371
0.09632
0.10265
0.10937
0.11652
0.12412
0.13221
0.1408
0.14995
0.15968
0.17002
0.18103
0.19274
0.2052
0.21846
0.23258
0.24759
0.26358
0.28058
0.29869
0.31796
0.33846
0.3603
0.38352
0.00156
0.00181
0.00208001
0.002362
0.00264999
0.00294301
0.003243
0.003547
0.00386199
0.004197
0.00459
0.005161
0.006532
0.00925799
0.011901
0.0142072
0.0162313
0.0181148
0.0199645
0.0218432
0.0237856
0.0258121
0.0279365
0.03017
0.0325218
0.035003
0.03762
0.040388
0.043312
0.046409
0.049685
0.053157
0.056836
0.060738
0.064876
0.069266
0.073927
0.078875
0.08413
0.089715
0.0956399
0.10194
0.10864
0.11576
0.12333
0.13137
0.13993
0.14903
0.15871
0.169
0.17996
0.19161
0.204
0.2172
0.23122
0.24617
0.26205
0.27897
0.29697
0.31613
0.33652
0.35822
0.38132
0.4059
0.00169401
0.00196299
0.00225601
0.00256
0.00287199
0.00319001
0.00351399
0.003845
0.004186
0.004552
0.004977
0.005594
0.0070493
0.00989401
0.0126215
0.0150003
0.0170997
0.019064
0.0210005
0.0229717
0.0250125
0.0271435
0.029379
0.031729
0.034205
0.036817
0.039575
0.042488
0.045569
0.04883
0.052281
0.055938
0.059814
0.063922
0.068281
0.072905
0.077813
0.083024
0.088557
0.09444
0.10068
0.10731
0.11437
0.12186
0.12984
0.1383
0.14732
0.15689
0.16709
0.17793
0.18945
0.20173
0.21477
0.22866
0.24343
0.25915
0.27589
0.29369
0.31264
0.3328
0.35427
0.37711
0.40142
0.42729
0.001825
0.00211801
0.00243299
0.00276
0.003096
0.003438
0.003788
0.004145
0.004515
0.0049099
0.0053694
0.006031
0.00756811
0.0105152
0.0133134
0.015755
0.0179223
0.0199619
0.0219804
0.0240393
0.0261735
0.0284036
0.030745
0.033206
0.035802
0.038538
0.041428
0.044482
0.047712
0.05113
0.054747
0.058581
0.0626431
0.06695
0.071518
0.076365
0.081509
0.086971
0.0927659
0.09893
0.10548
0.11243
0.11982
0.12767
0.13602
0.14491
0.15434
0.16438
0.17506
0.18642
0.19849
0.21135
0.22503
0.23957
0.25505
0.27152
0.28905
0.3077
0.32755
0.34867
0.37116
0.39508
0.42055
0.44765
0.001957
0.002271
0.00261
0.00296
0.003319
0.0036875
0.0040625
0.00444701
0.0048453
0.0052709
0.0057645
0.0064699
0.0080829
0.0111173
0.0139729
0.0164681
0.018697
0.0208065
0.0229018
0.0250435
0.0272664
0.029591
0.032031
0.0346
0.037306
0.040163
0.043178
0.046365
0.049736
0.053303
0.057078
0.061079
0.065319
0.069813
0.07458
0.079639
0.085006
0.090707
0.09676
0.10318
0.11001
0.11727
0.12498
0.13317
0.14189
0.15115
0.161
0.17147
0.18261
0.19445
0.20706
0.22047
0.23473
0.2499
0.26605
0.28323
0.30151
0.32097
0.34167
0.36371
0.38715
0.4121
0.43867
0.46692
0.0020854
0.0024235
0.0027842
0.0031584
0.0035422
0.0039347
0.004336
0.0047477
0.00517491
0.0056311
0.0061591
0.0069073
0.0085896
0.0116961
0.0145967
0.0171372
0.0194216
0.0215959
0.0237629
0.0259827
0.028289
0.030702
0.033237
0.035905
0.038718
0.041686
0.044821
0.048134
0.051637
0.055344
0.05927
0.063427
0.067835
0.072506
0.077461
0.082718
0.088299
0.09422
0.10051
0.10719
0.11428
0.12182
0.12984
0.13835
0.14741
0.15703
0.16726
0.17814
0.18972
0.20203
0.21512
0.22905
0.24387
0.25964
0.2764
0.29426
0.31325
0.33346
0.35497
0.37785
0.40222
0.42813
0.45572
0.48508
0.002211
0.0025726
0.0029563
0.0033536
0.0037615
0.0041787
0.0046058
0.0050448
0.0055008
0.0059877
0.0065496
0.0073391
0.0090838
0.0122471
0.0151818
0.0177603
0.0200944
0.0223285
0.0245625
0.0268553
0.029239
0.031736
0.034359
0.037121
0.040034
0.043106
0.046353
0.049783
0.053412
0.057251
0.061315
0.065622
0.070185
0.075023
0.080153
0.085597
0.0913709
0.0975101
0.10402
0.11093
0.11828
0.12608
0.13438
0.1432
0.15257
0.16253
0.17312
0.18439
0.19637
0.20911
0.22267
0.23708
0.25242
0.26874
0.2861
0.30458
0.32423
0.34515
0.3674
0.3911
0.4163
0.44313
0.47168
0.50206
0.0023325
0.00271749
0.0031238
0.003544
0.0039753
0.004417
0.0048695
0.0053354
0.0058197
0.006337
0.0069321
0.007761
0.00956056
0.0127665
0.0157255
0.0183356
0.0207144
0.0230031
0.0252992
0.027659
0.030117
0.03269
0.035396
0.038246
0.04125
0.044422
0.047771
0.051311
0.055056
0.059018
0.063213
0.067656
0.072366
0.077357
0.082652
0.088266
0.0942301
0.10056
0.10727
0.11441
0.12199
0.13004
0.1386
0.1477
0.15736
0.16764
0.17857
0.19019
0.20255
0.21569
0.22967
0.24454
0.26037
0.27719
0.29511
0.31415
0.33444
0.356
0.37897
0.40339
0.42939
0.45706
0.4865
0.517829
0.0024488
0.0028569
0.0032853
0.0037276
0.0041816
0.0046469
0.0051243
0.0056163
0.0061282
0.0066752
0.00730226
0.00816834
0.010015
0.0132507
0.0162257
0.0188618
0.0212803
0.0236191
0.025972
0.028395
0.030919
0.033564
0.036347
0.039276
0.042367
0.045628
0.049074
0.052715
0.056567
0.060643
0.064957
0.069528
0.074371
0.079505
0.084951
0.090726
0.0968599
0.10336
0.11028
0.11761
0.1254
0.13369
0.14248
0.15184
0.16178
0.17235
0.18358
0.19553
0.20824
0.22175
0.23613
0.25141
0.26768
0.28499
0.30339
0.32299
0.34382
0.36601
0.38961
0.41472
0.44145
0.46988
0.50015
0.53235
0.0025591
0.0029895
0.003439
0.0039024
0.0043781
0.0048659
0.0053671
0.0058842
0.00642277
0.00699801
0.00765575
0.00855607
0.0104423
0.0136963
0.0166808
0.019338
0.0217918
0.0241762
0.026581
0.02906
0.031646
0.034357
0.037209
0.040212
0.043381
0.046726
0.050258
0.053992
0.057942
0.062121
0.066545
0.071232
0.076198
0.081463
0.087049
0.09296
0.09926
0.10592
0.11301
0.12053
0.12852
0.137
0.14603
0.15562
0.1658
0.17664
0.18816
0.2004
0.21342
0.22728
0.24201
0.25768
0.27436
0.29209
0.31095
0.33104
0.3524
0.37512
0.39932
0.42505
0.45244
0.48158
0.5126
0.54559
0.0026625
0.0031139
0.0035831
0.0040665
0.0045623
0.0050714
0.00559483
0.0061356
0.00669942
0.00730145
0.0079878
0.0089194
0.0108377
0.0141007
0.0170892
0.0197637
0.0222487
0.024673
0.027125
0.029656
0.032298
0.035067
0.037982
0.041052
0.044292
0.047711
0.051323
0.05514
0.059178
0.063451
0.067975
0.072765
0.0778421
0.083225
0.088927
0.09499
0.10141
0.10823
0.11547
0.12316
0.13132
0.14
0.14922
0.15902
0.16943
0.18051
0.19227
0.20479
0.21811
0.23225
0.24732
0.26333
0.28036
0.29849
0.31777
0.33829
0.36012
0.38334
0.40806
0.43436
0.46235
0.49212
0.52381
0.55754
0.0027579
0.0032287
0.0037162
0.0042175
0.004732
0.00526041
0.00580453
0.00636717
0.00695429
0.0075812
0.0082938
0.0092533
0.0111971
0.0144616
0.0174501
0.0201381
0.022651
0.025111
0.027605
0.030181
0.032872
0.035695
0.038666
0.041795
0.045098
0.048583
0.052266
0.0561571
0.060275
0.06463
0.069241
0.074126
0.0793
0.084787
0.090605
0.0967799
0.10332
0.11028
0.11765
0.12549
0.13382
0.14265
0.15206
0.16204
0.17265
0.18394
0.19593
0.20869
0.22225
0.23668
0.25203
0.26834
0.2857
0.30418
0.32382
0.34473
0.36697
0.39064
0.41583
0.44262
0.47114
0.50149
0.53377
0.56812
0.0028446
0.0033327
0.0038363
0.0043535
0.00488459
0.00543048
0.00599309
0.00657554
0.0071838
0.0078331
0.0085693
0.0095532
0.0115164
0.014777
0.0177631
0.0204621
0.022998
0.02549
0.02802
0.030636
0.033371
0.036239
0.039259
0.042441
0.045797
0.049342
0.053085
0.057043
0.061227
0.065656
0.070344
0.07531
0.0805711
0.086152
0.09206
0.09833
0.10499
0.11206
0.11956
0.12752
0.13599
0.14497
0.15452
0.16468
0.17546
0.18693
0.19912
0.21208
0.22587
0.24054
0.25612
0.27271
0.29036
0.30913
0.32909
0.35035
0.37294
0.397
0.42259
0.44983
0.4788
0.50964
0.54245
0.57735
0.0029218
0.00342444
0.00394162
0.00447258
0.00501789
0.00557887
0.0061577
0.0067575
0.0073844
0.0080533
0.0088102
0.0098147
0.0117924
0.0150457
0.0180273
0.020736
0.023291
0.02581
0.02837
0.031021
0.033792
0.0367
0.039762
0.042987
0.046392
0.049985
0.053781
0.057793
0.062037
0.066527
0.071281
0.076315
0.08165
0.087304
0.0933
0.09966
0.10641
0.11357
0.12118
0.12925
0.13783
0.14694
0.15662
0.16691
0.17785
0.18947
0.20183
0.21497
0.22895
0.24381
0.25961
0.27643
0.29431
0.31334
0.33358
0.35511
0.37803
0.4024
0.42834
0.45595
0.48532
0.516571
0.54982
0.585199
0.00298837
0.00350262
0.00403064
0.0045727
0.00512981
0.0057034
0.0062958
0.0069102
0.0075529
0.0082385
0.0090126
0.0100341
0.0120221
0.0152665
0.0182441
0.020959
0.02353
0.02607
0.028657
0.031336
0.034137
0.037077
0.040173
0.043436
0.046878
0.050513
0.054351
0.05841
0.062701
0.067242
0.072049
0.077141
0.082536
0.088257
0.09431
0.10075
0.10757
0.11482
0.12251
0.13067
0.13934
0.14856
0.15834
0.16875
0.17981
0.19156
0.20406
0.21734
0.23147
0.2465
0.26248
0.27948
0.29756
0.31679
0.33726
0.35904
0.38219
0.40685
0.43306
0.46098
0.49067
0.52226
0.555881
0.59164
0.00304355
0.00356578
0.00410169
0.00465217
0.00521845
0.005802
0.0064053
0.0070315
0.0076866
0.0083856
0.0091736
0.0102082
0.0122031
0.0154388
0.0184124
0.021132
0.023715
0.026273
0.02888
0.03158
0.034405
0.037371
0.040494
0.043785
0.047257
0.050924
0.054796
0.058889
0.063219
0.0678
0.072649
0.077785
0.083226
0.088993
0.0951099
0.1016
0.10848
0.11579
0.12354
0.13178
0.14052
0.14982
0.15969
0.17018
0.18134
0.19319
0.20579
0.2192
0.23344
0.2486
0.26471
0.28186
0.3001
0.31949
0.34013
0.36209
0.38545
0.41031
0.43675
0.4649
0.49484
0.5267
0.560599
0.596681
0.00308599
0.00361242
0.00415332
0.00470961
0.0052824
0.0058734
0.0064845
0.0071193
0.0077837
0.0084925
0.0092903
0.0103345
0.0123337
0.015562
0.018533
0.021255
0.023848
0.026418
0.029038
0.031755
0.034597
0.037581
0.040723
0.044035
0.047528
0.051218
0.055114
0.059234
0.063589
0.068199
0.073078
0.078246
0.083721
0.08952
0.09568
0.10221
0.10913
0.11648
0.12429
0.13257
0.14137
0.15072
0.16065
0.17122
0.18243
0.19435
0.20704
0.22052
0.23485
0.25011
0.26631
0.28356
0.30191
0.32143
0.34218
0.36428
0.38778
0.41279
0.43939
0.4677
0.49783
0.52987
0.56399
0.60027
0.00311375
0.00364106
0.00418447
0.0047442
0.0053211
0.0059164
0.0065326
0.0071725
0.0078426
0.0085573
0.0093613
0.0104112
0.0124127
0.0156371
0.018604
0.02133
0.023927
0.026505
0.029133
0.031861
0.034712
0.037707
0.040861
0.044185
0.047692
0.051394
0.055306
0.059441
0.063812
0.06844
0.073336
0.078523
0.084019
0.089846
0.09602
0.10257
0.10952
0.1169
0.12473
0.13305
0.14188
0.15127
0.16123
0.17183
0.18309
0.19506
0.20778
0.22132
0.2357
0.251
0.26728
0.28459
0.303
0.32258
0.34342
0.3656
0.38917
0.41428
0.44097
0.46939
0.49962
0.53178
0.56602
0.60242
0.00312369
0.00365086
0.00419505
0.0047559
0.0053341
0.005931
0.0065488
0.0071906
0.0078625
0.0085793
0.0093853
0.0104371
0.0124395
0.0156623
0.018628
0.021355
0.023955
0.026533
0.029166
0.031896
0.034751
0.03775
0.040908
0.044235
0.047747
0.051454
0.05537
0.059511
0.063887
0.0685199
0.073424
0.078617
0.084118
0.089949
0.09614
0.10269
0.10966
0.11704
0.12488
0.1332
0.14206
0.15144
0.16143
0.17204
0.18331
0.19529
0.20803
0.22159
0.23598
0.25131
0.2676
0.28492
0.30337
0.32297
0.34383
0.36603
0.38964
0.41477
0.4415
0.46995
0.50021
0.53242
0.56669
0.60314
0.00311425
0.00364158
0.00418505
0.0047447
0.0053217
0.005917
0.0065331
0.0071732
0.0078433
0.008558
0.0093621
0.010412
0.0124136
0.0156377
0.018605
0.021331
0.023929
0.026506
0.029135
0.031861
0.034714
0.037709
0.040862
0.044187
0.047693
0.051397
0.055308
0.059442
0.063815
0.068442
0.073338
0.078526
0.084021
0.089844
0.09603
0.10257
0.10952
0.11691
0.12473
0.13305
0.14189
0.15126
0.16124
0.17183
0.18309
0.19506
0.20779
0.22131
0.23571
0.251
0.26728
0.28459
0.30299
0.32259
0.34342
0.36558
0.38918
0.41427
0.44097
0.46938
0.4996
0.53178
0.566
0.60241
0.003087
0.00361345
0.00415437
0.00471072
0.0052835
0.0058745
0.0064858
0.0071206
0.007785
0.0084939
0.0092918
0.0103361
0.0123355
0.0155644
0.018534
0.021258
0.02385
0.02642
0.029041
0.031758
0.0346
0.037584
0.040726
0.044038
0.047532
0.051222
0.055118
0.059238
0.063594
0.068203
0.073083
0.078251
0.083726
0.089525
0.09569
0.10221
0.10913
0.11649
0.12429
0.13258
0.14138
0.15072
0.16066
0.17122
0.18243
0.19436
0.20704
0.22052
0.23486
0.2501
0.26632
0.28356
0.30191
0.32142
0.34218
0.36427
0.38777
0.41277
0.43938
0.46769
0.49781
0.52986
0.56395
0.60025
0.00304505
0.00356731
0.00410326
0.00465378
0.00522004
0.0058038
0.0064071
0.0070334
0.0076886
0.0083877
0.0091758
0.0102106
0.0122058
0.0154418
0.0184157
0.021135
0.023719
0.026277
0.028883
0.031584
0.03441
0.037376
0.040498
0.04379
0.047263
0.050929
0.054802
0.058896
0.063225
0.067807
0.072655
0.077792
0.083234
0.089007
0.0951101
0.10161
0.10849
0.11579
0.12355
0.13179
0.14053
0.14983
0.1597
0.17019
0.18134
0.19319
0.2058
0.2192
0.23345
0.2486
0.26471
0.28186
0.30009
0.31949
0.34012
0.36208
0.38544
0.41029
0.43673
0.46487
0.49482
0.52667
0.56056
0.596641
0.00299036
0.00350464
0.00403271
0.00457483
0.005132
0.0057057
0.0062982
0.0069127
0.0075555
0.0082412
0.0090156
0.0100373
0.0120256
0.0152704
0.0182486
0.020963
0.023535
0.026075
0.028662
0.031341
0.034143
0.037083
0.04018
0.043443
0.046885
0.05052
0.054359
0.058418
0.06271
0.067251
0.072058
0.077151
0.082545
0.0882601
0.09433
0.10076
0.10758
0.11483
0.12252
0.13068
0.13935
0.14857
0.15835
0.16876
0.17982
0.19157
0.20406
0.21735
0.23147
0.2465
0.26248
0.27948
0.29755
0.31679
0.33725
0.35902
0.38218
0.40682
0.43305
0.46094
0.49063
0.52222
0.55583
0.59159
0.0029242
0.003427
0.00394418
0.00447521
0.00502061
0.0055817
0.0061607
0.0067605
0.0073876
0.0080567
0.0088139
0.0098185
0.0117968
0.0150506
0.0180332
0.020741
0.023297
0.025815
0.028377
0.031028
0.033799
0.036708
0.03977
0.042996
0.0464
0.049994
0.053791
0.057804
0.062048
0.066538
0.071292
0.076328
0.081662
0.087315
0.09331
0.0996801
0.10642
0.11359
0.12119
0.12926
0.13784
0.14696
0.15663
0.16692
0.17786
0.18948
0.20184
0.21498
0.22895
0.24381
0.25961
0.27643
0.2943
0.31333
0.33357
0.35509
0.37801
0.40237
0.42832
0.45591
0.48527
0.51651
0.54977
0.58513
0.0028475
0.0033357
0.0038393
0.00435663
0.0048878
0.00543381
0.00599655
0.00657911
0.0071876
0.0078371
0.0085736
0.0095577
0.0115217
0.0147828
0.0177693
0.0204696
0.023004
0.025497
0.028028
0.030645
0.033379
0.036248
0.039268
0.042451
0.045809
0.049352
0.053098
0.057054
0.061241
0.065669
0.070358
0.075324
0.080586
0.086163
0.09208
0.0983499
0.10501
0.11207
0.11957
0.12754
0.136
0.14499
0.15454
0.16469
0.17547
0.18694
0.19913
0.21209
0.22588
0.24053
0.25613
0.27271
0.29035
0.30911
0.32908
0.35033
0.37292
0.39696
0.42256
0.44978
0.47875
0.50957
0.54238
0.57727
0.0027613
0.0032321
0.0037197
0.004221
0.0047357
0.00526423
0.00580848
0.00637131
0.00695868
0.0075857
0.0082987
0.0092584
0.011203
0.0144683
0.0174574
0.0201459
0.022659
0.02512
0.027613
0.030192
0.032881
0.035706
0.038677
0.041807
0.04511
0.048596
0.052279
0.056173
0.060289
0.064645
0.069258
0.074142
0.079318
0.084805
0.090618
0.0968
0.10334
0.1103
0.11767
0.12551
0.13383
0.14268
0.15207
0.16205
0.17267
0.18395
0.19595
0.20869
0.22226
0.23669
0.25202
0.26834
0.28569
0.30416
0.32381
0.34471
0.36694
0.3906
0.41578
0.44257
0.47108
0.50141
0.53369
0.568029
0.0026663
0.0031177
0.0035871
0.0040704
0.0045665
0.0050756
0.00559929
0.00614021
0.00670423
0.00730647
0.0079932
0.0089252
0.0108443
0.0141083
0.0170974
0.0197725
0.0222575
0.024683
0.027136
0.029667
0.032308
0.03508
0.037994
0.041066
0.044306
0.047726
0.051338
0.055157
0.059195
0.063469
0.067993
0.072784
0.077862
0.083244
0.08895
0.0950099
0.10143
0.10825
0.11549
0.12318
0.13134
0.14002
0.14924
0.15904
0.16945
0.18052
0.19229
0.2048
0.21811
0.23226
0.24731
0.26333
0.28035
0.29848
0.31775
0.33826
0.36009
0.3833
0.40801
0.4343
0.46227
0.49204
0.52372
0.55743
0.0025634
0.0029937
0.0034432
0.0039069
0.0043826
0.0048706
0.005372
0.0058892
0.00642803
0.00700354
0.0076616
0.00856243
0.0104494
0.0137048
0.01669
0.0193478
0.0218022
0.0241869
0.026592
0.029073
0.031659
0.03437
0.037223
0.040228
0.043397
0.046742
0.050275
0.054011
0.057961
0.062141
0.066566
0.071253
0.07622
0.081485
0.0870709
0.09299
0.09928
0.10594
0.11303
0.12056
0.12854
0.13703
0.14605
0.15563
0.16583
0.17665
0.18817
0.20041
0.21344
0.22728
0.24201
0.25768
0.27434
0.29207
0.31094
0.331
0.35236
0.37508
0.39926
0.42498
0.45236
0.48149
0.5125
0.54547
0.0024534
0.0028615
0.00329
0.0037324
0.0041865
0.004652
0.0051295
0.0056218
0.0061339
0.0066811
0.00730854
0.00817513
0.0100227
0.0132599
0.016236
0.0188726
0.0212918
0.0236315
0.025985
0.028408
0.030933
0.033579
0.036362
0.039294
0.042384
0.045647
0.049093
0.052735
0.056588
0.060665
0.06498
0.069551
0.074395
0.079531
0.084976
0.090753
0.0968801
0.10339
0.1103
0.11764
0.12543
0.13371
0.14251
0.15186
0.1618
0.17236
0.1836
0.19555
0.20824
0.22176
0.23612
0.25141
0.26767
0.28497
0.30337
0.32295
0.34379
0.36595
0.38955
0.41465
0.44136
0.46978
0.50003
0.53222
0.0023375
0.0027225
0.0031288
0.0035492
0.0039805
0.0044224
0.0048752
0.0053412
0.0058257
0.0063433
0.0069387
0.0077683
0.00956881
0.0127765
0.0157366
0.0183475
0.0207269
0.0230163
0.0253128
0.027675
0.030131
0.032707
0.035414
0.038263
0.04127
0.044442
0.047792
0.051334
0.055079
0.059042
0.063237
0.067683
0.072391
0.077385
0.08268
0.0882919
0.09426
0.10059
0.1073
0.11444
0.12202
0.13007
0.13862
0.14772
0.15738
0.16766
0.17859
0.1902
0.20256
0.2157
0.22967
0.24454
0.26035
0.27717
0.29508
0.31412
0.33439
0.35595
0.37889
0.40332
0.42929
0.45695
0.48637
0.51769
0.0022163
0.002578
0.00296161
0.00335909
0.00376701
0.0041845
0.0046117
0.005051
0.0055071
0.0059943
0.0065566
0.0073467
0.0090925
0.0122578
0.0151937
0.0177732
0.0201081
0.0223428
0.0245777
0.0268705
0.029257
0.031753
0.034378
0.037141
0.040055
0.043128
0.046376
0.049807
0.053437
0.057276
0.061343
0.06565
0.070214
0.075052
0.080183
0.085627
0.0914081
0.09753
0.10405
0.11097
0.11831
0.12611
0.13441
0.14322
0.15259
0.16255
0.17315
0.1844
0.19638
0.20912
0.22266
0.23708
0.25241
0.26872
0.28607
0.30453
0.32419
0.34508
0.36734
0.391
0.41621
0.44301
0.47154
0.5019
0.002091
0.0024292
0.0027898
0.0031642
0.0035481
0.0039407
0.0043422
0.0047541
0.00518151
0.0056381
0.0061663
0.0069152
0.0085988
0.0117073
0.0146095
0.017151
0.0194362
0.0216114
0.0237793
0.0259999
0.0283074
0.030721
0.033257
0.035927
0.03874
0.04171
0.044845
0.04816
0.051664
0.055372
0.059299
0.063458
0.067865
0.072538
0.077493
0.082751
0.088335
0.09425
0.10054
0.10722
0.11432
0.12185
0.12987
0.13838
0.14743
0.15705
0.16728
0.17817
0.18973
0.20203
0.21512
0.22905
0.24385
0.25961
0.27638
0.29422
0.31319
0.3334
0.35488
0.37777
0.4021
0.428
0.45558
0.48491
0.001963
0.002277
0.002615
0.002966
0.003326
0.0036938
0.0040689
0.0044536
0.0048523
0.005278
0.005772
0.0064779
0.0080924
0.0111292
0.0139865
0.0164828
0.0187126
0.0208231
0.0229192
0.025062
0.0272858
0.0296109
0.032053
0.034623
0.03733
0.040188
0.043204
0.046393
0.049765
0.053333
0.057109
0.061112
0.065351
0.069847
0.074615
0.079674
0.085042
0.090738
0.0968
0.10321
0.11005
0.1173
0.12501
0.13321
0.14191
0.15117
0.16102
0.17149
0.18262
0.19447
0.20706
0.22046
0.23471
0.24988
0.26602
0.28318
0.30146
0.3209
0.34158
0.3636
0.38704
0.41197
0.43851
0.46674
0.00183101
0.002124
0.002439
0.002767
0.003102
0.003445
0.003794
0.004152
0.004522
0.0049176
0.0053771
0.0060392
0.007578
0.0105276
0.0133276
0.0157705
0.017939
0.0199795
0.0219989
0.0240589
0.0261942
0.0284259
0.030767
0.033231
0.035827
0.038565
0.041456
0.044512
0.047742
0.051162
0.05478
0.058615
0.062678
0.066986
0.071555
0.076402
0.081547
0.087008
0.092811
0.0989701
0.10551
0.11246
0.11985
0.12771
0.13605
0.14493
0.15436
0.1644
0.17508
0.18642
0.1985
0.21134
0.22501
0.23954
0.25502
0.27147
0.28899
0.30763
0.32746
0.34856
0.37104
0.39494
0.42038
0.44746
0.0017
0.00197001
0.00226299
0.00256599
0.00287901
0.003196
0.003521
0.003852
0.004194
0.004558
0.004985
0.005602
0.0070603
0.0099068
0.0126365
0.0150167
0.0171172
0.0190826
0.0210201
0.0229925
0.0250343
0.0271665
0.0294025
0.031755
0.034232
0.036846
0.039604
0.042519
0.045602
0.048863
0.052316
0.055975
0.05985
0.063961
0.068319
0.072945
0.077853
0.083064
0.088601
0.09447
0.10072
0.10735
0.11441
0.12189
0.12987
0.13833
0.14734
0.15692
0.1671
0.17793
0.18946
0.20171
0.21476
0.22863
0.2434
0.2591
0.27582
0.29362
0.31254
0.33269
0.35413
0.37696
0.40124
0.4271
0.00156701
0.001816
0.002087
0.002368
0.002657
0.00295
0.00325
0.003554
0.00387
0.004205
0.00459699
0.00517
0.006542
0.00927199
0.011916
0.0142243
0.0162498
0.0181343
0.0199851
0.021865
0.0238086
0.0258363
0.0279622
0.0301969
0.0325505
0.035032
0.037652
0.04042
0.043347
0.046443
0.049722
0.053195
0.056876
0.060777
0.064917
0.069308
0.073969
0.078917
0.084171
0.0897499
0.09568
0.10199
0.10867
0.1158
0.12336
0.1314
0.13995
0.14905
0.15873
0.16901
0.17996
0.1916
0.20399
0.21716
0.23119
0.24611
0.26199
0.27889
0.29687
0.31601
0.33638
0.35806
0.38114
0.40569
0.00143501
0.001664
0.001913
0.00217199
0.00243801
0.002708
0.00298199
0.003262
0.00355001
0.003858
0.004217
0.004746
0.006028
0.008625
0.011172
0.013396
0.0153394
0.0171373
0.0188964
0.0206791
0.0225195
0.0244381
0.0264484
0.0285606
0.0307846
0.0331296
0.035604
0.038218
0.040983
0.043907
0.047004
0.050284
0.053759
0.057445
0.061354
0.065501
0.069903
0.074576
0.07954
0.084811
0.0904151
0.09636
0.10269
0.1094
0.11656
0.12415
0.13224
0.14082
0.14996
0.15969
0.17002
0.18102
0.19272
0.20518
0.21842
0.23252
0.24753
0.26349
0.28048
0.29856
0.31782
0.33829
0.3601
0.38331
0.001305
0.001513
0.00174201
0.00197899
0.002223
0.00247
0.002721
0.002975
0.00323901
0.003518
0.00384599
0.00433001
0.005521
0.007972
0.010406
0.012536
0.014389
0.016094
0.0177572
0.0194375
0.0211704
0.0229751
0.0248648
0.0268498
0.0289389
0.031141
0.0334653
0.035919
0.038515
0.041261
0.044168
0.047246
0.05051
0.053969
0.057639
0.061533
0.065666
0.070053
0.074713
0.079662
0.084921
0.090506
0.09645
0.10276
0.10946
0.11661
0.12419
0.13225
0.14084
0.14997
0.15967
0.17001
0.18099
0.19269
0.20512
0.21837
0.23246
0.24745
0.26342
0.28039
0.29848
0.31771
0.3382
0.35999
0.001176
0.001367
0.00157399
0.001791
0.002012
0.00223701
0.00246499
0.00269699
0.00293401
0.003188
0.00348499
0.00392601
0.00502199
0.00731701
0.00962199
0.011648
0.013401
0.015009
0.01657
0.0181434
0.0197643
0.0214507
0.0232154
0.0250682
0.0270176
0.029072
0.0312395
0.0335289
0.035949
0.03851
0.04122
0.044091
0.047134
0.05036
0.053781
0.057413
0.061266
0.065358
0.069702
0.074318
0.079222
0.0844319
0.0899681
0.0958599
0.10211
0.10877
0.11585
0.12336
0.13138
0.13988
0.14894
0.15858
0.16882
0.17973
0.19134
0.20369
0.21682
0.23082
0.2457
0.26155
0.27841
0.29637
0.31547
0.3358
0.00105
0.001223
0.00141001
0.00160699
0.001808
0.00201
0.00221699
0.002425
0.00263901
0.002867
0.003135
0.003534
0.00453299
0.00666301
0.008826
0.010733
0.012381
0.013884
0.015338
0.016801
0.018305
0.0198686
0.0215042
0.0232203
0.0250253
0.026927
0.0289332
0.0310519
0.0332915
0.03566
0.038169
0.040824
0.04364
0.046624
0.049791
0.053149
0.056716
0.060501
0.064521
0.068791
0.073329
0.07815
0.083275
0.088721
0.094517
0.10066
0.10722
0.11418
0.12159
0.12946
0.13785
0.14676
0.15624
0.16634
0.17708
0.18851
0.20068
0.21362
0.22739
0.24207
0.25767
0.27429
0.29198
0.3108
0.000926971
0.001082
0.00125203
0.00142798
0.00160801
0.001791
0.001975
0.00216198
0.00235401
0.002556
0.00279701
0.003153
0.004058
0.00601
0.00802
0.00979801
0.011331
0.012723
0.014065
0.015413
0.016797
0.018233
0.019735
0.0213111
0.0229669
0.0247115
0.0265515
0.0284944
0.030548
0.0327201
0.0350195
0.037455
0.040036
0.042772
0.045675
0.048755
0.052023
0.055495
0.059181
0.063095
0.067256
0.071677
0.076375
0.081369
0.086679
0.092328
0.09833
0.10471
0.1115
0.11873
0.12641
0.13459
0.14329
0.15255
0.16239
0.17288
0.18403
0.1959
0.20854
0.22199
0.23631
0.25155
0.26777
0.28504
0.000807017
0.000945985
0.00109699
0.00125501
0.00141501
0.001578
0.00174201
0.00190699
0.00207698
0.00225702
0.00246799
0.00278699
0.00359401
0.005364
0.00720699
0.008845
0.010255
0.01153
0.012755
0.013984
0.015242
0.01655
0.017913
0.019344
0.020848
0.0224307
0.0241003
0.025863
0.0277257
0.029696
0.0317814
0.0339902
0.0363307
0.038813
0.041445
0.044238
0.047203
0.050351
0.053694
0.057244
0.061018
0.0650271
0.069288
0.073818
0.078634
0.083755
0.0892
0.0949889
0.10115
0.10771
0.11467
0.12209
0.12998
0.13838
0.14731
0.15682
0.16694
0.17772
0.18917
0.20138
0.21437
0.22819
0.24291
0.25858
0.000690997
0.000815004
0.000948012
0.00108698
0.00122902
0.001371
0.00151598
0.001661
0.001809
0.001968
0.00215301
0.00243101
0.00314501
0.00472498
0.00639001
0.00787699
0.00915602
0.010308
0.011413
0.012517
0.013648
0.01482
0.016044
0.017326
0.018673
0.020091
0.021585
0.0231645
0.0248316
0.0265954
0.028462
0.030439
0.0325341
0.0347553
0.0371111
0.039611
0.042265
0.045082
0.048074
0.051252
0.054629
0.058218
0.062031
0.066086
0.070397
0.07498
0.079854
0.085037
0.090552
0.09642
0.10265
0.1093
0.11635
0.12388
0.13187
0.14038
0.14945
0.15908
0.16935
0.18027
0.1919
0.20429
0.21746
0.23148
0.000580013
0.000687003
0.000804991
0.000925004
0.001048
0.00117201
0.001297
0.001423
0.00155199
0.001688
0.00184801
0.00208798
0.00270802
0.00409499
0.00557202
0.00689799
0.008037
0.00906199
0.010041
0.011018
0.012017
0.013051
0.014131
0.015262
0.016448
0.017698
0.019015
0.020404
0.021873
0.0234261
0.0250696
0.0268101
0.0286546
0.0306101
0.0326843
0.0348849
0.0372213
0.039701
0.042335
0.045133
0.048105
0.051265
0.054622
0.058192
0.061987
0.066021
0.070312
0.074876
0.079731
0.084893
0.090387
0.096231
0.10245
0.10907
0.11611
0.1236
0.13158
0.14007
0.14911
0.15873
0.16897
0.17986
0.19148
0.20383
0.000473022
0.000564992
0.000665009
0.000768989
0.000873983
0.00098002
0.001086
0.00119299
0.001302
0.00141799
0.001553
0.00175801
0.00228301
0.003474
0.00475499
0.00591001
0.00690401
0.00779501
0.008643
0.00948998
0.010354
0.011249
0.01218
0.013156
0.01418
0.015257
0.016394
0.017591
0.018858
0.020196
0.021612
0.0231132
0.0247023
0.0263874
0.0281747
0.0300712
0.032084
0.0342212
0.036491
0.038902
0.041463
0.044185
0.047079
0.050155
0.053424
0.056901
0.060599
0.064531
0.068714
0.073163
0.077897
0.082934
0.088292
0.0939969
0.10006
0.10652
0.1134
0.12071
0.12851
0.13679
0.14562
0.15501
0.16502
0.17567
0.000369012
0.000447989
0.000532001
0.000618011
0.000704974
0.000794023
0.000882
0.000969976
0.00106102
0.00115699
0.00126901
0.00143698
0.00187102
0.00286201
0.00393999
0.004917
0.00575802
0.00650999
0.00722599
0.00793701
0.00866398
0.00941601
0.010197
0.011015
0.011874
0.012777
0.013729
0.014732
0.015793
0.016914
0.0181
0.019356
0.020687
0.022098
0.0235938
0.0251818
0.0268669
0.0286559
0.0305558
0.0325741
0.0347184
0.0369973
0.039419
0.041993
0.044731
0.047641
0.050736
0.054028
0.057529
0.061254
0.065217
0.069432
0.073919
0.078692
0.083772
0.089179
0.0949391
0.10105
0.10758
0.11453
0.12191
0.12977
0.13816
0.14707
0.000270993
0.000335008
0.000402987
0.000472009
0.000542998
0.000613004
0.000683993
0.000755012
0.000827998
0.00090301
0.000992984
0.00112599
0.00147003
0.00226098
0.00312901
0.00391999
0.00460202
0.00521198
0.00579101
0.00636601
0.00695199
0.007557
0.008187
0.00884601
0.009536
0.010263
0.011028
0.011835
0.012686
0.013588
0.014541
0.01555
0.016618
0.017752
0.018954
0.020229
0.021582
0.023019
0.0245452
0.0261654
0.0278873
0.0297171
0.0316617
0.0337291
0.0359268
0.0382634
0.040749
0.043392
0.046204
0.049194
0.052375
0.055761
0.059363
0.063195
0.067276
0.071616
0.076238
0.081157
0.086392
0.091967
0.0979
0.10422
0.11095
0.11811
0.000176996
0.000225991
0.000279009
0.000331998
0.000385016
0.000438988
0.00049299
0.000546008
0.00060001
0.000657976
0.000724018
0.000824004
0.00107899
0.00166899
0.002321
0.00292301
0.00343999
0.003903
0.004343
0.00477898
0.00522301
0.00567901
0.006156
0.00665301
0.00717399
0.00772101
0.00829899
0.00890601
0.00954801
0.010226
0.010944
0.011703
0.012509
0.013361
0.014265
0.015225
0.016244
0.017324
0.018472
0.019692
0.020987
0.022363
0.023826
0.0253816
0.0270342
0.028792
0.0306611
0.0326491
0.0347634
0.0370126
0.039406
0.041951
0.044661
0.047544
0.050612
0.053877
0.057353
0.061052
0.064992
0.069185
0.07365
0.078403
0.083465
0.088855
8.60095e-05
0.000122994
0.000158995
0.00019601
0.000232995
0.000268996
0.00030601
0.000342995
0.000380009
0.000417978
0.000463009
0.000528991
0.000696003
0.00108501
0.00152001
0.00192398
0.00227502
0.00258899
0.002886
0.00318101
0.00347999
0.00378901
0.004109
0.00444201
0.00479299
0.00516
0.00554702
0.005954
0.00638399
0.00683901
0.007319
0.00782698
0.00836602
0.00893599
0.009541
0.010183
0.010864
0.011586
0.012354
0.013168
0.014035
0.014953
0.015932
0.01697
0.018075
0.019248
0.020498
0.021825
0.023238
0.0247396
0.0263381
0.0280385
0.0298478
0.0317733
0.0338225
0.0360035
0.0383247
0.040797
0.043428
0.046229
0.049212
0.052388
0.055771
0.059373
1.01328e-06
2.30074e-05
4.39882e-05
6.49989e-05
8.40127e-05
0.000104994
0.000124007
0.000144005
0.000163972
0.000184
0.000207007
0.000239998
0.000321001
0.00050801
0.000723988
0.000928015
0.001109
0.00127098
0.001425
0.00157702
0.00173
0.00188801
0.00205198
0.002222
0.002399
0.00258601
0.002781
0.002987
0.00320402
0.00343299
0.003676
0.00393102
0.00420198
0.00448802
0.00479299
0.005115
0.005456
0.00581899
0.00620401
0.00661299
0.00704601
0.007507
0.00799701
0.008517
0.00906998
0.00965703
0.010283
0.010947
0.011653
0.012405
0.013205
0.014055
0.01496
0.015923
0.016948
0.018039
0.019201
0.020437
0.021753
0.023155
0.0246486
0.0262387
0.0279329
0.0297375
-7.99894e-05
-7.20024e-05
-6.69956e-05
-6.40154e-05
-5.90086e-05
-5.6982e-05
-5.40018e-05
-5.00083e-05
-4.79817e-05
-4.60148e-05
-4.39882e-05
-4.39882e-05
-4.8995e-05
-6.20484e-05
-6.80089e-05
-6.39558e-05
-5.60284e-05
-4.60148e-05
-3.79682e-05
-2.90275e-05
-2.19941e-05
-1.5974e-05
-9.0003e-06
-3.99351e-06
-0
5.00679e-06
9.0003e-06
1.29938e-05
1.5974e-05
2.00272e-05
2.19941e-05
2.49743e-05
2.80142e-05
2.90275e-05
3.19481e-05
3.40343e-05
3.60012e-05
3.70145e-05
3.79682e-05
3.99947e-05
3.99947e-05
4.20213e-05
4.1008e-05
4.19617e-05
4.20213e-05
4.20213e-05
4.19617e-05
3.99947e-05
4.00543e-05
3.79682e-05
3.70145e-05
3.60012e-05
3.29614e-05
3.1054e-05
2.99811e-05
2.70009e-05
2.40207e-05
2.29478e-05
2.10404e-05
1.89543e-05
1.80006e-05
1.80006e-05
1.80006e-05
2.00272e-05
-0.000156999
-0.000164032
-0.000174999
-0.00018698
-0.000200987
-0.00021404
-0.000227988
-0.000241995
-0.000257015
-0.000271976
-0.000292003
-0.000324011
-0.000414968
-0.000627995
-0.000854015
-0.00105202
-0.00121599
-0.00136101
-0.00149697
-0.00163299
-0.00177205
-0.00191796
-0.002069
-0.00222802
-0.002397
-0.00257498
-0.00276202
-0.00296098
-0.00317103
-0.00339401
-0.003631
-0.00388098
-0.00414699
-0.00442904
-0.00472796
-0.00504804
-0.00538498
-0.00574601
-0.006127
-0.00653398
-0.00696504
-0.00742596
-0.00791299
-0.008434
-0.00898701
-0.00957501
-0.010201
-0.010867
-0.011576
-0.01233
-0.013133
-0.013987
-0.014896
-0.015863
-0.016893
-0.017989
-0.019155
-0.020396
-0.021717
-0.023123
-0.02462
-0.026211
-0.027905
-0.029709
-0.000230968
-0.000252008
-0.000279009
-0.000307977
-0.000339031
-0.000369012
-0.000400007
-0.000431001
-0.000462949
-0.000497043
-0.000537992
-0.000602961
-0.000778019
-0.00119001
-0.00163603
-0.00203395
-0.00237101
-0.00266802
-0.00295001
-0.00322896
-0.00351602
-0.00381202
-0.00412101
-0.00444597
-0.00478601
-0.00514597
-0.00552601
-0.00592601
-0.00634998
-0.00679803
-0.00727302
-0.00777596
-0.00831002
-0.00887698
-0.00947803
-0.010115
-0.010794
-0.011513
-0.012278
-0.013091
-0.013955
-0.014874
-0.015851
-0.01689
-0.017994
-0.01917
-0.02042
-0.021749
-0.023165
-0.024671
-0.026272
-0.027977
-0.029792
-0.031724
-0.03378
-0.0359601
-0.0382899
-0.0407701
-0.0434099
-0.0462201
-0.0491999
-0.0523901
-0.0557699
-0.05937
-0.000299037
-0.000337005
-0.000380993
-0.000425994
-0.000474989
-0.000522017
-0.000569999
-0.000618994
-0.000667989
-0.000720024
-0.00078398
-0.000880003
-0.00114202
-0.00174999
-0.00241196
-0.00301003
-0.00351596
-0.00396603
-0.00439197
-0.00481504
-0.005247
-0.00569397
-0.00616002
-0.00664902
-0.00716299
-0.00770199
-0.00827301
-0.00887501
-0.00950998
-0.010184
-0.010896
-0.011652
-0.012452
-0.013301
-0.014202
-0.015159
-0.016174
-0.017253
-0.018398
-0.019617
-0.020911
-0.022286
-0.023749
-0.025305
-0.026959
-0.028719
-0.030591
-0.03258
-0.0347
-0.03695
-0.03935
-0.0418999
-0.04462
-0.04751
-0.05058
-0.0538599
-0.05734
-0.0610499
-0.0650001
-0.0692
-0.0736799
-0.0784401
-0.0835099
-0.0889001
-0.000363946
-0.000419021
-0.000478983
-0.000542998
-0.000608027
-0.000672996
-0.000739992
-0.00080502
-0.00087297
-0.000945032
-0.00102901
-0.00115895
-0.00150603
-0.00230998
-0.00318503
-0.003977
-0.00465095
-0.00525105
-0.00581998
-0.00638402
-0.006962
-0.007559
-0.00817996
-0.00883299
-0.00951701
-0.010237
-0.010997
-0.011798
-0.012646
-0.013542
-0.014491
-0.015497
-0.016561
-0.017692
-0.018891
-0.020163
-0.021514
-0.02295
-0.024473
-0.026094
-0.027815
-0.029644
-0.031588
-0.0336601
-0.0358599
-0.0382
-0.0406801
-0.04334
-0.04615
-0.0491401
-0.0523399
-0.0557201
-0.05934
-0.06318
-0.0672699
-0.07163
-0.0762501
-0.08119
-0.08644
-0.09203
-0.09797
-0.10431
-0.11106
-0.11823
-0.000425994
-0.00049603
-0.00057596
-0.000657022
-0.000741005
-0.000823975
-0.000908017
-0.000993013
-0.00107801
-0.00116998
-0.00127697
-0.001441
-0.001872
-0.00287002
-0.00395399
-0.00493503
-0.00577295
-0.00652003
-0.00722897
-0.00793505
-0.00865495
-0.00940001
-0.010177
-0.01099
-0.011845
-0.012743
-0.01369
-0.01469
-0.015747
-0.016865
-0.018047
-0.019301
-0.020629
-0.022037
-0.023531
-0.025117
-0.026801
-0.028588
-0.0304919
-0.0325
-0.0346501
-0.03693
-0.0393599
-0.0419301
-0.04467
-0.04758
-0.0506899
-0.05398
-0.0574901
-0.0612199
-0.0652
-0.0694101
-0.07392
-0.0786999
-0.0838
-0.08922
-0.0949899
-0.10113
-0.10768
-0.11463
-0.12205
-0.12994
-0.13834
-0.14728
-0.00048399
-0.000571966
-0.000670016
-0.000770032
-0.000871956
-0.000974
-0.00107801
-0.00118101
-0.00128502
-0.00139701
-0.00152797
-0.00172603
-0.002244
-0.00343198
-0.00472003
-0.00588197
-0.00687903
-0.00776899
-0.00861698
-0.00946099
-0.010322
-0.011214
-0.012144
-0.013116
-0.014138
-0.015214
-0.016346
-0.017542
-0.018806
-0.020142
-0.021557
-0.023055
-0.024642
-0.026327
-0.028112
-0.03001
-0.03202
-0.03415
-0.03643
-0.0388401
-0.0414
-0.0441301
-0.04702
-0.0501
-0.05337
-0.05686
-0.0605601
-0.0645
-0.0686899
-0.07315
-0.0779001
-0.08294
-0.08832
-0.09404
-0.10012
-0.1066
-0.1135
-0.12084
-0.12865
-0.13697
-0.14583
-0.15526
-0.1653
-0.17599
-0.000537038
-0.000645995
-0.000760972
-0.00088203
-0.00100297
-0.00112599
-0.00124699
-0.00137103
-0.00149602
-0.00162798
-0.00178301
-0.00201601
-0.002621
-0.00399798
-0.00547999
-0.006818
-0.007967
-0.00899601
-0.00997901
-0.010959
-0.011959
-0.012995
-0.014075
-0.015205
-0.016392
-0.017642
-0.018957
-0.020347
-0.0218149
-0.023367
-0.025009
-0.02675
-0.028593
-0.0305449
-0.0326301
-0.03482
-0.03716
-0.0396399
-0.0422699
-0.0450801
-0.04805
-0.0512099
-0.05457
-0.0581501
-0.06195
-0.0659901
-0.07029
-0.07486
-0.07973
-0.0849099
-0.09041
-0.09627
-0.10251
-0.10914
-0.11621
-0.12373
-0.13174
-0.14025
-0.14933
-0.15898
-0.16926
-0.18021
-0.19187
-0.20427
-0.000586987
-0.000716031
-0.000851989
-0.000993013
-0.00113398
-0.00127703
-0.00141895
-0.00156403
-0.00170898
-0.001863
-0.00204402
-0.00231302
-0.00300598
-0.00456697
-0.00623602
-0.00774002
-0.00903296
-0.010199
-0.011312
-0.012424
-0.013561
-0.014738
-0.015966
-0.017251
-0.018601
-0.020021
-0.021517
-0.023097
-0.024766
-0.02653
-0.028397
-0.0303751
-0.03247
-0.03469
-0.03705
-0.0395499
-0.04221
-0.04503
-0.04801
-0.0512
-0.05459
-0.05817
-0.06199
-0.0660601
-0.07037
-0.07496
-0.07985
-0.0850501
-0.09057
-0.0964499
-0.10271
-0.10936
-0.11645
-0.124
-0.13202
-0.14056
-0.14965
-0.15934
-0.16964
-0.18061
-0.1923
-0.20473
-0.21797
-0.23207
-0.000634015
-0.00078398
-0.000940979
-0.00110304
-0.00126499
-0.00142998
-0.00159401
-0.00175899
-0.00192702
-0.00210398
-0.00231004
-0.00261796
-0.00339901
-0.00514001
-0.00698698
-0.00864601
-0.010077
-0.011372
-0.012612
-0.013854
-0.015123
-0.01644
-0.017811
-0.019249
-0.020758
-0.022346
-0.024019
-0.025785
-0.027651
-0.0296249
-0.03171
-0.03392
-0.03627
-0.0387499
-0.04138
-0.0441799
-0.04715
-0.0503
-0.05364
-0.0572001
-0.06098
-0.06499
-0.06926
-0.0738
-0.07863
-0.08375
-0.08922
-0.0950201
-0.10119
-0.10777
-0.11476
-0.12219
-0.13012
-0.13854
-0.14751
-0.15706
-0.16721
-0.17804
-0.18955
-0.20181
-0.21487
-0.22876
-0.24356
-0.25932
-0.00067699
-0.000849009
-0.001028
-0.001212
-0.00139803
-0.00158399
-0.00177002
-0.00195897
-0.00215
-0.00235099
-0.00258505
-0.002931
-0.00380194
-0.00571704
-0.00773001
-0.009534
-0.011095
-0.012513
-0.013876
-0.015244
-0.016642
-0.018094
-0.019607
-0.021193
-0.022858
-0.02461
-0.026457
-0.028406
-0.03046
-0.0326401
-0.0349499
-0.0373801
-0.0399699
-0.0427101
-0.04561
-0.0487
-0.05197
-0.0554501
-0.05913
-0.06306
-0.06723
-0.0716499
-0.0763601
-0.08136
-0.0866899
-0.09234
-0.0983701
-0.10476
-0.11158
-0.11882
-0.12653
-0.13473
-0.14347
-0.15275
-0.16265
-0.17317
-0.18438
-0.19631
-0.20901
-0.22252
-0.23693
-0.25225
-0.26856
-0.28595
-0.000716031
-0.000910997
-0.00111496
-0.00132102
-0.00152999
-0.00173998
-0.00195003
-0.00216299
-0.00237703
-0.00260496
-0.002868
-0.00325501
-0.004215
-0.00629801
-0.00846398
-0.010401
-0.012085
-0.013619
-0.015101
-0.016589
-0.018115
-0.019697
-0.021348
-0.023078
-0.024896
-0.026812
-0.02882
-0.03095
-0.0332
-0.03557
-0.03809
-0.04075
-0.04357
-0.0465499
-0.0497301
-0.0531
-0.0566599
-0.0604601
-0.06449
-0.06876
-0.0733099
-0.07813
-0.0832801
-0.08873
-0.09453
-0.10071
-0.10728
-0.11425
-0.12169
-0.12959
-0.13799
-0.14695
-0.15647
-0.1666
-0.1774
-0.18887
-0.2011
-0.2141
-0.22796
-0.24271
-0.25841
-0.27513
-0.29293
-0.31189
-0.000750005
-0.000971019
-0.00119895
-0.00143003
-0.00166297
-0.00189805
-0.00213397
-0.00237101
-0.00261098
-0.00286603
-0.00316
-0.00358796
-0.00464004
-0.00687999
-0.009188
-0.011246
-0.013042
-0.014688
-0.016283
-0.017888
-0.019535
-0.021245
-0.02303
-0.024901
-0.026868
-0.0289299
-0.0311201
-0.03341
-0.03585
-0.0384099
-0.0411301
-0.0440099
-0.04706
-0.0503
-0.05372
-0.0573601
-0.0612199
-0.06532
-0.0696701
-0.0742999
-0.07921
-0.08443
-0.08998
-0.0958799
-0.10216
-0.10883
-0.11592
-0.12347
-0.1315
-0.14005
-0.14913
-0.1588
-0.1691
-0.18005
-0.19171
-0.20412
-0.21733
-0.23139
-0.24637
-0.26231
-0.27928
-0.29734
-0.31659
-0.33708
-0.000779986
-0.001028
-0.00128198
-0.00153804
-0.00179696
-0.00205803
-0.00231999
-0.00258303
-0.00285298
-0.00313401
-0.003461
-0.00393301
-0.00507295
-0.007465
-0.00989801
-0.012065
-0.013965
-0.015715
-0.017419
-0.019137
-0.020901
-0.022735
-0.024649
-0.026661
-0.02876
-0.03098
-0.03333
-0.0357901
-0.0383999
-0.0411501
-0.0440799
-0.04716
-0.0504301
-0.0539
-0.05758
-0.0614799
-0.0656301
-0.07002
-0.07469
-0.07965
-0.0849199
-0.09051
-0.0964801
-0.1028
-0.10953
-0.11668
-0.12429
-0.13239
-0.141
-0.15016
-0.15991
-0.17027
-0.18132
-0.19306
-0.20557
-0.21887
-0.23305
-0.24812
-0.26418
-0.28127
-0.29948
-0.31885
-0.33949
-0.36146
-0.000805974
-0.001082
-0.00136203
-0.00164598
-0.00193197
-0.00222003
-0.002509
-0.00279999
-0.00309902
-0.003411
-0.00377196
-0.00428802
-0.00551802
-0.00804597
-0.010592
-0.0128559
-0.014851
-0.0167
-0.0185061
-0.020332
-0.022209
-0.024162
-0.026204
-0.02834
-0.0305799
-0.0329601
-0.03544
-0.03808
-0.04085
-0.0438
-0.0469
-0.05019
-0.0536801
-0.05738
-0.06129
-0.06545
-0.06987
-0.07455
-0.07952
-0.08481
-0.09042
-0.09638
-0.10273
-0.10947
-0.11664
-0.12425
-0.13236
-0.14099
-0.15015
-0.15992
-0.17029
-0.18134
-0.1931
-0.20561
-0.21893
-0.2331
-0.24819
-0.26426
-0.28135
-0.29957
-0.31895
-0.33959
-0.36158
-0.38497
-0.000827968
-0.00113302
-0.00143999
-0.00175303
-0.00206596
-0.00238299
-0.00270104
-0.00302297
-0.00335002
-0.00369596
-0.00409102
-0.00465399
-0.00597
-0.00862503
-0.011267
-0.013615
-0.015697
-0.017639
-0.019542
-0.021471
-0.0234569
-0.0255201
-0.0276899
-0.02995
-0.03232
-0.03484
-0.03747
-0.04027
-0.0432
-0.0463201
-0.0496199
-0.0531
-0.05679
-0.0607101
-0.06485
-0.06926
-0.07394
-0.07889
-0.08417
-0.0897501
-0.0957
-0.10202
-0.10874
-0.11587
-0.12346
-0.13152
-0.14012
-0.14923
-0.15895
-0.16928
-0.18027
-0.19197
-0.20442
-0.21766
-0.23176
-0.24677
-0.26274
-0.27975
-0.29786
-0.31713
-0.33766
-0.35952
-0.38278
-0.40757
-0.000844002
-0.00117999
-0.001517
-0.00185698
-0.00220102
-0.00254703
-0.00289595
-0.00324804
-0.00360698
-0.00398701
-0.00441903
-0.00502896
-0.00643003
-0.00919598
-0.011919
-0.014341
-0.016501
-0.018529
-0.020525
-0.022554
-0.02464
-0.0268199
-0.02909
-0.03148
-0.03398
-0.03663
-0.03941
-0.0423501
-0.04545
-0.04873
-0.0522
-0.0558701
-0.05976
-0.06389
-0.06826
-0.0729001
-0.0778199
-0.08305
-0.0886
-0.0944899
-0.10075
-0.1074
-0.11447
-0.122
-0.12998
-0.13848
-0.14752
-0.15713
-0.16736
-0.17824
-0.18981
-0.20213
-0.21524
-0.22919
-0.24403
-0.25984
-0.27667
-0.29457
-0.31364
-0.33394
-0.35556
-0.37857
-0.40308
-0.42917
-0.000855982
-0.00122201
-0.00159001
-0.00196099
-0.002334
-0.00271201
-0.00309098
-0.00347602
-0.00387001
-0.00428295
-0.00475401
-0.005413
-0.00689405
-0.00975597
-0.012546
-0.015031
-0.017261
-0.019368
-0.021457
-0.0235699
-0.0257601
-0.0280399
-0.0304201
-0.03293
-0.03555
-0.03833
-0.04124
-0.04433
-0.04758
-0.05101
-0.0546601
-0.0585099
-0.06259
-0.06691
-0.0714999
-0.07636
-0.0815201
-0.08699
-0.0928199
-0.09899
-0.10555
-0.11253
-0.11994
-0.12781
-0.1362
-0.1451
-0.15457
-0.16464
-0.17537
-0.18676
-0.1989
-0.2118
-0.22555
-0.24016
-0.25572
-0.27228
-0.28992
-0.30868
-0.32867
-0.34995
-0.37259
-0.39672
-0.42239
-0.44975
-0.000862002
-0.00125998
-0.00165999
-0.00206101
-0.00246704
-0.00287497
-0.00328803
-0.00370598
-0.004134
-0.00458401
-0.00509596
-0.00580204
-0.00735998
-0.010302
-0.013144
-0.01568
-0.017976
-0.0201579
-0.02232
-0.0245301
-0.0268099
-0.0291901
-0.03168
-0.03429
-0.03703
-0.03993
-0.0429801
-0.04619
-0.04959
-0.05317
-0.05698
-0.061
-0.0652601
-0.06977
-0.0745599
-0.07963
-0.0850201
-0.0907398
-0.0968001
-0.10325
-0.1101
-0.11738
-0.12511
-0.13334
-0.14207
-0.15137
-0.16125
-0.17176
-0.18295
-0.19484
-0.2075
-0.22097
-0.2353
-0.25055
-0.26679
-0.28408
-0.30247
-0.32205
-0.3429
-0.3651
-0.38874
-0.41391
-0.4407
-0.46923
-0.000862002
-0.00129402
-0.00172496
-0.002159
-0.00259602
-0.00303799
-0.003483
-0.00393599
-0.00440001
-0.004888
-0.00544101
-0.006194
-0.007824
-0.010829
-0.01371
-0.016291
-0.0186459
-0.02089
-0.0231301
-0.02542
-0.0278001
-0.03026
-0.03285
-0.0355699
-0.0384201
-0.04143
-0.0446
-0.04794
-0.0514799
-0.05521
-0.05916
-0.0633401
-0.06776
-0.0724699
-0.07743
-0.08271
-0.08831
-0.09426
-0.10056
-0.10726
-0.11438
-0.12195
-0.12998
-0.13853
-0.14761
-0.15726
-0.16754
-0.17847
-0.19008
-0.20245
-0.21561
-0.2296
-0.24449
-0.26034
-0.27722
-0.29518
-0.31429
-0.33465
-0.35631
-0.37938
-0.40394
-0.4301
-0.45794
-0.487599
-0.000856996
-0.00132298
-0.00178599
-0.00225204
-0.00272298
-0.003196
-0.00367701
-0.00416499
-0.00466597
-0.00519204
-0.00578499
-0.00658798
-0.00828099
-0.011333
-0.014243
-0.016858
-0.01926
-0.02157
-0.02389
-0.02625
-0.0287
-0.03126
-0.03394
-0.0367601
-0.0397099
-0.04283
-0.04611
-0.04958
-0.0532401
-0.0570999
-0.0612
-0.06552
-0.07012
-0.07497
-0.08013
-0.08559
-0.09139
-0.0975399
-0.10408
-0.11101
-0.11838
-0.12622
-0.13454
-0.14338
-0.15279
-0.16279
-0.17343
-0.18473
-0.19677
-0.20957
-0.22318
-0.23768
-0.2531
-0.26951
-0.28697
-0.30557
-0.32536
-0.34643
-0.36886
-0.39274
-0.41818
-0.44525
-0.47408
-0.50478
-0.000846982
-0.00134599
-0.00184202
-0.00234097
-0.00284404
-0.00335199
-0.00386703
-0.00439
-0.00492799
-0.00549299
-0.00612903
-0.00697696
-0.00872701
-0.011812
-0.014741
-0.01738
-0.01982
-0.0222
-0.02458
-0.0270101
-0.0295399
-0.0321901
-0.0349499
-0.03785
-0.04091
-0.0441201
-0.0475099
-0.05109
-0.05487
-0.0588601
-0.06308
-0.06756
-0.0722901
-0.0773
-0.08262
-0.0882701
-0.09424
-0.1006
-0.10733
-0.1145
-0.1221
-0.13019
-0.13877
-0.1479
-0.1576
-0.16792
-0.17889
-0.19056
-0.20297
-0.21618
-0.23023
-0.24518
-0.26109
-0.27802
-0.29604
-0.31523
-0.33564
-0.35738
-0.38052
-0.40516
-0.4314
-0.45933
-0.48907
-0.52075
-0.000829995
-0.00136399
-0.00189298
-0.002424
-0.00296003
-0.003501
-0.00405097
-0.00460905
-0.00518501
-0.00578898
-0.00646502
-0.00735998
-0.00915599
-0.012262
-0.01519
-0.0178599
-0.02035
-0.02276
-0.02521
-0.02771
-0.03031
-0.03303
-0.03587
-0.0388499
-0.0420001
-0.04531
-0.0488
-0.05248
-0.05637
-0.06047
-0.0648199
-0.0694201
-0.0742899
-0.07945
-0.08492
-0.0907201
-0.09688
-0.1034
-0.11034
-0.11771
-0.12552
-0.13384
-0.14267
-0.15205
-0.16203
-0.17265
-0.18392
-0.19593
-0.20869
-0.22227
-0.23672
-0.2521
-0.26845
-0.28586
-0.30439
-0.32412
-0.34512
-0.36746
-0.39127
-0.4166
-0.44358
-0.472301
-0.50289
-0.53545
-0.000809014
-0.00137496
-0.00193703
-0.00250095
-0.00307006
-0.00364399
-0.00422597
-0.00482202
-0.00543201
-0.00607497
-0.00679201
-0.00773197
-0.00955999
-0.0126801
-0.0156
-0.0183001
-0.02081
-0.02328
-0.02578
-0.02834
-0.031
-0.03379
-0.03671
-0.03977
-0.04299
-0.0463899
-0.04996
-0.05375
-0.05773
-0.0619401
-0.0663999
-0.07112
-0.07611
-0.0814
-0.0870099
-0.0929601
-0.0992799
-0.10596
-0.11308
-0.12063
-0.12865
-0.13716
-0.14622
-0.15585
-0.16607
-0.17695
-0.18852
-0.20082
-0.21391
-0.22783
-0.24264
-0.25839
-0.27517
-0.29302
-0.31201
-0.33223
-0.35376
-0.37667
-0.40106
-0.42704
-0.45468
-0.484139
-0.515491
-0.54887
-0.000783026
-0.00138098
-0.001975
-0.00257099
-0.00317103
-0.00377697
-0.00439399
-0.00502205
-0.00566798
-0.00634801
-0.00709999
-0.00808001
-0.00995004
-0.01305
-0.01599
-0.01867
-0.02123
-0.0237501
-0.0262799
-0.0289
-0.03163
-0.03447
-0.03745
-0.04059
-0.04389
-0.04735
-0.0510199
-0.05488
-0.0589501
-0.06327
-0.06782
-0.0726401
-0.07775
-0.08316
-0.0888999
-0.09498
-0.10143
-0.10827
-0.11555
-0.12326
-0.13146
-0.14017
-0.14942
-0.15926
-0.16971
-0.18084
-0.19265
-0.20524
-0.2186
-0.23284
-0.24797
-0.26408
-0.28122
-0.29946
-0.31888
-0.33954
-0.36155
-0.38496
-0.40989
-0.43645
-0.4647
-0.4948
-0.52685
-0.56097
-0.000750959
-0.00138199
-0.00200599
-0.00263405
-0.00326395
-0.003901
-0.00454801
-0.00520903
-0.00589299
-0.00660002
-0.00739002
-0.00840998
-0.0102999
-0.0133901
-0.01632
-0.0190099
-0.0216
-0.02415
-0.0267301
-0.0294
-0.0321699
-0.0350801
-0.0381099
-0.0413101
-0.04468
-0.04821
-0.05194
-0.05589
-0.06004
-0.06443
-0.06908
-0.074
-0.07921
-0.08472
-0.0905701
-0.0967698
-0.10334
-0.11032
-0.11774
-0.1256
-0.13395
-0.14283
-0.15227
-0.16229
-0.17295
-0.18428
-0.19633
-0.20915
-0.22278
-0.23728
-0.25271
-0.26912
-0.2866
-0.30519
-0.32497
-0.34604
-0.36846
-0.39233
-0.41774
-0.44479
-0.4736
-0.50427
-0.53693
-0.57171
-0.000715971
-0.00137597
-0.00203204
-0.00268799
-0.00334698
-0.00401402
-0.00468898
-0.00537801
-0.00609004
-0.00683999
-0.00766003
-0.00870991
-0.01061
-0.0136901
-0.0165999
-0.01932
-0.0219101
-0.0245
-0.02711
-0.02983
-0.03265
-0.0355999
-0.0386801
-0.04194
-0.04536
-0.0489601
-0.05275
-0.05676
-0.06098
-0.0654601
-0.0701699
-0.0751801
-0.08047
-0.08609
-0.09202
-0.09833
-0.10501
-0.11211
-0.11964
-0.12763
-0.13613
-0.14515
-0.15475
-0.16493
-0.17577
-0.18728
-0.19954
-0.21256
-0.22641
-0.24116
-0.25684
-0.27352
-0.29128
-0.31018
-0.33029
-0.3517
-0.37448
-0.39875
-0.42457
-0.45208
-0.48135
-0.51252
-0.54572
-0.58107
-0.000676036
-0.00136697
-0.002051
-0.00273502
-0.00342
-0.00411302
-0.00481194
-0.00553
-0.00627005
-0.00705004
-0.0079
-0.0089699
-0.01089
-0.01394
-0.0168501
-0.01956
-0.02218
-0.02479
-0.02745
-0.03019
-0.03304
-0.0360399
-0.03918
-0.04247
-0.04594
-0.04958
-0.05344
-0.0575
-0.06179
-0.0663199
-0.0711
-0.0761801
-0.08155
-0.0872399
-0.09326
-0.0996501
-0.10643
-0.11362
-0.12126
-0.12937
-0.13798
-0.14713
-0.15684
-0.16718
-0.17817
-0.18983
-0.20226
-0.21546
-0.22951
-0.24445
-0.26035
-0.27726
-0.29527
-0.31441
-0.33481
-0.35651
-0.37961
-0.40421
-0.43038
-0.45826
-0.48795
-0.51954
-0.5532
-0.58901
-0.000634015
-0.00135398
-0.002065
-0.002774
-0.00348002
-0.00419998
-0.00492001
-0.00566006
-0.00642991
-0.00722003
-0.00810003
-0.00918996
-0.01113
-0.01415
-0.01705
-0.01976
-0.0224
-0.02503
-0.02771
-0.03049
-0.0333699
-0.0364001
-0.03958
-0.0429
-0.04642
-0.0501001
-0.0539999
-0.05811
-0.06244
-0.06703
-0.0718801
-0.0769999
-0.08243
-0.0881799
-0.09428
-0.10074
-0.10759
-0.11487
-0.12259
-0.13079
-0.1395
-0.14874
-0.15858
-0.16903
-0.18013
-0.19193
-0.2045
-0.21784
-0.23205
-0.24716
-0.26323
-0.28033
-0.29854
-0.3179
-0.33852
-0.36046
-0.38382
-0.40869
-0.43516
-0.46334
-0.493361
-0.52531
-0.55933
-0.595611
-0.00059098
-0.00134003
-0.00207698
-0.00280398
-0.00354004
-0.00425994
-0.00501001
-0.00576997
-0.00654006
-0.00737
-0.00826001
-0.00937998
-0.0113
-0.01432
-0.0172
-0.01993
-0.02257
-0.02521
-0.02792
-0.03072
-0.03363
-0.03668
-0.03988
-0.04325
-0.04678
-0.0505099
-0.05444
-0.05858
-0.06296
-0.06758
-0.0724699
-0.0776401
-0.08312
-0.0889199
-0.0950701
-0.10159
-0.1085
-0.11584
-0.12363
-0.1319
-0.14068
-0.15001
-0.15993
-0.17046
-0.18167
-0.19357
-0.20624
-0.21971
-0.23403
-0.24926
-0.26548
-0.28274
-0.30108
-0.32063
-0.34141
-0.36355
-0.3871
-0.41219
-0.43888
-0.46731
-0.49758
-0.5298
-0.564119
-0.6007
-0.000551045
-0.00132698
-0.00208998
-0.00283003
-0.00356996
-0.00432003
-0.00506997
-0.00584006
-0.00663996
-0.00747001
-0.00838995
-0.00950003
-0.01144
-0.0144399
-0.01731
-0.02004
-0.0226899
-0.0253501
-0.02806
-0.03088
-0.03382
-0.03688
-0.0401
-0.0434901
-0.04705
-0.0508
-0.05475
-0.05892
-0.06332
-0.0679799
-0.0729001
-0.0781
-0.0836099
-0.0894501
-0.0956399
-0.10219
-0.10916
-0.11653
-0.12438
-0.13269
-0.14153
-0.15092
-0.16089
-0.1715
-0.18276
-0.19475
-0.20749
-0.22103
-0.23545
-0.25078
-0.26709
-0.28445
-0.30292
-0.32256
-0.34349
-0.36576
-0.38945
-0.41469
-0.44155
-0.47015
-0.5006
-0.53302
-0.56755
-0.60426
-0.000518024
-0.001324
-0.00208998
-0.00284004
-0.0036
-0.00434995
-0.00512004
-0.00589001
-0.00669003
-0.00753999
-0.00844991
-0.00959003
-0.01152
-0.01451
-0.01738
-0.0201
-0.0227599
-0.0254301
-0.02816
-0.03098
-0.0339199
-0.0370001
-0.04024
-0.04363
-0.04721
-0.05097
-0.05494
-0.0591301
-0.06354
-0.06822
-0.0731499
-0.07838
-0.08391
-0.08977
-0.0959802
-0.10256
-0.10954
-0.11696
-0.12482
-0.13317
-0.14204
-0.15146
-0.16148
-0.17211
-0.18343
-0.19545
-0.20824
-0.22184
-0.2363
-0.25169
-0.26806
-0.28548
-0.30401
-0.32374
-0.34473
-0.36708
-0.39087
-0.41619
-0.44315
-0.47185
-0.50241
-0.53496
-0.5696
-0.60655
-0.000509977
-0.00130999
-0.00209999
-0.00285006
-0.00361001
-0.00435996
-0.00513005
-0.00589991
-0.00672007
-0.00755
-0.00847995
-0.00962007
-0.0115499
-0.0145301
-0.0173999
-0.02013
-0.0227801
-0.0254599
-0.02819
-0.03101
-0.03396
-0.03704
-0.04028
-0.0436901
-0.0472599
-0.05103
-0.0549999
-0.0592
-0.06362
-0.06829
-0.07324
-0.07847
-0.08401
-0.0898801
-0.0960898
-0.10268
-0.10968
-0.1171
-0.12497
-0.13333
-0.14221
-0.15165
-0.16167
-0.17232
-0.18365
-0.19569
-0.20848
-0.22211
-0.23659
-0.25199
-0.26838
-0.28582
-0.30438
-0.32413
-0.34515
-0.36752
-0.39134
-0.41668
-0.44369
-0.47241
-0.50302
-0.5356
-0.57028
-0.60723
